Typ,Instanzindex,Anzahl_Items,Bin_Kapazitaet,LB,HC,Bins_beyond_LB,Hit_LB,Iteration,elapsed_time
uniform,0,250,150,100,101,1,0,1,0.03577897499781102
uniform,0,250,150,100,100,0,1,2,0.06924306802102365
uniform,1,500,150,207,209,2,0,1,0.10700013302266598
uniform,1,500,150,207,209,2,0,2,0.15735693200258538
uniform,1,500,150,207,209,2,0,3,0.20478215502225794
uniform,1,500,150,207,209,2,0,4,0.2514456369972322
uniform,1,500,150,207,209,2,0,5,0.3039091399987228
uniform,1,500,150,207,209,2,0,6,0.3515730260114651
uniform,1,500,150,207,209,2,0,7,0.39676129500730895
uniform,1,500,150,207,209,2,0,8,0.4495488080137875
uniform,1,500,150,207,209,2,0,9,0.49326161699718796
uniform,1,500,150,207,209,2,0,10,0.5699172760068905
uniform,1,500,150,207,209,2,0,11,0.6237844559946097
uniform,1,500,150,207,209,2,0,12,0.6765607810229994
uniform,1,500,150,207,209,2,0,13,0.7193666020175442
uniform,1,500,150,207,209,2,0,14,0.7630340990144759
uniform,1,500,150,207,209,2,0,15,0.8169163000129629
uniform,1,500,150,207,208,1,0,16,0.8628483950160444
uniform,1,500,150,207,208,1,0,17,0.905093769019004
uniform,1,500,150,207,208,1,0,18,0.9528019270219374
uniform,1,500,150,207,208,1,0,19,0.9967167880095076
uniform,1,500,150,207,208,1,0,20,1.0406367550021969
uniform,1,500,150,207,208,1,0,21,1.088179222017061
uniform,1,500,150,207,208,1,0,22,1.1313700580212753
uniform,1,500,150,207,208,1,0,23,1.1747571029991377
uniform,1,500,150,207,208,1,0,24,1.222463748010341
uniform,1,500,150,207,208,1,0,25,1.266700888023479
uniform,1,500,150,207,208,1,0,26,1.3211378910054918
uniform,1,500,150,207,208,1,0,27,1.3683389170037117
uniform,1,500,150,207,208,1,0,28,1.4203223290096503
uniform,1,500,150,207,208,1,0,29,1.466227021010127
uniform,1,500,150,207,208,1,0,30,1.5254756020149216
uniform,1,500,150,207,208,1,0,31,1.6048150080023333
uniform,1,500,150,207,208,1,0,32,1.6515505170100369
uniform,1,500,150,207,208,1,0,33,1.6949950630078092
uniform,1,500,150,207,208,1,0,34,1.7469345919962507
uniform,1,500,150,207,208,1,0,35,1.796117262012558
uniform,1,500,150,207,208,1,0,36,1.8399081460083835
uniform,1,500,150,207,208,1,0,37,1.8832387849979568
uniform,1,500,150,207,208,1,0,38,1.9270007430168334
uniform,1,500,150,207,208,1,0,39,1.970507930003805
uniform,1,500,150,207,208,1,0,40,2.025182653014781
uniform,1,500,150,207,208,1,0,41,2.0727149400045164
uniform,1,500,150,207,208,1,0,42,2.1200396500062197
uniform,1,500,150,207,208,1,0,43,2.167607092007529
uniform,1,500,150,207,208,1,0,44,2.21078747001593
uniform,1,500,150,207,208,1,0,45,2.266347263008356
uniform,1,500,150,207,208,1,0,46,2.310143926006276
uniform,1,500,150,207,208,1,0,47,2.35308160999557
uniform,1,500,150,207,208,1,0,48,2.396397678006906
uniform,1,500,150,207,208,1,0,49,2.4408725230023265
uniform,1,500,150,207,208,1,0,50,2.4885992490162607
uniform,1,500,150,207,208,1,0,51,2.536344029009342
uniform,1,500,150,207,208,1,0,52,2.5796759270015173
uniform,1,500,150,207,208,1,0,53,2.6278848820074927
uniform,1,500,150,207,208,1,0,54,2.6711199410201516
uniform,1,500,150,207,208,1,0,55,2.718454746005591
uniform,1,500,150,207,208,1,0,56,2.768822052021278
uniform,1,500,150,207,208,1,0,57,2.813464836013736
uniform,1,500,150,207,208,1,0,58,2.856772778002778
uniform,1,500,150,207,208,1,0,59,2.904466941021383
uniform,1,500,150,207,208,1,0,60,2.947498080000514
uniform,1,500,150,207,208,1,0,61,2.9982772920047864
uniform,1,500,150,207,208,1,0,62,3.058976040018024
uniform,1,500,150,207,208,1,0,63,3.128450779011473
uniform,1,500,150,207,208,1,0,64,3.17849868000485
uniform,1,500,150,207,208,1,0,65,3.2220082510029897
uniform,1,500,150,207,208,1,0,66,3.264703949011164
uniform,1,500,150,207,208,1,0,67,3.3077669580234215
uniform,1,500,150,207,208,1,0,68,3.3550498849945143
uniform,1,500,150,207,208,1,0,69,3.3987196820089594
uniform,1,500,150,207,208,1,0,70,3.446205779007869
uniform,1,500,150,207,208,1,0,71,3.492474744009087
uniform,1,500,150,207,208,1,0,72,3.5361481190193444
uniform,1,500,150,207,208,1,0,73,3.586656268016668
uniform,1,500,150,207,208,1,0,74,3.629971451999154
uniform,1,500,150,207,208,1,0,75,3.6734920750022866
uniform,1,500,150,207,208,1,0,76,3.717208144022152
uniform,1,500,150,207,208,1,0,77,3.7799670870008413
uniform,1,500,150,207,208,1,0,78,3.836528915009694
uniform,1,500,150,207,208,1,0,79,3.8823520230071153
uniform,1,500,150,207,208,1,0,80,3.9254411840229295
uniform,1,500,150,207,208,1,0,81,3.969650901010027
uniform,1,500,150,207,208,1,0,82,4.013516630016966
uniform,1,500,150,207,208,1,0,83,4.060359750001226
uniform,1,500,150,207,208,1,0,84,4.106472621002467
uniform,1,500,150,207,208,1,0,85,4.14957790801418
uniform,1,500,150,207,208,1,0,86,4.202295975002926
uniform,1,500,150,207,208,1,0,87,4.254882394016022
uniform,1,500,150,207,208,1,0,88,4.306075005995808
uniform,1,500,150,207,208,1,0,89,4.352508620009758
uniform,1,500,150,207,208,1,0,90,4.395535870018648
uniform,1,500,150,207,208,1,0,91,4.43873176802299
uniform,1,500,150,207,208,1,0,92,4.484666795004159
uniform,1,500,150,207,208,1,0,93,4.530890191002982
uniform,1,500,150,207,208,1,0,94,4.574222814000677
uniform,1,500,150,207,208,1,0,95,4.627600851003081
uniform,1,500,150,207,208,1,0,96,4.6867343519988935
uniform,1,500,150,207,208,1,0,97,4.731835367012536
uniform,1,500,150,207,208,1,0,98,4.796620709006675
uniform,1,500,150,207,208,1,0,99,4.858733839006163
uniform,1,500,150,207,208,1,0,100,4.9229232920042705
uniform,1,500,150,207,208,1,0,101,4.9692187730106525
uniform,1,500,150,207,208,1,0,102,5.012473278999096
uniform,1,500,150,207,208,1,0,103,5.062435369007289
uniform,1,500,150,207,208,1,0,104,5.114569216006203
uniform,1,500,150,207,208,1,0,105,5.158989653020399
uniform,1,500,150,207,208,1,0,106,5.210378691001097
uniform,1,500,150,207,208,1,0,107,5.253203892003512
uniform,1,500,150,207,208,1,0,108,5.306127782998374
uniform,1,500,150,207,208,1,0,109,5.352951937995385
uniform,1,500,150,207,208,1,0,110,5.399367453006562
uniform,1,500,150,207,208,1,0,111,5.452252760005649
uniform,1,500,150,207,208,1,0,112,5.50865218200488
uniform,1,500,150,207,208,1,0,113,5.555710951011861
uniform,1,500,150,207,208,1,0,114,5.6071974280057475
uniform,1,500,150,207,208,1,0,115,5.665533752006013
uniform,1,500,150,207,208,1,0,116,5.712785776995588
uniform,1,500,150,207,208,1,0,117,5.75594549102243
uniform,1,500,150,207,208,1,0,118,5.805284575006226
uniform,1,500,150,207,208,1,0,119,5.8478532080189325
uniform,1,500,150,207,208,1,0,120,5.893989336997038
uniform,1,500,150,207,208,1,0,121,5.933589399995981
uniform,1,500,150,207,208,1,0,122,5.983730136998929
uniform,1,500,150,207,208,1,0,123,6.027844822005136
uniform,1,500,150,207,208,1,0,124,6.070888418005779
uniform,1,500,150,207,208,1,0,125,6.125102897000033
uniform,1,500,150,207,208,1,0,126,6.168144673021743
uniform,1,500,150,207,208,1,0,127,6.210896758013405
uniform,1,500,150,207,208,1,0,128,6.261260555009358
uniform,1,500,150,207,208,1,0,129,6.309126487001777
uniform,1,500,150,207,208,1,0,130,6.3540886790142395
uniform,1,500,150,207,208,1,0,131,6.397037887014449
uniform,1,500,150,207,208,1,0,132,6.439794702018844
uniform,1,500,150,207,208,1,0,133,6.4834562450123485
uniform,1,500,150,207,208,1,0,134,6.527341692009941
uniform,1,500,150,207,208,1,0,135,6.573972782003693
uniform,1,500,150,207,208,1,0,136,6.620908270997461
uniform,1,500,150,207,208,1,0,137,6.672333028021967
uniform,1,500,150,207,208,1,0,138,6.720145311002852
uniform,1,500,150,207,208,1,0,139,6.7657991720188875
uniform,1,500,150,207,208,1,0,140,6.81434002702008
uniform,1,500,150,207,208,1,0,141,6.861008887004573
uniform,1,500,150,207,208,1,0,142,6.903962331009097
uniform,1,500,150,207,208,1,0,143,6.947163389006164
uniform,1,500,150,207,208,1,0,144,6.990448305994505
uniform,1,500,150,207,208,1,0,145,7.046691156021552
uniform,1,500,150,207,208,1,0,146,7.110619618004421
uniform,1,500,150,207,208,1,0,147,7.163122276018839
uniform,1,500,150,207,208,1,0,148,7.2105605700053275
uniform,1,500,150,207,208,1,0,149,7.253680991008878
uniform,1,500,150,207,208,1,0,150,7.296791681001196
uniform,1,500,150,207,208,1,0,151,7.343192325002747
uniform,1,500,150,207,208,1,0,152,7.387403833999997
uniform,1,500,150,207,208,1,0,153,7.439580770995235
uniform,1,500,150,207,208,1,0,154,7.486330479994649
uniform,1,500,150,207,208,1,0,155,7.543074101005914
uniform,1,500,150,207,208,1,0,156,7.589732332009589
uniform,1,500,150,207,208,1,0,157,7.636164527008077
uniform,1,500,150,207,208,1,0,158,7.686861409019912
uniform,1,500,150,207,208,1,0,159,7.733245266019367
uniform,1,500,150,207,208,1,0,160,7.781217426003423
uniform,1,500,150,207,208,1,0,161,7.832148727000458
uniform,1,500,150,207,208,1,0,162,7.877329225011636
uniform,1,500,150,207,208,1,0,163,7.920583141007228
uniform,1,500,150,207,208,1,0,164,7.963767708017258
uniform,1,500,150,207,208,1,0,165,8.032887580018723
uniform,1,500,150,207,208,1,0,166,8.115194651007187
uniform,1,500,150,207,208,1,0,167,8.16059250201215
uniform,1,500,150,207,208,1,0,168,8.205127949011512
uniform,1,500,150,207,208,1,0,169,8.252706750005018
uniform,1,500,150,207,208,1,0,170,8.304335463995812
uniform,1,500,150,207,208,1,0,171,8.348879446013598
uniform,1,500,150,207,208,1,0,172,8.393592578009702
uniform,1,500,150,207,208,1,0,173,8.439125656004762
uniform,1,500,150,207,208,1,0,174,8.493309651996242
uniform,1,500,150,207,208,1,0,175,8.555583392007975
uniform,1,500,150,207,208,1,0,176,8.607370370009448
uniform,1,500,150,207,208,1,0,177,8.655775068997173
uniform,1,500,150,207,208,1,0,178,8.700474308017874
uniform,1,500,150,207,208,1,0,179,8.751194204000058
uniform,1,500,150,207,208,1,0,180,8.797097767004743
uniform,1,500,150,207,208,1,0,181,8.841066788008902
uniform,1,500,150,207,208,1,0,182,8.885393844015198
uniform,1,500,150,207,208,1,0,183,8.936040764005156
uniform,1,500,150,207,208,1,0,184,8.981359316007001
uniform,1,500,150,207,208,1,0,185,9.027116581011796
uniform,1,500,150,207,208,1,0,186,9.086402165004984
uniform,1,500,150,207,208,1,0,187,9.135161520011025
uniform,1,500,150,207,208,1,0,188,9.179644974996336
uniform,1,500,150,207,208,1,0,189,9.223897251009475
uniform,1,500,150,207,208,1,0,190,9.28172923301463
uniform,1,500,150,207,208,1,0,191,9.329391709004994
uniform,1,500,150,207,208,1,0,192,9.373477682005614
uniform,1,500,150,207,208,1,0,193,9.4293363650213
uniform,1,500,150,207,208,1,0,194,9.47588598402217
uniform,1,500,150,207,208,1,0,195,9.521015389007516
uniform,1,500,150,207,208,1,0,196,9.564954489003867
uniform,1,500,150,207,208,1,0,197,9.613277666008798
uniform,1,500,150,207,208,1,0,198,9.659088859014446
uniform,1,500,150,207,208,1,0,199,9.710154177999357
uniform,1,500,150,207,208,1,0,200,9.759361789008835
uniform,1,500,150,207,208,1,0,201,9.810982090013567
uniform,1,500,150,207,208,1,0,202,9.858621688996209
uniform,1,500,150,207,208,1,0,203,9.902991388022201
uniform,1,500,150,207,208,1,0,204,9.949855798011413
uniform,1,500,150,207,208,1,0,205,9.998907321016304
uniform,1,500,150,207,208,1,0,206,10.042325781018008
uniform,1,500,150,207,208,1,0,207,10.089229164004792
uniform,1,500,150,207,208,1,0,208,10.140947978012264
uniform,1,500,150,207,208,1,0,209,10.192616254003951
uniform,1,500,150,207,208,1,0,210,10.245151000010082
uniform,1,500,150,207,208,1,0,211,10.289465430018026
uniform,1,500,150,207,208,1,0,212,10.332817019021604
uniform,1,500,150,207,208,1,0,213,10.384507170994766
uniform,1,500,150,207,208,1,0,214,10.4283257079951
uniform,1,500,150,207,208,1,0,215,10.471749789023306
uniform,1,500,150,207,208,1,0,216,10.515118089009775
uniform,1,500,150,207,208,1,0,217,10.558291145018302
uniform,1,500,150,207,208,1,0,218,10.602028813998913
uniform,1,500,150,207,208,1,0,219,10.645412286015926
uniform,1,500,150,207,208,1,0,220,10.695731247018557
uniform,1,500,150,207,208,1,0,221,10.74103866200312
uniform,1,500,150,207,208,1,0,222,10.788098688004538
uniform,1,500,150,207,208,1,0,223,10.833907947002444
uniform,1,500,150,207,208,1,0,224,10.882033789006528
uniform,1,500,150,207,208,1,0,225,10.930647198023507
uniform,1,500,150,207,208,1,0,226,10.977779166016262
uniform,1,500,150,207,208,1,0,227,11.029142355022486
uniform,1,500,150,207,208,1,0,228,11.081099496019306
uniform,1,500,150,207,208,1,0,229,11.133100717008347
uniform,1,500,150,207,208,1,0,230,11.176871668023523
uniform,1,500,150,207,208,1,0,231,11.223825735010905
uniform,1,500,150,207,208,1,0,232,11.270049640006619
uniform,1,500,150,207,208,1,0,233,11.32483305601636
uniform,1,500,150,207,208,1,0,234,11.369766991003416
uniform,1,500,150,207,208,1,0,235,11.412863514007768
uniform,1,500,150,207,208,1,0,236,11.456475601997226
uniform,1,500,150,207,208,1,0,237,11.50549898101599
uniform,1,500,150,207,208,1,0,238,11.550826541002607
uniform,1,500,150,207,208,1,0,239,11.597677367011784
uniform,1,500,150,207,208,1,0,240,11.645178006001515
uniform,1,500,150,207,208,1,0,241,11.693714143009856
uniform,1,500,150,207,208,1,0,242,11.741897261003032
uniform,1,500,150,207,208,1,0,243,11.792770989995915
uniform,1,500,150,207,208,1,0,244,11.842784953012597
uniform,1,500,150,207,208,1,0,245,11.898104802996386
uniform,1,500,150,207,208,1,0,246,11.951268370001344
uniform,1,500,150,207,208,1,0,247,12.003458104998572
uniform,1,500,150,207,208,1,0,248,12.060199777013622
uniform,1,500,150,207,208,1,0,249,12.113813989009941
uniform,1,500,150,207,208,1,0,250,12.167998854012694
uniform,1,500,150,207,208,1,0,251,12.227313996001612
uniform,1,500,150,207,208,1,0,252,12.284076023002854
uniform,1,500,150,207,208,1,0,253,12.347318195999833
uniform,1,500,150,207,208,1,0,254,12.40405143101816
uniform,1,500,150,207,208,1,0,255,12.465732209006092
uniform,1,500,150,207,208,1,0,256,12.523802270006854
uniform,1,500,150,207,208,1,0,257,12.593789883016143
uniform,1,500,150,207,208,1,0,258,12.65646522102179
uniform,1,500,150,207,208,1,0,259,12.726802768011112
uniform,1,500,150,207,208,1,0,260,12.785419379011728
uniform,1,500,150,207,208,1,0,261,12.856148218008457
uniform,1,500,150,207,208,1,0,262,12.918110503000207
uniform,1,500,150,207,208,1,0,263,12.98075222602347
uniform,1,500,150,207,208,1,0,264,13.039185843023006
uniform,1,500,150,207,208,1,0,265,13.098045598017052
uniform,1,500,150,207,208,1,0,266,13.15825045100064
uniform,1,500,150,207,208,1,0,267,13.223738063010387
uniform,1,500,150,207,208,1,0,268,13.284254332014825
uniform,1,500,150,207,208,1,0,269,13.344696001004195
uniform,1,500,150,207,208,1,0,270,13.42676906401175
uniform,1,500,150,207,208,1,0,271,13.48741137702018
uniform,1,500,150,207,208,1,0,272,13.559753932000604
uniform,1,500,150,207,208,1,0,273,13.633208304003347
uniform,1,500,150,207,208,1,0,274,13.698262007004814
uniform,1,500,150,207,208,1,0,275,13.764246840000851
uniform,1,500,150,207,208,1,0,276,13.832261927018408
uniform,1,500,150,207,208,1,0,277,13.893445859022904
uniform,1,500,150,207,208,1,0,278,13.968742019002093
uniform,1,500,150,207,208,1,0,279,14.046695963013917
uniform,1,500,150,207,208,1,0,280,14.11233411601279
uniform,1,500,150,207,208,1,0,281,14.173604650015477
uniform,1,500,150,207,208,1,0,282,14.27492475300096
uniform,1,500,150,207,208,1,0,283,14.346718384011183
uniform,1,500,150,207,208,1,0,284,14.410911200015107
uniform,1,500,150,207,208,1,0,285,14.476836679998087
uniform,1,500,150,207,208,1,0,286,14.536779800022487
uniform,1,500,150,207,208,1,0,287,14.606359944998985
uniform,1,500,150,207,208,1,0,288,14.67053828400094
uniform,1,500,150,207,208,1,0,289,14.735027942020679
uniform,1,500,150,207,208,1,0,290,14.797680937015684
uniform,1,500,150,207,208,1,0,291,14.86765715101501
uniform,1,500,150,207,208,1,0,292,14.930294870020589
uniform,1,500,150,207,208,1,0,293,14.991338479012484
uniform,1,500,150,207,208,1,0,294,15.06290569002158
uniform,1,500,150,207,208,1,0,295,15.139048817014555
uniform,1,500,150,207,208,1,0,296,15.214280389016494
uniform,1,500,150,207,208,1,0,297,15.285865849000402
uniform,1,500,150,207,208,1,0,298,15.34699145500781
uniform,1,500,150,207,208,1,0,299,15.407724581018556
uniform,1,500,150,207,208,1,0,300,15.46915668901056
uniform,1,500,150,207,208,1,0,301,15.530458457011264
uniform,1,500,150,207,208,1,0,302,15.591235293017235
uniform,1,500,150,207,208,1,0,303,15.652957155019976
uniform,1,500,150,207,208,1,0,304,15.71379142900696
uniform,1,500,150,207,208,1,0,305,15.775052948010853
uniform,1,500,150,207,208,1,0,306,15.841201400995487
uniform,1,500,150,207,208,1,0,307,15.920237550017191
uniform,1,500,150,207,208,1,0,308,15.9854655470117
uniform,1,500,150,207,208,1,0,309,16.056605393998325
uniform,1,500,150,207,208,1,0,310,16.122815089009237
uniform,1,500,150,207,208,1,0,311,16.183879827003693
uniform,1,500,150,207,208,1,0,312,16.255549616995268
uniform,1,500,150,207,208,1,0,313,16.321356313012075
uniform,1,500,150,207,208,1,0,314,16.399501994019374
uniform,1,500,150,207,208,1,0,315,16.465345522010466
uniform,1,500,150,207,208,1,0,316,16.527491234010085
uniform,1,500,150,207,208,1,0,317,16.610313162003877
uniform,1,500,150,207,208,1,0,318,16.676969929016195
uniform,1,500,150,207,208,1,0,319,16.739899933018023
uniform,1,500,150,207,208,1,0,320,16.80707949999487
uniform,1,500,150,207,208,1,0,321,16.878269689012086
uniform,1,500,150,207,208,1,0,322,16.96131403799518
uniform,1,500,150,207,208,1,0,323,17.092400120018283
uniform,1,500,150,207,208,1,0,324,17.20555744500598
uniform,1,500,150,207,208,1,0,325,17.31697879001149
uniform,1,500,150,207,208,1,0,326,17.40492918601376
uniform,1,500,150,207,208,1,0,327,17.505353343003662
uniform,1,500,150,207,208,1,0,328,17.5917816410074
uniform,1,500,150,207,208,1,0,329,17.68695451601525
uniform,1,500,150,207,208,1,0,330,17.784178942994913
uniform,1,500,150,207,208,1,0,331,17.879209931998048
uniform,1,500,150,207,208,1,0,332,17.954025468003238
uniform,1,500,150,207,208,1,0,333,18.04382636700757
uniform,1,500,150,207,208,1,0,334,18.114516172994627
uniform,1,500,150,207,208,1,0,335,18.18390251600067
uniform,1,500,150,207,208,1,0,336,18.249992819997715
uniform,1,500,150,207,208,1,0,337,18.341691235022154
uniform,1,500,150,207,208,1,0,338,18.409792160004145
uniform,1,500,150,207,208,1,0,339,18.48299989500083
uniform,1,500,150,207,208,1,0,340,18.553869560011663
uniform,1,500,150,207,208,1,0,341,18.619122641015565
uniform,1,500,150,207,208,1,0,342,18.683513238007436
uniform,1,500,150,207,208,1,0,343,18.74691350699868
uniform,1,500,150,207,208,1,0,344,18.816053123009624
uniform,1,500,150,207,208,1,0,345,18.880170361022465
uniform,1,500,150,207,208,1,0,346,18.945340783015126
uniform,1,500,150,207,208,1,0,347,19.01004962300067
uniform,1,500,150,207,208,1,0,348,19.073417559004156
uniform,1,500,150,207,208,1,0,349,19.138624682003865
uniform,1,500,150,207,208,1,0,350,19.20313582700328
uniform,1,500,150,207,208,1,0,351,19.283352838014252
uniform,1,500,150,207,208,1,0,352,19.348974609019933
uniform,1,500,150,207,208,1,0,353,19.447906952002086
uniform,1,500,150,207,208,1,0,354,19.52442796502146
uniform,1,500,150,207,208,1,0,355,19.599166811996838
uniform,1,500,150,207,208,1,0,356,19.6724288300029
uniform,1,500,150,207,208,1,0,357,19.74884938701871
uniform,1,500,150,207,208,1,0,358,19.834043831011513
uniform,1,500,150,207,208,1,0,359,19.995688308001263
uniform,1,500,150,207,208,1,0,360,20.074614131997805
uniform,1,500,150,207,208,1,0,361,20.20735785900615
uniform,1,500,150,207,208,1,0,362,20.300887977995444
uniform,1,500,150,207,208,1,0,363,20.373209144017892
uniform,1,500,150,207,208,1,0,364,20.443224916001782
uniform,1,500,150,207,208,1,0,365,20.519122808997054
uniform,1,500,150,207,208,1,0,366,20.58662183600245
uniform,1,500,150,207,208,1,0,367,20.659410588996252
uniform,1,500,150,207,208,1,0,368,20.736616155016236
uniform,1,500,150,207,208,1,0,369,20.90267654301715
uniform,1,500,150,207,208,1,0,370,21.068710546009243
uniform,1,500,150,207,208,1,0,371,21.18323370401049
uniform,1,500,150,207,208,1,0,372,21.269808106007986
uniform,1,500,150,207,208,1,0,373,21.352530461008428
uniform,1,500,150,207,208,1,0,374,21.438119119004114
uniform,1,500,150,207,208,1,0,375,21.539623662014492
uniform,1,500,150,207,208,1,0,376,21.701298753003357
uniform,1,500,150,207,208,1,0,377,21.82422487900476
uniform,1,500,150,207,208,1,0,378,21.937767576018814
uniform,1,500,150,207,208,1,0,379,22.13749024400022
uniform,1,500,150,207,208,1,0,380,22.323917803994846
uniform,1,500,150,207,208,1,0,381,22.396129989996552
uniform,1,500,150,207,208,1,0,382,22.476571285020327
uniform,1,500,150,207,208,1,0,383,22.546015605010325
uniform,1,500,150,207,208,1,0,384,22.61501830400084
uniform,1,500,150,207,208,1,0,385,22.680928006011527
uniform,1,500,150,207,208,1,0,386,22.750453093001852
uniform,1,500,150,207,208,1,0,387,22.822692181012826
uniform,1,500,150,207,208,1,0,388,22.904708229005337
uniform,1,500,150,207,208,1,0,389,22.97037348500453
uniform,1,500,150,207,208,1,0,390,23.033881103998283
uniform,1,500,150,207,208,1,0,391,23.112163500016322
uniform,1,500,150,207,208,1,0,392,23.183144517999608
uniform,1,500,150,207,208,1,0,393,23.24630195699865
uniform,1,500,150,207,208,1,0,394,23.314952648011968
uniform,1,500,150,207,208,1,0,395,23.390815349004697
uniform,1,500,150,207,208,1,0,396,23.46114684501663
uniform,1,500,150,207,208,1,0,397,23.52334158102167
uniform,1,500,150,207,208,1,0,398,23.58284862700384
uniform,1,500,150,207,208,1,0,399,23.64760985999601
uniform,1,500,150,207,208,1,0,400,23.708808256022166
uniform,1,500,150,207,208,1,0,401,23.781175445008557
uniform,1,500,150,207,208,1,0,402,23.844064525008434
uniform,1,500,150,207,208,1,0,403,23.903795187012292
uniform,1,500,150,207,208,1,0,404,23.970929380011512
uniform,1,500,150,207,208,1,0,405,24.067168873996707
uniform,1,500,150,207,208,1,0,406,24.165655818011146
uniform,1,500,150,207,208,1,0,407,24.24816700699739
uniform,1,500,150,207,208,1,0,408,24.317468818015186
uniform,1,500,150,207,208,1,0,409,24.38111206301255
uniform,1,500,150,207,208,1,0,410,24.448188500013202
uniform,1,500,150,207,208,1,0,411,24.52717861000565
uniform,1,500,150,207,208,1,0,412,24.600298131001182
uniform,1,500,150,207,208,1,0,413,24.694359866000013
uniform,1,500,150,207,208,1,0,414,24.79426269402029
uniform,1,500,150,207,208,1,0,415,24.896900872001424
uniform,1,500,150,207,208,1,0,416,25.017406158003723
uniform,1,500,150,207,208,1,0,417,25.097582497022813
uniform,1,500,150,207,208,1,0,418,25.166936302004615
uniform,1,500,150,207,208,1,0,419,25.241584108996904
uniform,1,500,150,207,208,1,0,420,25.30882739002118
uniform,1,500,150,207,208,1,0,421,25.39665729200351
uniform,1,500,150,207,208,1,0,422,25.473525269015227
uniform,1,500,150,207,208,1,0,423,25.542558183020446
uniform,1,500,150,207,208,1,0,424,25.620967658003792
uniform,1,500,150,207,208,1,0,425,25.700627047015587
uniform,1,500,150,207,208,1,0,426,25.763919310003985
uniform,1,500,150,207,208,1,0,427,25.844293283007573
uniform,1,500,150,207,208,1,0,428,25.90935878700111
uniform,1,500,150,207,208,1,0,429,25.974986610002816
uniform,1,500,150,207,208,1,0,430,26.050547393999295
uniform,1,500,150,207,208,1,0,431,26.133482917997753
uniform,1,500,150,207,208,1,0,432,26.198117059015203
uniform,1,500,150,207,208,1,0,433,26.279815918998793
uniform,1,500,150,207,208,1,0,434,26.34940845100209
uniform,1,500,150,207,208,1,0,435,26.415845960000297
uniform,1,500,150,207,208,1,0,436,26.48011407200829
uniform,1,500,150,207,208,1,0,437,26.546082839020528
uniform,1,500,150,207,208,1,0,438,26.608254785009194
uniform,1,500,150,207,208,1,0,439,26.6703783319972
uniform,1,500,150,207,208,1,0,440,26.75655671901768
uniform,1,500,150,207,208,1,0,441,26.83023087901529
uniform,1,500,150,207,208,1,0,442,26.899338957999134
uniform,1,500,150,207,208,1,0,443,26.965394633007236
uniform,1,500,150,207,208,1,0,444,27.030460006004432
uniform,1,500,150,207,208,1,0,445,27.094576659001177
uniform,1,500,150,207,208,1,0,446,27.161419701005798
uniform,1,500,150,207,208,1,0,447,27.2350639020151
uniform,1,500,150,207,208,1,0,448,27.301562298001954
uniform,1,500,150,207,208,1,0,449,27.361170739022782
uniform,1,500,150,207,208,1,0,450,27.4206608000095
uniform,1,500,150,207,208,1,0,451,27.495183991995873
uniform,1,500,150,207,208,1,0,452,27.554468857997563
uniform,1,500,150,207,208,1,0,453,27.623478804016486
uniform,1,500,150,207,208,1,0,454,27.688382835010998
uniform,1,500,150,207,208,1,0,455,27.75858023200999
uniform,1,500,150,207,208,1,0,456,27.821831873006886
uniform,1,500,150,207,208,1,0,457,27.882385864999378
uniform,1,500,150,207,208,1,0,458,27.942125383007806
uniform,1,500,150,207,208,1,0,459,28.00725216101273
uniform,1,500,150,207,208,1,0,460,28.114134444011142
uniform,1,500,150,207,208,1,0,461,28.205119627004024
uniform,1,500,150,207,208,1,0,462,28.29887931799749
uniform,1,500,150,207,208,1,0,463,28.379725626000436
uniform,1,500,150,207,208,1,0,464,28.448473627009662
uniform,1,500,150,207,208,1,0,465,28.511544918001164
uniform,1,500,150,207,208,1,0,466,28.57700682900031
uniform,1,500,150,207,208,1,0,467,28.646096951008076
uniform,1,500,150,207,208,1,0,468,28.710071673995117
uniform,1,500,150,207,208,1,0,469,28.79402606599615
uniform,1,500,150,207,208,1,0,470,28.8583707040234
uniform,1,500,150,207,208,1,0,471,28.922086656995816
uniform,1,500,150,207,208,1,0,472,28.989194371999474
uniform,1,500,150,207,208,1,0,473,29.049578031001147
uniform,1,500,150,207,208,1,0,474,29.110369263013126
uniform,1,500,150,207,208,1,0,475,29.171112086012727
uniform,1,500,150,207,208,1,0,476,29.232102716021473
uniform,1,500,150,207,208,1,0,477,29.30331541399937
uniform,1,500,150,207,208,1,0,478,29.368769096006872
uniform,1,500,150,207,208,1,0,479,29.434214420994977
uniform,1,500,150,207,208,1,0,480,29.499384988012025
uniform,1,500,150,207,208,1,0,481,29.55960408502142
uniform,1,500,150,207,208,1,0,482,29.620554398017703
uniform,1,500,150,207,208,1,0,483,29.683420248999028
uniform,1,500,150,207,208,1,0,484,29.7590422439971
uniform,1,500,150,207,208,1,0,485,29.824406302999705
uniform,1,500,150,207,208,1,0,486,29.885802300006617
uniform,1,500,150,207,208,1,0,487,29.950163440022152
uniform,1,500,150,207,208,1,0,488,30.008727011008887
uniform,1,500,150,207,208,1,0,489,30.066355959017528
uniform,1,500,150,207,208,1,0,490,30.136695926019456
uniform,1,500,150,207,208,1,0,491,30.20451284799492
uniform,1,500,150,207,208,1,0,492,30.272406795003917
uniform,1,500,150,207,208,1,0,493,30.338991730997805
uniform,1,500,150,207,208,1,0,494,30.418310578010278
uniform,1,500,150,207,208,1,0,495,30.486573608010076
uniform,1,500,150,207,208,1,0,496,30.615004521998344
uniform,1,500,150,207,208,1,0,497,30.71183943201322
uniform,1,500,150,207,208,1,0,498,30.781501334015047
uniform,1,500,150,207,208,1,0,499,30.85125774901826
uniform,1,500,150,207,208,1,0,500,30.92419729899848
uniform,1,500,150,207,208,1,0,501,30.99624750300427
uniform,1,500,150,207,208,1,0,502,31.061899979016744
uniform,1,500,150,207,208,1,0,503,31.13185479902313
uniform,1,500,150,207,208,1,0,504,31.195569935021922
uniform,1,500,150,207,208,1,0,505,31.25961178902071
uniform,1,500,150,207,208,1,0,506,31.323497819015756
uniform,1,500,150,207,208,1,0,507,31.398010664997855
uniform,1,500,150,207,208,1,0,508,31.460286337009165
uniform,1,500,150,207,208,1,0,509,31.530429806996835
uniform,1,500,150,207,208,1,0,510,31.598103922995506
uniform,1,500,150,207,208,1,0,511,31.658858747017803
uniform,1,500,150,207,208,1,0,512,31.724112520023482
uniform,1,500,150,207,208,1,0,513,31.78528450700105
uniform,1,500,150,207,208,1,0,514,31.846017364005093
uniform,1,500,150,207,208,1,0,515,31.90866117400583
uniform,1,500,150,207,208,1,0,516,31.972414988005767
uniform,1,500,150,207,208,1,0,517,32.03979306400288
uniform,1,500,150,207,208,1,0,518,32.10333962700679
uniform,1,500,150,207,208,1,0,519,32.1726462719962
uniform,1,500,150,207,208,1,0,520,32.24536719699972
uniform,1,500,150,207,208,1,0,521,32.30320478702197
uniform,1,500,150,207,208,1,0,522,32.36584362600115
uniform,1,500,150,207,208,1,0,523,32.432546538999304
uniform,1,500,150,207,208,1,0,524,32.4928137770039
uniform,1,500,150,207,208,1,0,525,32.55586604500422
uniform,1,500,150,207,208,1,0,526,32.61708813701989
uniform,1,500,150,207,208,1,0,527,32.6800109030155
uniform,1,500,150,207,208,1,0,528,32.73626163700828
uniform,1,500,150,207,208,1,0,529,32.79527924800641
uniform,1,500,150,207,208,1,0,530,32.85522036399925
uniform,1,500,150,207,208,1,0,531,32.91121854801895
uniform,1,500,150,207,208,1,0,532,32.97799906402361
uniform,1,500,150,207,208,1,0,533,33.037844870006666
uniform,1,500,150,207,208,1,0,534,33.09877147700172
uniform,1,500,150,207,208,1,0,535,33.16275280399714
uniform,1,500,150,207,208,1,0,536,33.222288076998666
uniform,1,500,150,207,208,1,0,537,33.27990812601638
uniform,1,500,150,207,208,1,0,538,33.335433285014005
uniform,1,500,150,207,208,1,0,539,33.39110329799587
uniform,1,500,150,207,208,1,0,540,33.44708981900476
uniform,1,500,150,207,208,1,0,541,33.51472242499585
uniform,1,500,150,207,208,1,0,542,33.57605722500011
uniform,1,500,150,207,208,1,0,543,33.63653777400032
uniform,1,500,150,207,208,1,0,544,33.69493291701656
uniform,1,500,150,207,208,1,0,545,33.76809199200943
uniform,1,500,150,207,208,1,0,546,33.82922822699766
uniform,1,500,150,207,208,1,0,547,33.88498979801079
uniform,1,500,150,207,208,1,0,548,33.9406350759964
uniform,1,500,150,207,208,1,0,549,33.99681101899478
uniform,1,500,150,207,208,1,0,550,34.057865803013556
uniform,1,500,150,207,208,1,0,551,34.1250341340201
uniform,1,500,150,207,208,1,0,552,34.1862167060026
uniform,1,500,150,207,208,1,0,553,34.250095218012575
uniform,1,500,150,207,208,1,0,554,34.30581779300701
uniform,1,500,150,207,208,1,0,555,34.36385578601039
uniform,1,500,150,207,208,1,0,556,34.43191675900016
uniform,1,500,150,207,208,1,0,557,34.503260163008235
uniform,1,500,150,207,208,1,0,558,34.58294914101134
uniform,1,500,150,207,208,1,0,559,34.641341758018825
uniform,1,500,150,207,208,1,0,560,34.70964699800243
uniform,1,500,150,207,208,1,0,561,34.77236883502337
uniform,1,500,150,207,208,1,0,562,34.833797839004546
uniform,1,500,150,207,208,1,0,563,34.90157427100348
uniform,1,500,150,207,208,1,0,564,34.962439902999904
uniform,1,500,150,207,208,1,0,565,35.030013491021236
uniform,1,500,150,207,208,1,0,566,35.09072572301375
uniform,1,500,150,207,208,1,0,567,35.1476480459969
uniform,1,500,150,207,208,1,0,568,35.20456004500738
uniform,1,500,150,207,208,1,0,569,35.27486736999708
uniform,1,500,150,207,208,1,0,570,35.335405965015525
uniform,1,500,150,207,208,1,0,571,35.395921014016494
uniform,1,500,150,207,208,1,0,572,35.465030712017324
uniform,1,500,150,207,208,1,0,573,35.52661764100776
uniform,1,500,150,207,208,1,0,574,35.592114177998155
uniform,1,500,150,207,208,1,0,575,35.659403741010465
uniform,1,500,150,207,208,1,0,576,35.71913718699943
uniform,1,500,150,207,208,1,0,577,35.783709928015014
uniform,1,500,150,207,208,1,0,578,35.843286182003794
uniform,1,500,150,207,208,1,0,579,35.90880152300815
uniform,1,500,150,207,208,1,0,580,35.985779231006745
uniform,1,500,150,207,208,1,0,581,36.053643760998966
uniform,1,500,150,207,208,1,0,582,36.11210805000155
uniform,1,500,150,207,208,1,0,583,36.17218540099566
uniform,1,500,150,207,208,1,0,584,36.23078735699528
uniform,1,500,150,207,208,1,0,585,36.29981224000221
uniform,1,500,150,207,208,1,0,586,36.358384238003055
uniform,1,500,150,207,208,1,0,587,36.414562635996845
uniform,1,500,150,207,208,1,0,588,36.470502016018145
uniform,1,500,150,207,208,1,0,589,36.52900790100102
uniform,1,500,150,207,208,1,0,590,36.590428683004575
uniform,1,500,150,207,208,1,0,591,36.64976248200401
uniform,1,500,150,207,208,1,0,592,36.70964557401021
uniform,1,500,150,207,208,1,0,593,36.776920447999146
uniform,1,500,150,207,208,1,0,594,36.83694714002195
uniform,1,500,150,207,208,1,0,595,36.89655295800185
uniform,1,500,150,207,208,1,0,596,36.958159645000705
uniform,1,500,150,207,208,1,0,597,37.030874240997946
uniform,1,500,150,207,208,1,0,598,37.10260882001603
uniform,1,500,150,207,208,1,0,599,37.16737110199756
uniform,1,500,150,207,208,1,0,600,37.23426075899624
uniform,1,500,150,207,208,1,0,601,37.29484080002294
uniform,1,500,150,207,208,1,0,602,37.362479072995484
uniform,1,500,150,207,208,1,0,603,37.430004857014865
uniform,1,500,150,207,208,1,0,604,37.50377861101879
uniform,1,500,150,207,208,1,0,605,37.57260463901912
uniform,1,500,150,207,208,1,0,606,37.65604161901865
uniform,1,500,150,207,208,1,0,607,37.72005152000929
uniform,1,500,150,207,208,1,0,608,37.78107068801182
uniform,1,500,150,207,208,1,0,609,37.84463050501654
uniform,1,500,150,207,208,1,0,610,37.92002272600075
uniform,1,500,150,207,208,1,0,611,37.97979283099994
uniform,1,500,150,207,208,1,0,612,38.04548225700273
uniform,1,500,150,207,208,1,0,613,38.10516364799696
uniform,1,500,150,207,208,1,0,614,38.16485014700447
uniform,1,500,150,207,208,1,0,615,38.22459626701311
uniform,1,500,150,207,208,1,0,616,38.28197301502223
uniform,1,500,150,207,208,1,0,617,38.34160559999873
uniform,1,500,150,207,208,1,0,618,38.41059696499724
uniform,1,500,150,207,208,1,0,619,38.47456369100837
uniform,1,500,150,207,208,1,0,620,38.53452552901581
uniform,1,500,150,207,208,1,0,621,38.60227513802238
uniform,1,500,150,207,208,1,0,622,38.66175513001508
uniform,1,500,150,207,208,1,0,623,38.71957673202269
uniform,1,500,150,207,208,1,0,624,38.780504809023114
uniform,1,500,150,207,208,1,0,625,38.84543882301659
uniform,1,500,150,207,208,1,0,626,38.909898365003755
uniform,1,500,150,207,208,1,0,627,38.96936534700217
uniform,1,500,150,207,208,1,0,628,39.03135258000111
uniform,1,500,150,207,208,1,0,629,39.08810475800419
uniform,1,500,150,207,208,1,0,630,39.14460932702059
uniform,1,500,150,207,208,1,0,631,39.23556193499826
uniform,1,500,150,207,208,1,0,632,39.292216347006615
uniform,1,500,150,207,208,1,0,633,39.348568250017706
uniform,1,500,150,207,208,1,0,634,39.4102182930219
uniform,1,500,150,207,208,1,0,635,39.467355132015655
uniform,1,500,150,207,208,1,0,636,39.52483696601121
uniform,1,500,150,207,208,1,0,637,39.59739821302355
uniform,1,500,150,207,208,1,0,638,39.65835178800626
uniform,1,500,150,207,208,1,0,639,39.72914071101695
uniform,1,500,150,207,208,1,0,640,39.78651719700429
uniform,1,500,150,207,208,1,0,641,39.84832430302049
uniform,1,500,150,207,208,1,0,642,39.905253617995186
uniform,1,500,150,207,208,1,0,643,39.966323877015384
uniform,1,500,150,207,208,1,0,644,40.02711832500063
uniform,1,500,150,207,208,1,0,645,40.08388075901894
uniform,1,500,150,207,208,1,0,646,40.14186909401906
uniform,1,500,150,207,208,1,0,647,40.198105707997456
uniform,1,500,150,207,208,1,0,648,40.25485163801932
uniform,1,500,150,207,208,1,0,649,40.31637670300552
uniform,1,500,150,207,208,1,0,650,40.40764551202301
uniform,1,500,150,207,208,1,0,651,40.46385947600356
uniform,1,500,150,207,208,1,0,652,40.52784071600763
uniform,1,500,150,207,208,1,0,653,40.59398813601001
uniform,1,500,150,207,208,1,0,654,40.65191030301503
uniform,1,500,150,207,208,1,0,655,40.70852281601401
uniform,1,500,150,207,208,1,0,656,40.768206448003184
uniform,1,500,150,207,208,1,0,657,40.82542951501091
uniform,1,500,150,207,208,1,0,658,40.88283279602183
uniform,1,500,150,207,208,1,0,659,40.956124927004566
uniform,1,500,150,207,208,1,0,660,41.015971512999386
uniform,1,500,150,207,208,1,0,661,41.076154677022714
uniform,1,500,150,207,208,1,0,662,41.148642271000426
uniform,1,500,150,207,208,1,0,663,41.220632330019725
uniform,1,500,150,207,208,1,0,664,41.27815626800293
uniform,1,500,150,207,208,1,0,665,41.335038073011674
uniform,1,500,150,207,208,1,0,666,41.39181143100723
uniform,1,500,150,207,208,1,0,667,41.45252288901247
uniform,1,500,150,207,208,1,0,668,41.50955579301808
uniform,1,500,150,207,208,1,0,669,41.582928549003555
uniform,1,500,150,207,208,1,0,670,41.63983052101685
uniform,1,500,150,207,208,1,0,671,41.70260560899624
uniform,1,500,150,207,208,1,0,672,41.76484031701693
uniform,1,500,150,207,208,1,0,673,41.823578006995376
uniform,1,500,150,207,208,1,0,674,41.886598318000324
uniform,1,500,150,207,208,1,0,675,41.94840013902285
uniform,1,500,150,207,208,1,0,676,42.01048161002109
uniform,1,500,150,207,208,1,0,677,42.06659902402316
uniform,1,500,150,207,208,1,0,678,42.12838814401766
uniform,1,500,150,207,208,1,0,679,42.189898124022875
uniform,1,500,150,207,208,1,0,680,42.25169569000718
uniform,1,500,150,207,208,1,0,681,42.31341987900669
uniform,1,500,150,207,208,1,0,682,42.36984603499877
uniform,1,500,150,207,208,1,0,683,42.42630330301472
uniform,1,500,150,207,208,1,0,684,42.48675641301088
uniform,1,500,150,207,208,1,0,685,42.55352852400392
uniform,1,500,150,207,208,1,0,686,42.615006027015625
uniform,1,500,150,207,208,1,0,687,42.67768898702343
uniform,1,500,150,207,208,1,0,688,42.73386657901574
uniform,1,500,150,207,208,1,0,689,42.79312890500296
uniform,1,500,150,207,208,1,0,690,42.85174008901231
uniform,1,500,150,207,208,1,0,691,42.93175276200054
uniform,1,500,150,207,208,1,0,692,42.991412853996735
uniform,1,500,150,207,208,1,0,693,43.14298304199474
uniform,1,500,150,207,208,1,0,694,43.22247705300106
uniform,1,500,150,207,208,1,0,695,43.289058561000274
uniform,1,500,150,207,208,1,0,696,43.36508450799738
uniform,1,500,150,207,208,1,0,697,43.457384561013896
uniform,1,500,150,207,208,1,0,698,43.521841932000825
uniform,1,500,150,207,208,1,0,699,43.58125514801941
uniform,1,500,150,207,208,1,0,700,43.64075781899737
uniform,1,500,150,207,208,1,0,701,43.70635764300823
uniform,1,500,150,207,208,1,0,702,43.76954639199539
uniform,1,500,150,207,208,1,0,703,43.829837785015116
uniform,1,500,150,207,208,1,0,704,43.88927703999798
uniform,1,500,150,207,208,1,0,705,43.952689908997854
uniform,1,500,150,207,208,1,0,706,44.01283835500362
uniform,1,500,150,207,208,1,0,707,44.07236840101541
uniform,1,500,150,207,208,1,0,708,44.13498609801172
uniform,1,500,150,207,208,1,0,709,44.212264661007794
uniform,1,500,150,207,208,1,0,710,44.27150212400011
uniform,1,500,150,207,208,1,0,711,44.32960769900819
uniform,1,500,150,207,208,1,0,712,44.40353823400801
uniform,1,500,150,207,208,1,0,713,44.464540560002206
uniform,1,500,150,207,208,1,0,714,44.52213927000412
uniform,1,500,150,207,208,1,0,715,44.59326157101896
uniform,1,500,150,207,208,1,0,716,44.65700536000077
uniform,1,500,150,207,208,1,0,717,44.74611950002145
uniform,1,500,150,207,208,1,0,718,44.8156744010048
uniform,1,500,150,207,208,1,0,719,44.880574269016506
uniform,1,500,150,207,208,1,0,720,44.94923250199645
uniform,1,500,150,207,208,1,0,721,45.00940792099573
uniform,1,500,150,207,208,1,0,722,45.07413933001226
uniform,1,500,150,207,208,1,0,723,45.136498441017466
uniform,1,500,150,207,208,1,0,724,45.194232538022334
uniform,1,500,150,207,208,1,0,725,45.25648036701023
uniform,1,500,150,207,208,1,0,726,45.31387664601789
uniform,1,500,150,207,208,1,0,727,45.37456148600904
uniform,1,500,150,207,208,1,0,728,45.44028214699938
uniform,1,500,150,207,208,1,0,729,45.5010727540066
uniform,1,500,150,207,208,1,0,730,45.55875329399714
uniform,1,500,150,207,208,1,0,731,45.616872836020775
uniform,1,500,150,207,208,1,0,732,45.67405977501767
uniform,1,500,150,207,208,1,0,733,45.730942093010526
uniform,1,500,150,207,208,1,0,734,45.79280569101684
uniform,1,500,150,207,208,1,0,735,45.85026793999714
uniform,1,500,150,207,208,1,0,736,45.92025175501476
uniform,1,500,150,207,208,1,0,737,45.97777180201956
uniform,1,500,150,207,208,1,0,738,46.04331479102257
uniform,1,500,150,207,208,1,0,739,46.104028193018166
uniform,1,500,150,207,208,1,0,740,46.17863615800161
uniform,1,500,150,207,208,1,0,741,46.25195948500186
uniform,1,500,150,207,208,1,0,742,46.30997679400025
uniform,1,500,150,207,208,1,0,743,46.3681143700087
uniform,1,500,150,207,208,1,0,744,46.429937576001976
uniform,1,500,150,207,208,1,0,745,46.48760321101872
uniform,1,500,150,207,208,1,0,746,46.54513621600927
uniform,1,500,150,207,208,1,0,747,46.60284966300242
uniform,1,500,150,207,208,1,0,748,46.665124448016286
uniform,1,500,150,207,208,1,0,749,46.726208697014954
uniform,1,500,150,207,208,1,0,750,46.80967462001718
uniform,1,500,150,207,208,1,0,751,46.88683974000742
uniform,1,500,150,207,208,1,0,752,46.94789980299538
uniform,1,500,150,207,208,1,0,753,47.00834064700757
uniform,1,500,150,207,208,1,0,754,47.07808721601032
uniform,1,500,150,207,208,1,0,755,47.13819806202082
uniform,1,500,150,207,208,1,0,756,47.20547084801365
uniform,1,500,150,207,208,1,0,757,47.27601836100803
uniform,1,500,150,207,208,1,0,758,47.342992545018205
uniform,1,500,150,207,208,1,0,759,47.402639862004435
uniform,1,500,150,207,208,1,0,760,47.47669917999883
uniform,1,500,150,207,208,1,0,761,47.54166250402341
uniform,1,500,150,207,208,1,0,762,47.619680897012586
uniform,1,500,150,207,208,1,0,763,47.683837243996095
uniform,1,500,150,207,208,1,0,764,47.75439192602062
uniform,1,500,150,207,208,1,0,765,47.82690610102145
uniform,1,500,150,207,208,1,0,766,47.893569431005744
uniform,1,500,150,207,208,1,0,767,47.96288618401741
uniform,1,500,150,207,208,1,0,768,48.02519854501588
uniform,1,500,150,207,208,1,0,769,48.09015088999877
uniform,1,500,150,207,208,1,0,770,48.15526896400843
uniform,1,500,150,207,208,1,0,771,48.22715496600722
uniform,1,500,150,207,208,1,0,772,48.3019273650134
uniform,1,500,150,207,208,1,0,773,48.36792009399505
uniform,1,500,150,207,208,1,0,774,48.44560970101156
uniform,1,500,150,207,208,1,0,775,48.514121431013336
uniform,1,500,150,207,208,1,0,776,48.58394193300046
uniform,1,500,150,207,208,1,0,777,48.65165353499469
uniform,1,500,150,207,208,1,0,778,48.72293155701482
uniform,1,500,150,207,207,0,1,779,48.789970521000214
uniform,2,500,150,198,201,3,0,1,0.12596442000358365
uniform,2,500,150,198,200,2,0,2,0.22776080699986778
uniform,2,500,150,198,200,2,0,3,0.3046962490188889
uniform,2,500,150,198,200,2,0,4,0.40606290800496936
uniform,2,500,150,198,200,2,0,5,0.49793296502321027
uniform,2,500,150,198,199,1,0,6,0.5743837089976296
uniform,2,500,150,198,199,1,0,7,0.6683902850199956
uniform,2,500,150,198,199,1,0,8,0.7489497470087372
uniform,2,500,150,198,199,1,0,9,0.8313895180181134
uniform,2,500,150,198,199,1,0,10,0.9264397080114577
uniform,2,500,150,198,199,1,0,11,0.998212862003129
uniform,2,500,150,198,199,1,0,12,1.0709369070245884
uniform,2,500,150,198,199,1,0,13,1.1610307070077397
uniform,2,500,150,198,199,1,0,14,1.2323835360002704
uniform,2,500,150,198,199,1,0,15,1.3074821479967795
uniform,2,500,150,198,199,1,0,16,1.3981580240069889
uniform,2,500,150,198,199,1,0,17,1.4769838750071358
uniform,2,500,150,198,199,1,0,18,1.552283922006609
uniform,2,500,150,198,199,1,0,19,1.6224019770161249
uniform,2,500,150,198,199,1,0,20,1.6862722700170707
uniform,2,500,150,198,199,1,0,21,1.7499274440051522
uniform,2,500,150,198,199,1,0,22,1.8134632029978093
uniform,2,500,150,198,199,1,0,23,1.8826502910233103
uniform,2,500,150,198,199,1,0,24,1.9457953680248465
uniform,2,500,150,198,199,1,0,25,2.0099456690077204
uniform,2,500,150,198,199,1,0,26,2.0852483570051845
uniform,2,500,150,198,199,1,0,27,2.1487890880089253
uniform,2,500,150,198,199,1,0,28,2.22336475100019
uniform,2,500,150,198,199,1,0,29,2.3084503000136465
uniform,2,500,150,198,199,1,0,30,2.380688436998753
uniform,2,500,150,198,199,1,0,31,2.442519649019232
uniform,2,500,150,198,199,1,0,32,2.5153229470015503
uniform,2,500,150,198,199,1,0,33,2.577064675017027
uniform,2,500,150,198,199,1,0,34,2.6419649940216914
uniform,2,500,150,198,199,1,0,35,2.7083159850153606
uniform,2,500,150,198,199,1,0,36,2.7809951690142043
uniform,2,500,150,198,199,1,0,37,2.8435890350083355
uniform,2,500,150,198,199,1,0,38,2.913284622016363
uniform,2,500,150,198,199,1,0,39,2.982484900014242
uniform,2,500,150,198,199,1,0,40,3.045143213006668
uniform,2,500,150,198,199,1,0,41,3.1076551160076633
uniform,2,500,150,198,199,1,0,42,3.1996433940075804
uniform,2,500,150,198,199,1,0,43,3.2669186140119564
uniform,2,500,150,198,199,1,0,44,3.3346813000098336
uniform,2,500,150,198,199,1,0,45,3.400629113020841
uniform,2,500,150,198,199,1,0,46,3.4627306670008693
uniform,2,500,150,198,199,1,0,47,3.5326189089973923
uniform,2,500,150,198,199,1,0,48,3.6037289469968528
uniform,2,500,150,198,199,1,0,49,3.67153496001265
uniform,2,500,150,198,199,1,0,50,3.732467001012992
uniform,2,500,150,198,199,1,0,51,3.7981919900048524
uniform,2,500,150,198,199,1,0,52,3.8609110960096586
uniform,2,500,150,198,199,1,0,53,3.9214904270193074
uniform,2,500,150,198,199,1,0,54,3.9826685760053806
uniform,2,500,150,198,199,1,0,55,4.048300944996299
uniform,2,500,150,198,199,1,0,56,4.112896784004988
uniform,2,500,150,198,199,1,0,57,4.183163021021755
uniform,2,500,150,198,199,1,0,58,4.240932172018802
uniform,2,500,150,198,199,1,0,59,4.298604673007503
uniform,2,500,150,198,199,1,0,60,4.3558992960024625
uniform,2,500,150,198,199,1,0,61,4.418126016011229
uniform,2,500,150,198,199,1,0,62,4.485461200005375
uniform,2,500,150,198,199,1,0,63,4.546347104012966
uniform,2,500,150,198,199,1,0,64,4.611043844022788
uniform,2,500,150,198,199,1,0,65,4.6685366989986505
uniform,2,500,150,198,199,1,0,66,4.73116150702117
uniform,2,500,150,198,199,1,0,67,4.794518651004182
uniform,2,500,150,198,199,1,0,68,4.856387601001188
uniform,2,500,150,198,199,1,0,69,4.913212050014408
uniform,2,500,150,198,199,1,0,70,5.002300610009115
uniform,2,500,150,198,199,1,0,71,5.141128439019667
uniform,2,500,150,198,199,1,0,72,5.30453234500601
uniform,2,500,150,198,199,1,0,73,5.429012200009311
uniform,2,500,150,198,199,1,0,74,5.532331094000256
uniform,2,500,150,198,199,1,0,75,5.645448393013794
uniform,2,500,150,198,199,1,0,76,5.738980806025211
uniform,2,500,150,198,199,1,0,77,5.818396884016693
uniform,2,500,150,198,199,1,0,78,5.907009973016102
uniform,2,500,150,198,199,1,0,79,5.9910572200024035
uniform,2,500,150,198,199,1,0,80,6.0729535080026835
uniform,2,500,150,198,199,1,0,81,6.1621371320215985
uniform,2,500,150,198,199,1,0,82,6.233486039011041
uniform,2,500,150,198,199,1,0,83,6.3029127290064935
uniform,2,500,150,198,199,1,0,84,6.406777026015334
uniform,2,500,150,198,199,1,0,85,6.538995416020043
uniform,2,500,150,198,199,1,0,86,6.641497226024512
uniform,2,500,150,198,199,1,0,87,6.720087616005912
uniform,2,500,150,198,199,1,0,88,6.792720871017082
uniform,2,500,150,198,199,1,0,89,6.869342554011382
uniform,2,500,150,198,199,1,0,90,6.9575774790137075
uniform,2,500,150,198,199,1,0,91,7.047831470001256
uniform,2,500,150,198,199,1,0,92,7.129065379005624
uniform,2,500,150,198,199,1,0,93,7.222953321004752
uniform,2,500,150,198,199,1,0,94,7.297704830998555
uniform,2,500,150,198,199,1,0,95,7.404755933006527
uniform,2,500,150,198,199,1,0,96,7.47606141702272
uniform,2,500,150,198,199,1,0,97,7.546050325996475
uniform,2,500,150,198,199,1,0,98,7.629539083020063
uniform,2,500,150,198,199,1,0,99,7.7343820270034485
uniform,2,500,150,198,199,1,0,100,7.810589398024604
uniform,2,500,150,198,199,1,0,101,7.875503657996887
uniform,2,500,150,198,199,1,0,102,7.938486513012322
uniform,2,500,150,198,199,1,0,103,8.015284251014236
uniform,2,500,150,198,199,1,0,104,8.088934097002493
uniform,2,500,150,198,199,1,0,105,8.152535964007257
uniform,2,500,150,198,199,1,0,106,8.215830496017588
uniform,2,500,150,198,199,1,0,107,8.278504051006166
uniform,2,500,150,198,199,1,0,108,8.347981430997606
uniform,2,500,150,198,199,1,0,109,8.425531881017378
uniform,2,500,150,198,199,1,0,110,8.498233656020602
uniform,2,500,150,198,199,1,0,111,8.569766369007993
uniform,2,500,150,198,199,1,0,112,8.651273983996361
uniform,2,500,150,198,199,1,0,113,8.7256371450203
uniform,2,500,150,198,199,1,0,114,8.785141689004377
uniform,2,500,150,198,199,1,0,115,8.854763744020602
uniform,2,500,150,198,199,1,0,116,8.91393455400248
uniform,2,500,150,198,199,1,0,117,8.97955347201787
uniform,2,500,150,198,199,1,0,118,9.046096275007585
uniform,2,500,150,198,199,1,0,119,9.109351017017616
uniform,2,500,150,198,199,1,0,120,9.172782455018023
uniform,2,500,150,198,199,1,0,121,9.255616339010885
uniform,2,500,150,198,199,1,0,122,9.33465990901459
uniform,2,500,150,198,199,1,0,123,9.422571610019077
uniform,2,500,150,198,199,1,0,124,9.50843333802186
uniform,2,500,150,198,199,1,0,125,9.616371347015956
uniform,2,500,150,198,199,1,0,126,9.68803539100918
uniform,2,500,150,198,199,1,0,127,9.757008464017417
uniform,2,500,150,198,199,1,0,128,9.828450701024849
uniform,2,500,150,198,199,1,0,129,9.920042317011394
uniform,2,500,150,198,199,1,0,130,10.042060914012836
uniform,2,500,150,198,199,1,0,131,10.17123256099876
uniform,2,500,150,198,199,1,0,132,10.3991968909977
uniform,2,500,150,198,199,1,0,133,10.484774920012569
uniform,2,500,150,198,199,1,0,134,10.584595798020018
uniform,2,500,150,198,199,1,0,135,10.68661690299632
uniform,2,500,150,198,199,1,0,136,10.76401755202096
uniform,2,500,150,198,199,1,0,137,10.84399279000354
uniform,2,500,150,198,199,1,0,138,10.912868134008022
uniform,2,500,150,198,199,1,0,139,10.9840216540033
uniform,2,500,150,198,199,1,0,140,11.15564017300494
uniform,2,500,150,198,199,1,0,141,11.330848249024712
uniform,2,500,150,198,199,1,0,142,11.545876748015871
uniform,2,500,150,198,199,1,0,143,11.633500846015522
uniform,2,500,150,198,199,1,0,144,11.76181278002332
uniform,2,500,150,198,199,1,0,145,11.945656178024365
uniform,2,500,150,198,199,1,0,146,12.030792881996604
uniform,2,500,150,198,199,1,0,147,12.166668598016258
uniform,2,500,150,198,199,1,0,148,12.425114042009227
uniform,2,500,150,198,199,1,0,149,12.65671084402129
uniform,2,500,150,198,199,1,0,150,12.833947564009577
uniform,2,500,150,198,199,1,0,151,12.989401312021073
uniform,2,500,150,198,199,1,0,152,13.131258481007535
uniform,2,500,150,198,199,1,0,153,13.227083053003298
uniform,2,500,150,198,199,1,0,154,13.31266347001656
uniform,2,500,150,198,199,1,0,155,13.387996648001717
uniform,2,500,150,198,199,1,0,156,13.460599284007913
uniform,2,500,150,198,199,1,0,157,13.540711386012845
uniform,2,500,150,198,199,1,0,158,13.66701418501907
uniform,2,500,150,198,199,1,0,159,13.828771947009955
uniform,2,500,150,198,199,1,0,160,13.916961456008721
uniform,2,500,150,198,199,1,0,161,13.996907162014395
uniform,2,500,150,198,199,1,0,162,14.089480861002812
uniform,2,500,150,198,199,1,0,163,14.193926765001379
uniform,2,500,150,198,199,1,0,164,14.269194824009901
uniform,2,500,150,198,199,1,0,165,14.339545759023167
uniform,2,500,150,198,199,1,0,166,14.41756440300378
uniform,2,500,150,198,199,1,0,167,14.586991798016243
uniform,2,500,150,198,199,1,0,168,14.78849401100888
uniform,2,500,150,198,199,1,0,169,14.908638037013588
uniform,2,500,150,198,199,1,0,170,14.997336107015144
uniform,2,500,150,198,199,1,0,171,15.084850125014782
uniform,2,500,150,198,199,1,0,172,15.16123329702532
uniform,2,500,150,198,199,1,0,173,15.312834099022439
uniform,2,500,150,198,199,1,0,174,15.498244461021386
uniform,2,500,150,198,199,1,0,175,15.677105494018178
uniform,2,500,150,198,199,1,0,176,15.79330716401455
uniform,2,500,150,198,199,1,0,177,15.987511230021482
uniform,2,500,150,198,199,1,0,178,16.141817360999994
uniform,2,500,150,198,199,1,0,179,16.252226404001703
uniform,2,500,150,198,199,1,0,180,16.356748351012357
uniform,2,500,150,198,199,1,0,181,16.531125317997066
uniform,2,500,150,198,199,1,0,182,16.649193112010835
uniform,2,500,150,198,199,1,0,183,16.737644638022175
uniform,2,500,150,198,199,1,0,184,16.827690163016086
uniform,2,500,150,198,199,1,0,185,16.905328980006743
uniform,2,500,150,198,199,1,0,186,16.97672047300148
uniform,2,500,150,198,199,1,0,187,17.08508010901278
uniform,2,500,150,198,199,1,0,188,17.18757056700997
uniform,2,500,150,198,198,0,1,189,17.267877477017464
uniform,3,250,150,97,98,1,0,1,0.04591342498315498
uniform,3,250,150,97,98,1,0,2,0.07554434999474324
uniform,3,250,150,97,98,1,0,3,0.10667930799536407
uniform,3,250,150,97,98,1,0,4,0.1441056260082405
uniform,3,250,150,97,98,1,0,5,0.18098324199672788
uniform,3,250,150,97,98,1,0,6,0.21425495098810643
uniform,3,250,150,97,98,1,0,7,0.2423175149888266
uniform,3,250,150,97,98,1,0,8,0.2976954829937313
uniform,3,250,150,97,98,1,0,9,0.35005491398624144
uniform,3,250,150,97,98,1,0,10,0.4112371399824042
uniform,3,250,150,97,98,1,0,11,0.47781659199972637
uniform,3,250,150,97,98,1,0,12,0.503363508003531
uniform,3,250,150,97,98,1,0,13,0.5383239059883635
uniform,3,250,150,97,98,1,0,14,0.5842014540103264
uniform,3,250,150,97,98,1,0,15,0.6130174449936021
uniform,3,250,150,97,98,1,0,16,0.6421259159978945
uniform,3,250,150,97,98,1,0,17,0.6768968279939145
uniform,3,250,150,97,98,1,0,18,0.7127194610075094
uniform,3,250,150,97,97,0,1,19,0.744204732007347
uniform,4,1000,150,399,403,4,0,1,0.5427664819872007
uniform,4,1000,150,399,403,4,0,2,0.8652108809910715
uniform,4,1000,150,399,402,3,0,3,1.1667775209934916
uniform,4,1000,150,399,402,3,0,4,1.4431163049885072
uniform,4,1000,150,399,402,3,0,5,1.7827617489965633
uniform,4,1000,150,399,401,2,0,6,2.3151866869884543
uniform,4,1000,150,399,401,2,0,7,2.7324444289843086
uniform,4,1000,150,399,401,2,0,8,3.034051444992656
uniform,4,1000,150,399,401,2,0,9,3.3192423800064716
uniform,4,1000,150,399,401,2,0,10,3.6921112569980323
uniform,4,1000,150,399,401,2,0,11,4.1385059249878395
uniform,4,1000,150,399,401,2,0,12,4.423593344981782
uniform,4,1000,150,399,401,2,0,13,4.743545297998935
uniform,4,1000,150,399,401,2,0,14,5.141237681003986
uniform,4,1000,150,399,401,2,0,15,5.531115029996727
uniform,4,1000,150,399,401,2,0,16,6.153817918995628
uniform,4,1000,150,399,401,2,0,17,6.674585662985919
uniform,4,1000,150,399,401,2,0,18,7.17831661098171
uniform,4,1000,150,399,401,2,0,19,7.625436795991845
uniform,4,1000,150,399,401,2,0,20,8.040795640001306
uniform,4,1000,150,399,401,2,0,21,8.426313278003363
uniform,4,1000,150,399,401,2,0,22,8.724594144994626
uniform,4,1000,150,399,401,2,0,23,9.232539586984785
uniform,4,1000,150,399,401,2,0,24,9.622467512992444
uniform,4,1000,150,399,401,2,0,25,9.922971205989597
uniform,4,1000,150,399,401,2,0,26,10.20592148398282
uniform,4,1000,150,399,401,2,0,27,10.47443978098454
uniform,4,1000,150,399,401,2,0,28,10.853329267993104
uniform,4,1000,150,399,401,2,0,29,11.316988310980378
uniform,4,1000,150,399,401,2,0,30,11.643199134996394
uniform,4,1000,150,399,401,2,0,31,11.9507788149931
uniform,4,1000,150,399,401,2,0,32,12.2391169659968
uniform,4,1000,150,399,401,2,0,33,12.519317837985
uniform,4,1000,150,399,401,2,0,34,12.759339457988972
uniform,4,1000,150,399,401,2,0,35,13.057983853999758
uniform,4,1000,150,399,401,2,0,36,13.300549624982523
uniform,4,1000,150,399,401,2,0,37,13.577520197984995
uniform,4,1000,150,399,401,2,0,38,13.849685719993431
uniform,4,1000,150,399,401,2,0,39,14.140120177005883
uniform,4,1000,150,399,401,2,0,40,14.391992285993183
uniform,4,1000,150,399,401,2,0,41,14.694607737998012
uniform,4,1000,150,399,400,1,0,42,14.973950515006436
uniform,4,1000,150,399,400,1,0,43,15.215263546997448
uniform,4,1000,150,399,400,1,0,44,15.490270024980418
uniform,4,1000,150,399,400,1,0,45,15.758026166993659
uniform,4,1000,150,399,400,1,0,46,16.06014332198538
uniform,4,1000,150,399,400,1,0,47,16.316991078987485
uniform,4,1000,150,399,400,1,0,48,16.56281415798003
uniform,4,1000,150,399,400,1,0,49,16.79659304098459
uniform,4,1000,150,399,400,1,0,50,17.060152188001666
uniform,4,1000,150,399,400,1,0,51,17.304282598983264
uniform,4,1000,150,399,400,1,0,52,17.542072013980942
uniform,4,1000,150,399,400,1,0,53,17.809654619981302
uniform,4,1000,150,399,400,1,0,54,18.23386404500343
uniform,4,1000,150,399,400,1,0,55,18.530329787987284
uniform,4,1000,150,399,400,1,0,56,18.820780302979983
uniform,4,1000,150,399,400,1,0,57,19.088791853981093
uniform,4,1000,150,399,400,1,0,58,19.33655652499874
uniform,4,1000,150,399,400,1,0,59,19.59219421198941
uniform,4,1000,150,399,400,1,0,60,20.1126308789826
uniform,4,1000,150,399,400,1,0,61,20.410410476004472
uniform,4,1000,150,399,400,1,0,62,20.707105893001426
uniform,4,1000,150,399,400,1,0,63,21.102005549008027
uniform,4,1000,150,399,400,1,0,64,21.415624296991155
uniform,4,1000,150,399,400,1,0,65,21.692184076993726
uniform,4,1000,150,399,400,1,0,66,21.956581587000983
uniform,4,1000,150,399,400,1,0,67,22.256419444980565
uniform,4,1000,150,399,400,1,0,68,22.49728260099073
uniform,4,1000,150,399,400,1,0,69,22.745824301993707
uniform,4,1000,150,399,400,1,0,70,22.996624855004484
uniform,4,1000,150,399,400,1,0,71,23.238747645984404
uniform,4,1000,150,399,400,1,0,72,23.45828065200476
uniform,4,1000,150,399,400,1,0,73,23.70662708900636
uniform,4,1000,150,399,400,1,0,74,23.98597078199964
uniform,4,1000,150,399,400,1,0,75,24.275379950995557
uniform,4,1000,150,399,400,1,0,76,24.565919234999456
uniform,4,1000,150,399,400,1,0,77,24.93180177800241
uniform,4,1000,150,399,400,1,0,78,25.26296486699721
uniform,4,1000,150,399,400,1,0,79,25.5263725380064
uniform,4,1000,150,399,400,1,0,80,25.894396060000872
uniform,4,1000,150,399,400,1,0,81,26.220638212980703
uniform,4,1000,150,399,400,1,0,82,26.48369438899681
uniform,4,1000,150,399,400,1,0,83,26.759668121987488
uniform,4,1000,150,399,400,1,0,84,27.047382113989443
uniform,4,1000,150,399,400,1,0,85,27.334143115003826
uniform,4,1000,150,399,400,1,0,86,27.638940193981398
uniform,4,1000,150,399,400,1,0,87,27.931215319986222
uniform,4,1000,150,399,400,1,0,88,28.190701674000593
uniform,4,1000,150,399,400,1,0,89,28.429866196995135
uniform,4,1000,150,399,400,1,0,90,28.729792633006582
uniform,4,1000,150,399,400,1,0,91,28.978738790989155
uniform,4,1000,150,399,400,1,0,92,29.227018940000562
uniform,4,1000,150,399,400,1,0,93,29.526528268994298
uniform,4,1000,150,399,400,1,0,94,29.797498831991106
uniform,4,1000,150,399,400,1,0,95,30.111570620007114
uniform,4,1000,150,399,400,1,0,96,30.39226831900305
uniform,4,1000,150,399,400,1,0,97,30.642686267994577
uniform,4,1000,150,399,400,1,0,98,30.898053484997945
uniform,4,1000,150,399,400,1,0,99,31.13282278398401
uniform,4,1000,150,399,400,1,0,100,31.376603029988473
uniform,4,1000,150,399,400,1,0,101,31.618197572999634
uniform,4,1000,150,399,400,1,0,102,31.873968893982237
uniform,4,1000,150,399,400,1,0,103,32.09473703999538
uniform,4,1000,150,399,400,1,0,104,32.374750735994894
uniform,4,1000,150,399,400,1,0,105,32.7606246189971
uniform,4,1000,150,399,400,1,0,106,33.06764666098752
uniform,4,1000,150,399,400,1,0,107,33.33310636400711
uniform,4,1000,150,399,400,1,0,108,33.69759951499873
uniform,4,1000,150,399,400,1,0,109,34.005218048987444
uniform,4,1000,150,399,400,1,0,110,34.43756836099783
uniform,4,1000,150,399,400,1,0,111,34.81035819000681
uniform,4,1000,150,399,400,1,0,112,35.07786292099627
uniform,4,1000,150,399,400,1,0,113,35.34740762898582
uniform,4,1000,150,399,400,1,0,114,35.617375189991435
uniform,4,1000,150,399,400,1,0,115,35.90322413100512
uniform,4,1000,150,399,400,1,0,116,36.58896805800032
uniform,4,1000,150,399,400,1,0,117,36.89504886697978
uniform,4,1000,150,399,400,1,0,118,37.18845408500056
uniform,4,1000,150,399,400,1,0,119,37.78067363798618
uniform,4,1000,150,399,400,1,0,120,38.13007822498912
uniform,4,1000,150,399,400,1,0,121,38.55197837599553
uniform,4,1000,150,399,400,1,0,122,38.84865116298897
uniform,4,1000,150,399,400,1,0,123,39.21404438800528
uniform,4,1000,150,399,400,1,0,124,39.61640013300348
uniform,4,1000,150,399,400,1,0,125,39.931225802982226
uniform,4,1000,150,399,400,1,0,126,40.20300195500022
uniform,4,1000,150,399,400,1,0,127,40.57555898200371
uniform,4,1000,150,399,400,1,0,128,40.830208033003146
uniform,4,1000,150,399,400,1,0,129,41.223116566980025
uniform,4,1000,150,399,400,1,0,130,41.7317666389863
uniform,4,1000,150,399,400,1,0,131,42.08763357598218
uniform,4,1000,150,399,400,1,0,132,42.37907015500241
uniform,4,1000,150,399,400,1,0,133,42.91068682298646
uniform,4,1000,150,399,400,1,0,134,43.247719717997825
uniform,4,1000,150,399,400,1,0,135,44.08026460398105
uniform,4,1000,150,399,400,1,0,136,44.76504557498265
uniform,4,1000,150,399,400,1,0,137,45.477034968993394
uniform,4,1000,150,399,400,1,0,138,45.77407860200037
uniform,4,1000,150,399,400,1,0,139,46.4372189679998
uniform,4,1000,150,399,400,1,0,140,46.78125441999873
uniform,4,1000,150,399,400,1,0,141,47.26497576199472
uniform,4,1000,150,399,400,1,0,142,47.557687700988026
uniform,4,1000,150,399,400,1,0,143,48.0068402409961
uniform,4,1000,150,399,400,1,0,144,48.507793036988005
uniform,4,1000,150,399,400,1,0,145,48.824486439989414
uniform,4,1000,150,399,400,1,0,146,49.09542219998548
uniform,4,1000,150,399,400,1,0,147,49.358598271006485
uniform,4,1000,150,399,400,1,0,148,49.612204043980455
uniform,4,1000,150,399,400,1,0,149,49.853015569999116
uniform,4,1000,150,399,400,1,0,150,50.08978598198155
uniform,4,1000,150,399,400,1,0,151,50.314618142001564
uniform,4,1000,150,399,400,1,0,152,50.56278894798015
uniform,4,1000,150,399,400,1,0,153,50.96616642200388
uniform,4,1000,150,399,400,1,0,154,51.35304934598389
uniform,4,1000,150,399,400,1,0,155,51.67453067199676
uniform,4,1000,150,399,400,1,0,156,51.95376060399576
uniform,4,1000,150,399,400,1,0,157,52.23735407899949
uniform,4,1000,150,399,400,1,0,158,52.4649803719949
uniform,4,1000,150,399,400,1,0,159,52.686291939986404
uniform,4,1000,150,399,400,1,0,160,52.92989954800578
uniform,4,1000,150,399,400,1,0,161,53.146068230998935
uniform,4,1000,150,399,400,1,0,162,53.50500464599463
uniform,4,1000,150,399,400,1,0,163,54.14197397098178
uniform,4,1000,150,399,400,1,0,164,54.52097962098196
uniform,4,1000,150,399,400,1,0,165,54.86707876998116
uniform,4,1000,150,399,400,1,0,166,55.15184225398116
uniform,4,1000,150,399,400,1,0,167,55.409151264000684
uniform,4,1000,150,399,400,1,0,168,55.676539701002184
uniform,4,1000,150,399,400,1,0,169,55.91256764699938
uniform,4,1000,150,399,400,1,0,170,56.19631821598159
uniform,4,1000,150,399,400,1,0,171,56.45861181599321
uniform,4,1000,150,399,400,1,0,172,56.6823151629942
uniform,4,1000,150,399,400,1,0,173,56.89925784099614
uniform,4,1000,150,399,400,1,0,174,57.112459872005275
uniform,4,1000,150,399,400,1,0,175,57.375185997982044
uniform,4,1000,150,399,400,1,0,176,57.60537824398489
uniform,4,1000,150,399,400,1,0,177,57.843980962992646
uniform,4,1000,150,399,399,0,1,178,58.064296808996005
uniform,5,1000,150,399,404,5,0,1,0.4723340180062223
uniform,5,1000,150,399,403,4,0,2,0.7102043479972053
uniform,5,1000,150,399,403,4,0,3,0.9493863940006122
uniform,5,1000,150,399,403,4,0,4,1.1824810479884036
uniform,5,1000,150,399,402,3,0,5,1.4554834059963468
uniform,5,1000,150,399,402,3,0,6,1.7210079969954677
uniform,5,1000,150,399,402,3,0,7,1.9942598349880427
uniform,5,1000,150,399,402,3,0,8,2.285197575984057
uniform,5,1000,150,399,402,3,0,9,2.630985250987578
uniform,5,1000,150,399,402,3,0,10,2.9285154340032022
uniform,5,1000,150,399,402,3,0,11,3.215675209998153
uniform,5,1000,150,399,402,3,0,12,3.505978511995636
uniform,5,1000,150,399,402,3,0,13,3.9069002789910883
uniform,5,1000,150,399,402,3,0,14,4.239586529991357
uniform,5,1000,150,399,402,3,0,15,4.650659603008535
uniform,5,1000,150,399,402,3,0,16,4.955284972995287
uniform,5,1000,150,399,402,3,0,17,5.22841395199066
uniform,5,1000,150,399,402,3,0,18,5.483439319010358
uniform,5,1000,150,399,401,2,0,19,5.764579585986212
uniform,5,1000,150,399,401,2,0,20,6.043265296990285
uniform,5,1000,150,399,401,2,0,21,6.289747992006596
uniform,5,1000,150,399,401,2,0,22,6.530896531010512
uniform,5,1000,150,399,401,2,0,23,6.806192557007307
uniform,5,1000,150,399,401,2,0,24,7.0590970880002715
uniform,5,1000,150,399,401,2,0,25,7.336054526007501
uniform,5,1000,150,399,401,2,0,26,7.637552003987366
uniform,5,1000,150,399,401,2,0,27,7.881457598996349
uniform,5,1000,150,399,401,2,0,28,8.109697323990986
uniform,5,1000,150,399,401,2,0,29,8.35029182600556
uniform,5,1000,150,399,401,2,0,30,8.595119236008031
uniform,5,1000,150,399,401,2,0,31,8.827171187993372
uniform,5,1000,150,399,401,2,0,32,9.083029908011667
uniform,5,1000,150,399,401,2,0,33,9.314667923987145
uniform,5,1000,150,399,401,2,0,34,9.57140658798744
uniform,5,1000,150,399,401,2,0,35,9.990357253002003
uniform,5,1000,150,399,401,2,0,36,10.2682550669997
uniform,5,1000,150,399,401,2,0,37,10.641813432011986
uniform,5,1000,150,399,401,2,0,38,10.94908516999567
uniform,5,1000,150,399,401,2,0,39,11.227861299004871
uniform,5,1000,150,399,401,2,0,40,11.552805885992711
uniform,5,1000,150,399,401,2,0,41,11.838826621999033
uniform,5,1000,150,399,401,2,0,42,12.112024925998412
uniform,5,1000,150,399,401,2,0,43,12.416097898996668
uniform,5,1000,150,399,401,2,0,44,12.730295205983566
uniform,5,1000,150,399,401,2,0,45,13.018323969998164
uniform,5,1000,150,399,401,2,0,46,13.313369293988217
uniform,5,1000,150,399,401,2,0,47,13.58555734201218
uniform,5,1000,150,399,401,2,0,48,13.864388324989704
uniform,5,1000,150,399,401,2,0,49,14.124662109999917
uniform,5,1000,150,399,401,2,0,50,14.49135351300356
uniform,5,1000,150,399,401,2,0,51,14.740903711004648
uniform,5,1000,150,399,401,2,0,52,15.084304888994666
uniform,5,1000,150,399,401,2,0,53,15.374120692984434
uniform,5,1000,150,399,401,2,0,54,15.683899535011733
uniform,5,1000,150,399,401,2,0,55,16.133907556999475
uniform,5,1000,150,399,401,2,0,56,16.554964537004707
uniform,5,1000,150,399,401,2,0,57,16.83584892100771
uniform,5,1000,150,399,400,1,0,58,17.230091937992256
uniform,5,1000,150,399,400,1,0,59,17.68020967001212
uniform,5,1000,150,399,400,1,0,60,18.141966153983958
uniform,5,1000,150,399,400,1,0,61,18.544164218008518
uniform,5,1000,150,399,400,1,0,62,18.89710368399392
uniform,5,1000,150,399,400,1,0,63,19.229643522005063
uniform,5,1000,150,399,400,1,0,64,19.488386852986878
uniform,5,1000,150,399,400,1,0,65,19.739964211999904
uniform,5,1000,150,399,400,1,0,66,20.009847704001004
uniform,5,1000,150,399,400,1,0,67,20.303926452994347
uniform,5,1000,150,399,400,1,0,68,20.775800201983657
uniform,5,1000,150,399,400,1,0,69,21.27169306698488
uniform,5,1000,150,399,400,1,0,70,21.594810053007677
uniform,5,1000,150,399,400,1,0,71,21.877461659983965
uniform,5,1000,150,399,400,1,0,72,22.136197523010196
uniform,5,1000,150,399,400,1,0,73,22.38566616899334
uniform,5,1000,150,399,400,1,0,74,22.61884503098554
uniform,5,1000,150,399,400,1,0,75,22.843027569993865
uniform,5,1000,150,399,400,1,0,76,23.172481490997598
uniform,5,1000,150,399,400,1,0,77,23.470394764008233
uniform,5,1000,150,399,400,1,0,78,23.738159289991017
uniform,5,1000,150,399,400,1,0,79,24.006980575999478
uniform,5,1000,150,399,400,1,0,80,24.375293844001135
uniform,5,1000,150,399,400,1,0,81,24.97213797099539
uniform,5,1000,150,399,400,1,0,82,25.35118440698716
uniform,5,1000,150,399,400,1,0,83,25.86024734401144
uniform,5,1000,150,399,400,1,0,84,26.427753844996914
uniform,5,1000,150,399,400,1,0,85,26.994695339992177
uniform,5,1000,150,399,400,1,0,86,27.329205788002582
uniform,5,1000,150,399,400,1,0,87,27.817529488005675
uniform,5,1000,150,399,400,1,0,88,28.117808003007667
uniform,5,1000,150,399,400,1,0,89,28.39565211100853
uniform,5,1000,150,399,400,1,0,90,28.672933107009158
uniform,5,1000,150,399,400,1,0,91,29.228504080005223
uniform,5,1000,150,399,400,1,0,92,29.731453619984677
uniform,5,1000,150,399,400,1,0,93,30.036375436990056
uniform,5,1000,150,399,400,1,0,94,30.322839080006815
uniform,5,1000,150,399,400,1,0,95,30.580452380992938
uniform,5,1000,150,399,400,1,0,96,30.828248962003272
uniform,5,1000,150,399,400,1,0,97,31.407299515005434
uniform,5,1000,150,399,400,1,0,98,31.95539118698798
uniform,5,1000,150,399,400,1,0,99,32.47653691400774
uniform,5,1000,150,399,400,1,0,100,32.98017271398567
uniform,5,1000,150,399,400,1,0,101,33.48754765299964
uniform,5,1000,150,399,400,1,0,102,33.95059618900996
uniform,5,1000,150,399,400,1,0,103,34.377440387004754
uniform,5,1000,150,399,400,1,0,104,34.77098112899694
uniform,5,1000,150,399,400,1,0,105,35.066493187012384
uniform,5,1000,150,399,400,1,0,106,35.3389070550038
uniform,5,1000,150,399,400,1,0,107,35.63151192700025
uniform,5,1000,150,399,400,1,0,108,35.920165065996116
uniform,5,1000,150,399,400,1,0,109,36.27766300199437
uniform,5,1000,150,399,400,1,0,110,36.778624064987525
uniform,5,1000,150,399,400,1,0,111,37.22618527698796
uniform,5,1000,150,399,400,1,0,112,37.64705827299622
uniform,5,1000,150,399,400,1,0,113,38.09234336600639
uniform,5,1000,150,399,400,1,0,114,38.53477491799276
uniform,5,1000,150,399,400,1,0,115,38.940620999987004
uniform,5,1000,150,399,400,1,0,116,39.488034106005216
uniform,5,1000,150,399,400,1,0,117,39.92935857898556
uniform,5,1000,150,399,400,1,0,118,40.56237423300627
uniform,5,1000,150,399,400,1,0,119,41.07207289899816
uniform,5,1000,150,399,400,1,0,120,41.49433375100489
uniform,5,1000,150,399,400,1,0,121,41.79435006401036
uniform,5,1000,150,399,400,1,0,122,42.08701770598418
uniform,5,1000,150,399,400,1,0,123,42.400446154992096
uniform,5,1000,150,399,400,1,0,124,42.67222203599522
uniform,5,1000,150,399,400,1,0,125,42.930894469987834
uniform,5,1000,150,399,400,1,0,126,43.180478024005424
uniform,5,1000,150,399,400,1,0,127,43.48626380600035
uniform,5,1000,150,399,400,1,0,128,43.73591709299944
uniform,5,1000,150,399,400,1,0,129,43.98397264900268
uniform,5,1000,150,399,400,1,0,130,44.206474398000864
uniform,5,1000,150,399,400,1,0,131,44.444393743993714
uniform,5,1000,150,399,400,1,0,132,44.741941218992
uniform,5,1000,150,399,400,1,0,133,45.085184987983666
uniform,5,1000,150,399,400,1,0,134,45.31986987098935
uniform,5,1000,150,399,400,1,0,135,45.58737667900277
uniform,5,1000,150,399,400,1,0,136,45.83962325099856
uniform,5,1000,150,399,400,1,0,137,46.07131111298804
uniform,5,1000,150,399,400,1,0,138,46.28528620299767
uniform,5,1000,150,399,400,1,0,139,46.53021367700421
uniform,5,1000,150,399,400,1,0,140,46.79200055199908
uniform,5,1000,150,399,400,1,0,141,47.03823887099861
uniform,5,1000,150,399,400,1,0,142,47.2490442119888
uniform,5,1000,150,399,400,1,0,143,47.52492806199007
uniform,5,1000,150,399,400,1,0,144,47.78635814000154
uniform,5,1000,150,399,400,1,0,145,48.02565424400382
uniform,5,1000,150,399,400,1,0,146,48.26332400899264
uniform,5,1000,150,399,400,1,0,147,48.491022619011346
uniform,5,1000,150,399,400,1,0,148,48.72897895699134
uniform,5,1000,150,399,400,1,0,149,49.01579215799575
uniform,5,1000,150,399,400,1,0,150,49.251948913006345
uniform,5,1000,150,399,400,1,0,151,49.47931376899942
uniform,5,1000,150,399,400,1,0,152,49.75248603100772
uniform,5,1000,150,399,400,1,0,153,49.99895944001037
uniform,5,1000,150,399,400,1,0,154,50.23276578000514
uniform,5,1000,150,399,400,1,0,155,50.451493533997564
uniform,5,1000,150,399,400,1,0,156,50.723179930006154
uniform,5,1000,150,399,400,1,0,157,50.971733218000736
uniform,5,1000,150,399,400,1,0,158,51.19200342698605
uniform,5,1000,150,399,400,1,0,159,51.42288197099697
uniform,5,1000,150,399,400,1,0,160,51.64342767899507
uniform,5,1000,150,399,400,1,0,161,51.85919595998712
uniform,5,1000,150,399,400,1,0,162,52.09705939699779
uniform,5,1000,150,399,400,1,0,163,52.30376327098929
uniform,5,1000,150,399,400,1,0,164,52.531829131999984
uniform,5,1000,150,399,400,1,0,165,52.74382877300377
uniform,5,1000,150,399,400,1,0,166,52.96621402198798
uniform,5,1000,150,399,400,1,0,167,53.170370790991
uniform,5,1000,150,399,400,1,0,168,53.37363057301263
uniform,5,1000,150,399,400,1,0,169,53.582290728983935
uniform,5,1000,150,399,400,1,0,170,53.781433617987204
uniform,5,1000,150,399,400,1,0,171,53.9995681589935
uniform,5,1000,150,399,400,1,0,172,54.23854283901164
uniform,5,1000,150,399,400,1,0,173,54.466169847000856
uniform,5,1000,150,399,400,1,0,174,54.679458205006085
uniform,5,1000,150,399,400,1,0,175,54.90584754300653
uniform,5,1000,150,399,400,1,0,176,55.12112571700709
uniform,5,1000,150,399,400,1,0,177,55.3523891250079
uniform,5,1000,150,399,400,1,0,178,55.571914544998435
uniform,5,1000,150,399,400,1,0,179,55.86778263899032
uniform,5,1000,150,399,400,1,0,180,56.12494899099693
uniform,5,1000,150,399,400,1,0,181,56.375517092004884
uniform,5,1000,150,399,400,1,0,182,56.63096507600858
uniform,5,1000,150,399,400,1,0,183,56.85818387600011
uniform,5,1000,150,399,400,1,0,184,57.090708572010044
uniform,5,1000,150,399,400,1,0,185,57.32620996600599
uniform,5,1000,150,399,400,1,0,186,57.56649064499652
uniform,5,1000,150,399,400,1,0,187,57.77946030400926
uniform,5,1000,150,399,400,1,0,188,57.994940992997726
uniform,5,1000,150,399,400,1,0,189,58.20481897200807
uniform,5,1000,150,399,400,1,0,190,58.41032062200247
uniform,5,1000,150,399,400,1,0,191,58.63384678500006
uniform,5,1000,150,399,400,1,0,192,58.86622061498929
uniform,5,1000,150,399,400,1,0,193,59.098218555009225
uniform,5,1000,150,399,400,1,0,194,59.3164315999893
uniform,5,1000,150,399,400,1,0,195,59.52225184600684
uniform,5,1000,150,399,400,1,0,196,59.72532959099044
uniform,5,1000,150,399,400,1,0,197,59.93703959099366
uniform,5,1000,150,399,400,1,0,198,60.15636725400691
uniform,5,1000,150,399,400,1,0,199,60.3925776219985
uniform,5,1000,150,399,400,1,0,200,60.62136055898736
uniform,5,1000,150,399,400,1,0,201,60.82935503599583
uniform,5,1000,150,399,400,1,0,202,61.11341673499555
uniform,5,1000,150,399,400,1,0,203,61.35555076098535
uniform,5,1000,150,399,400,1,0,204,61.575551918998826
uniform,5,1000,150,399,400,1,0,205,61.78429509399575
uniform,5,1000,150,399,400,1,0,206,62.00267292899662
uniform,5,1000,150,399,400,1,0,207,62.234999815002084
uniform,5,1000,150,399,400,1,0,208,62.465439541003434
uniform,5,1000,150,399,400,1,0,209,62.67290069599403
uniform,5,1000,150,399,400,1,0,210,62.890482046990655
uniform,5,1000,150,399,400,1,0,211,63.09799731700332
uniform,5,1000,150,399,400,1,0,212,63.31139229299151
uniform,5,1000,150,399,400,1,0,213,63.52664514401113
uniform,5,1000,150,399,400,1,0,214,63.74701322498731
uniform,5,1000,150,399,400,1,0,215,63.983430572989164
uniform,5,1000,150,399,400,1,0,216,64.19348483299837
uniform,5,1000,150,399,400,1,0,217,64.40900480898563
uniform,5,1000,150,399,400,1,0,218,64.65772430598736
uniform,5,1000,150,399,400,1,0,219,64.88708313298412
uniform,5,1000,150,399,400,1,0,220,65.12755989798461
uniform,5,1000,150,399,400,1,0,221,65.34253038300085
uniform,5,1000,150,399,400,1,0,222,65.65530802399735
uniform,5,1000,150,399,400,1,0,223,65.87704409699654
uniform,5,1000,150,399,400,1,0,224,66.19828067399794
uniform,5,1000,150,399,400,1,0,225,66.45088678901084
uniform,5,1000,150,399,400,1,0,226,66.70728339700145
uniform,5,1000,150,399,400,1,0,227,66.94854183800635
uniform,5,1000,150,399,400,1,0,228,67.16432193099172
uniform,5,1000,150,399,400,1,0,229,67.42690947800293
uniform,5,1000,150,399,400,1,0,230,67.67321283300407
uniform,5,1000,150,399,399,0,1,231,67.93197725099162
uniform,6,1000,150,394,399,5,0,1,0.5028625410050154
uniform,6,1000,150,394,398,4,0,2,0.7573367519944441
uniform,6,1000,150,394,397,3,0,3,1.0027171729889233
uniform,6,1000,150,394,397,3,0,4,1.2473679090035148
uniform,6,1000,150,394,397,3,0,5,1.4793084989942145
uniform,6,1000,150,394,397,3,0,6,1.7218391459900886
uniform,6,1000,150,394,397,3,0,7,1.9981807449948974
uniform,6,1000,150,394,397,3,0,8,2.239287166012218
uniform,6,1000,150,394,397,3,0,9,2.471963585005142
uniform,6,1000,150,394,397,3,0,10,2.7196107560012024
uniform,6,1000,150,394,397,3,0,11,2.9582080770051107
uniform,6,1000,150,394,397,3,0,12,3.24554518199875
uniform,6,1000,150,394,397,3,0,13,3.512239581992617
uniform,6,1000,150,394,397,3,0,14,3.770480764011154
uniform,6,1000,150,394,397,3,0,15,4.010852456995053
uniform,6,1000,150,394,397,3,0,16,4.23799655699986
uniform,6,1000,150,394,397,3,0,17,4.45583387001534
uniform,6,1000,150,394,397,3,0,18,4.678962698002579
uniform,6,1000,150,394,397,3,0,19,4.900786956015509
uniform,6,1000,150,394,397,3,0,20,5.130487285001436
uniform,6,1000,150,394,397,3,0,21,5.353653268015478
uniform,6,1000,150,394,397,3,0,22,5.617377677001059
uniform,6,1000,150,394,397,3,0,23,5.856719820003491
uniform,6,1000,150,394,396,2,0,24,6.093440399999963
uniform,6,1000,150,394,396,2,0,25,6.319924020994222
uniform,6,1000,150,394,396,2,0,26,6.549638361990219
uniform,6,1000,150,394,396,2,0,27,6.782081596000353
uniform,6,1000,150,394,396,2,0,28,7.017134992987849
uniform,6,1000,150,394,396,2,0,29,7.243263735988876
uniform,6,1000,150,394,396,2,0,30,7.457944883004529
uniform,6,1000,150,394,396,2,0,31,7.686455424991436
uniform,6,1000,150,394,396,2,0,32,7.944455963006476
uniform,6,1000,150,394,396,2,0,33,8.204194852994988
uniform,6,1000,150,394,396,2,0,34,8.443454360007308
uniform,6,1000,150,394,396,2,0,35,8.707759343989892
uniform,6,1000,150,394,396,2,0,36,8.943336911994265
uniform,6,1000,150,394,396,2,0,37,9.176952718989924
uniform,6,1000,150,394,396,2,0,38,9.431810069014318
uniform,6,1000,150,394,396,2,0,39,9.656831077998504
uniform,6,1000,150,394,396,2,0,40,9.90588561599725
uniform,6,1000,150,394,396,2,0,41,10.177421238011448
uniform,6,1000,150,394,396,2,0,42,10.426533876016038
uniform,6,1000,150,394,396,2,0,43,10.68944356701104
uniform,6,1000,150,394,396,2,0,44,10.914933825988555
uniform,6,1000,150,394,396,2,0,45,11.143587322003441
uniform,6,1000,150,394,396,2,0,46,11.36505535399192
uniform,6,1000,150,394,396,2,0,47,11.613416762993438
uniform,6,1000,150,394,396,2,0,48,11.831195951002883
uniform,6,1000,150,394,396,2,0,49,12.049912793008843
uniform,6,1000,150,394,396,2,0,50,12.301246760995127
uniform,6,1000,150,394,396,2,0,51,12.535099606000585
uniform,6,1000,150,394,396,2,0,52,12.774721055990085
uniform,6,1000,150,394,396,2,0,53,13.005785665998701
uniform,6,1000,150,394,396,2,0,54,13.224563336989377
uniform,6,1000,150,394,396,2,0,55,13.456483834015671
uniform,6,1000,150,394,396,2,0,56,13.714834326994605
uniform,6,1000,150,394,396,2,0,57,13.937706511002034
uniform,6,1000,150,394,396,2,0,58,14.157476410997333
uniform,6,1000,150,394,396,2,0,59,14.388627990003442
uniform,6,1000,150,394,396,2,0,60,14.611693503014976
uniform,6,1000,150,394,396,2,0,61,14.887311492988374
uniform,6,1000,150,394,396,2,0,62,15.136471901001642
uniform,6,1000,150,394,396,2,0,63,15.381317880994175
uniform,6,1000,150,394,396,2,0,64,15.621344676008448
uniform,6,1000,150,394,396,2,0,65,15.86192590999417
uniform,6,1000,150,394,396,2,0,66,16.0913314060017
uniform,6,1000,150,394,396,2,0,67,16.302156618010486
uniform,6,1000,150,394,396,2,0,68,16.646138443000382
uniform,6,1000,150,394,396,2,0,69,16.898764582991134
uniform,6,1000,150,394,396,2,0,70,17.159280462015886
uniform,6,1000,150,394,396,2,0,71,17.38367551501142
uniform,6,1000,150,394,396,2,0,72,17.613871570007177
uniform,6,1000,150,394,396,2,0,73,17.8741773859947
uniform,6,1000,150,394,396,2,0,74,18.11121410501073
uniform,6,1000,150,394,396,2,0,75,18.335544485016726
uniform,6,1000,150,394,396,2,0,76,18.560873714013724
uniform,6,1000,150,394,396,2,0,77,18.8162650160084
uniform,6,1000,150,394,396,2,0,78,19.05456271499861
uniform,6,1000,150,394,396,2,0,79,19.299728034005966
uniform,6,1000,150,394,396,2,0,80,19.545020837016637
uniform,6,1000,150,394,396,2,0,81,19.78041588200722
uniform,6,1000,150,394,396,2,0,82,20.00738836801611
uniform,6,1000,150,394,396,2,0,83,20.2170512790035
uniform,6,1000,150,394,396,2,0,84,20.424289605987724
uniform,6,1000,150,394,396,2,0,85,20.639116703008767
uniform,6,1000,150,394,396,2,0,86,20.857769774011103
uniform,6,1000,150,394,396,2,0,87,21.0696288709878
uniform,6,1000,150,394,396,2,0,88,21.330022228998132
uniform,6,1000,150,394,396,2,0,89,21.54882736800937
uniform,6,1000,150,394,396,2,0,90,21.790260434994707
uniform,6,1000,150,394,396,2,0,91,22.007395285007078
uniform,6,1000,150,394,396,2,0,92,22.246036349999486
uniform,6,1000,150,394,396,2,0,93,22.563884833012708
uniform,6,1000,150,394,396,2,0,94,22.94684129700181
uniform,6,1000,150,394,396,2,0,95,23.27568956100731
uniform,6,1000,150,394,396,2,0,96,23.635264806012856
uniform,6,1000,150,394,396,2,0,97,24.027592233993346
uniform,6,1000,150,394,396,2,0,98,24.303007848007837
uniform,6,1000,150,394,396,2,0,99,24.614020406006603
uniform,6,1000,150,394,396,2,0,100,24.875862499000505
uniform,6,1000,150,394,396,2,0,101,25.11218490099418
uniform,6,1000,150,394,396,2,0,102,25.332353242993122
uniform,6,1000,150,394,396,2,0,103,25.549869873997523
uniform,6,1000,150,394,396,2,0,104,25.776904575002845
uniform,6,1000,150,394,396,2,0,105,25.994779442989966
uniform,6,1000,150,394,396,2,0,106,26.22548359600478
uniform,6,1000,150,394,396,2,0,107,26.486089503014227
uniform,6,1000,150,394,396,2,0,108,26.828865632996894
uniform,6,1000,150,394,396,2,0,109,27.09387257898925
uniform,6,1000,150,394,396,2,0,110,27.82502104699961
uniform,6,1000,150,394,396,2,0,111,28.234800886013545
uniform,6,1000,150,394,396,2,0,112,28.672050905006472
uniform,6,1000,150,394,396,2,0,113,28.944931261998136
uniform,6,1000,150,394,396,2,0,114,29.27971182600595
uniform,6,1000,150,394,396,2,0,115,29.57587471799343
uniform,6,1000,150,394,396,2,0,116,29.844192663993454
uniform,6,1000,150,394,396,2,0,117,30.203714650007896
uniform,6,1000,150,394,396,2,0,118,30.486190650000935
uniform,6,1000,150,394,396,2,0,119,30.759919306990923
uniform,6,1000,150,394,396,2,0,120,31.003406003001146
uniform,6,1000,150,394,396,2,0,121,31.241262005001772
uniform,6,1000,150,394,396,2,0,122,31.47385618899716
uniform,6,1000,150,394,396,2,0,123,31.75617498299107
uniform,6,1000,150,394,396,2,0,124,32.197666733991355
uniform,6,1000,150,394,396,2,0,125,32.66921548900427
uniform,6,1000,150,394,396,2,0,126,32.97747438700753
uniform,6,1000,150,394,396,2,0,127,33.25644852098776
uniform,6,1000,150,394,396,2,0,128,33.5036768860009
uniform,6,1000,150,394,396,2,0,129,33.815210603002924
uniform,6,1000,150,394,396,2,0,130,34.099236051988555
uniform,6,1000,150,394,396,2,0,131,34.33666739601176
uniform,6,1000,150,394,396,2,0,132,34.58645465999143
uniform,6,1000,150,394,396,2,0,133,34.85689534401172
uniform,6,1000,150,394,396,2,0,134,35.17547173600178
uniform,6,1000,150,394,396,2,0,135,35.413101895013824
uniform,6,1000,150,394,396,2,0,136,35.65856742399046
uniform,6,1000,150,394,396,2,0,137,35.887044970004354
uniform,6,1000,150,394,396,2,0,138,36.104574343014974
uniform,6,1000,150,394,396,2,0,139,36.34842274800758
uniform,6,1000,150,394,396,2,0,140,36.60218842601171
uniform,6,1000,150,394,396,2,0,141,36.85055602999637
uniform,6,1000,150,394,396,2,0,142,37.07104911698843
uniform,6,1000,150,394,396,2,0,143,37.31558618100826
uniform,6,1000,150,394,396,2,0,144,37.59066692600027
uniform,6,1000,150,394,396,2,0,145,37.83481689100154
uniform,6,1000,150,394,396,2,0,146,38.07126692001475
uniform,6,1000,150,394,396,2,0,147,38.29881139201461
uniform,6,1000,150,394,396,2,0,148,38.521585208014585
uniform,6,1000,150,394,396,2,0,149,38.73430378700141
uniform,6,1000,150,394,396,2,0,150,38.95959429698996
uniform,6,1000,150,394,396,2,0,151,39.23786626200308
uniform,6,1000,150,394,396,2,0,152,39.515228731994284
uniform,6,1000,150,394,396,2,0,153,39.82022292399779
uniform,6,1000,150,394,396,2,0,154,40.08503629700863
uniform,6,1000,150,394,396,2,0,155,40.34131884100498
uniform,6,1000,150,394,396,2,0,156,40.58382229501149
uniform,6,1000,150,394,396,2,0,157,40.81459260499105
uniform,6,1000,150,394,396,2,0,158,41.08883347699884
uniform,6,1000,150,394,395,1,0,159,41.31241704599233
uniform,6,1000,150,394,395,1,0,160,41.5376190560055
uniform,6,1000,150,394,395,1,0,161,41.867066665989114
uniform,6,1000,150,394,395,1,0,162,42.13304091099417
uniform,6,1000,150,394,395,1,0,163,42.35960594099015
uniform,6,1000,150,394,395,1,0,164,42.61514052099665
uniform,6,1000,150,394,395,1,0,165,42.84497219999321
uniform,6,1000,150,394,395,1,0,166,43.09137633899809
uniform,6,1000,150,394,395,1,0,167,43.41071439100779
uniform,6,1000,150,394,395,1,0,168,43.70238767401315
uniform,6,1000,150,394,395,1,0,169,44.0885225230013
uniform,6,1000,150,394,395,1,0,170,44.40302240900928
uniform,6,1000,150,394,395,1,0,171,44.76231425101287
uniform,6,1000,150,394,395,1,0,172,45.44070778001333
uniform,6,1000,150,394,395,1,0,173,45.939868079993175
uniform,6,1000,150,394,395,1,0,174,46.21503905201098
uniform,6,1000,150,394,395,1,0,175,46.49892881899723
uniform,6,1000,150,394,395,1,0,176,46.76096969100763
uniform,6,1000,150,394,395,1,0,177,47.06204167701071
uniform,6,1000,150,394,395,1,0,178,47.30483515400556
uniform,6,1000,150,394,395,1,0,179,47.54188840900315
uniform,6,1000,150,394,395,1,0,180,47.917071859003045
uniform,6,1000,150,394,395,1,0,181,48.1806252610113
uniform,6,1000,150,394,395,1,0,182,48.42150791900349
uniform,6,1000,150,394,395,1,0,183,48.77037905700854
uniform,6,1000,150,394,395,1,0,184,49.011138297006255
uniform,6,1000,150,394,395,1,0,185,49.24820724601159
uniform,6,1000,150,394,395,1,0,186,49.468094306997955
uniform,6,1000,150,394,395,1,0,187,49.683832490001805
uniform,6,1000,150,394,395,1,0,188,49.90562499099178
uniform,6,1000,150,394,395,1,0,189,50.132607016013935
uniform,6,1000,150,394,395,1,0,190,50.35271999699762
uniform,6,1000,150,394,395,1,0,191,50.5538160839933
uniform,6,1000,150,394,395,1,0,192,50.77963686801377
uniform,6,1000,150,394,395,1,0,193,50.99024615899543
uniform,6,1000,150,394,395,1,0,194,51.21857725200243
uniform,6,1000,150,394,395,1,0,195,51.42770822299644
uniform,6,1000,150,394,395,1,0,196,51.66247626199038
uniform,6,1000,150,394,395,1,0,197,51.92433952601277
uniform,6,1000,150,394,395,1,0,198,52.155196231993614
uniform,6,1000,150,394,395,1,0,199,52.366054673009785
uniform,6,1000,150,394,395,1,0,200,52.587361706013326
uniform,6,1000,150,394,395,1,0,201,52.79032071999973
uniform,6,1000,150,394,395,1,0,202,52.993389492010465
uniform,6,1000,150,394,395,1,0,203,53.427478838013485
uniform,6,1000,150,394,395,1,0,204,53.94721037501586
uniform,6,1000,150,394,395,1,0,205,54.465899786009686
uniform,6,1000,150,394,395,1,0,206,54.82979233699734
uniform,6,1000,150,394,395,1,0,207,55.47770801000297
uniform,6,1000,150,394,395,1,0,208,55.8659277340048
uniform,6,1000,150,394,395,1,0,209,56.41678258299362
uniform,6,1000,150,394,395,1,0,210,56.86553244301467
uniform,6,1000,150,394,395,1,0,211,57.1763220349967
uniform,6,1000,150,394,395,1,0,212,57.52449814500869
uniform,6,1000,150,394,395,1,0,213,57.789744484995026
uniform,6,1000,150,394,395,1,0,214,58.22786806800286
uniform,6,1000,150,394,395,1,0,215,58.55403733000276
uniform,6,1000,150,394,395,1,0,216,58.80971356900409
uniform,6,1000,150,394,395,1,0,217,59.09530414000619
uniform,6,1000,150,394,395,1,0,218,59.41254474199377
uniform,6,1000,150,394,395,1,0,219,59.673638440988725
uniform,6,1000,150,394,395,1,0,220,59.96065609299694
uniform,6,1000,150,394,395,1,0,221,60.48199455899885
uniform,6,1000,150,394,395,1,0,222,60.90308797301259
uniform,6,1000,150,394,395,1,0,223,61.22633142999257
uniform,6,1000,150,394,395,1,0,224,61.51428267499432
uniform,6,1000,150,394,395,1,0,225,61.87785974401049
uniform,6,1000,150,394,395,1,0,226,62.13816492600017
uniform,6,1000,150,394,395,1,0,227,62.52341289099422
uniform,6,1000,150,394,395,1,0,228,62.98352884201449
uniform,6,1000,150,394,395,1,0,229,63.546637493011076
uniform,6,1000,150,394,395,1,0,230,63.98863693699241
uniform,6,1000,150,394,395,1,0,231,64.29962738900213
uniform,6,1000,150,394,395,1,0,232,64.60151607100852
uniform,6,1000,150,394,395,1,0,233,64.86828576299013
uniform,6,1000,150,394,395,1,0,234,65.12000139500014
uniform,6,1000,150,394,395,1,0,235,65.42058585700579
uniform,6,1000,150,394,395,1,0,236,65.69913284201175
uniform,6,1000,150,394,395,1,0,237,66.03690418499173
uniform,6,1000,150,394,395,1,0,238,66.349694250006
uniform,6,1000,150,394,395,1,0,239,66.61105529501219
uniform,6,1000,150,394,395,1,0,240,66.9591943930136
uniform,6,1000,150,394,395,1,0,241,67.33816457499051
uniform,6,1000,150,394,395,1,0,242,67.76732631001505
uniform,6,1000,150,394,395,1,0,243,68.14511586999288
uniform,6,1000,150,394,395,1,0,244,68.45626626600279
uniform,6,1000,150,394,395,1,0,245,68.99524191798992
uniform,6,1000,150,394,395,1,0,246,69.39667185000144
uniform,6,1000,150,394,395,1,0,247,69.70177517499542
uniform,6,1000,150,394,395,1,0,248,69.9670240250125
uniform,6,1000,150,394,395,1,0,249,70.22864559700247
uniform,6,1000,150,394,395,1,0,250,70.49882005000836
uniform,6,1000,150,394,395,1,0,251,71.2279771649919
uniform,6,1000,150,394,395,1,0,252,71.56003685700125
uniform,6,1000,150,394,395,1,0,253,71.92106875299942
uniform,6,1000,150,394,395,1,0,254,72.2285455740057
uniform,6,1000,150,394,395,1,0,255,72.5893924270058
uniform,6,1000,150,394,395,1,0,256,73.00753244699445
uniform,6,1000,150,394,395,1,0,257,73.32776114300941
uniform,6,1000,150,394,395,1,0,258,73.5729545429931
uniform,6,1000,150,394,395,1,0,259,73.80231311399257
uniform,6,1000,150,394,395,1,0,260,74.22457500800374
uniform,6,1000,150,394,395,1,0,261,74.54121815599501
uniform,6,1000,150,394,395,1,0,262,74.76644027500879
uniform,6,1000,150,394,395,1,0,263,74.9953011170146
uniform,6,1000,150,394,395,1,0,264,75.21675025799777
uniform,6,1000,150,394,395,1,0,265,75.43320696399314
uniform,6,1000,150,394,395,1,0,266,75.66488773698802
uniform,6,1000,150,394,395,1,0,267,75.90429906899226
uniform,6,1000,150,394,395,1,0,268,76.1773289309931
uniform,6,1000,150,394,395,1,0,269,76.48288285601302
uniform,6,1000,150,394,395,1,0,270,76.70543353201356
uniform,6,1000,150,394,395,1,0,271,76.94687613099813
uniform,6,1000,150,394,395,1,0,272,77.219025917002
uniform,6,1000,150,394,395,1,0,273,77.44755261400132
uniform,6,1000,150,394,395,1,0,274,77.68455176000134
uniform,6,1000,150,394,395,1,0,275,77.94998241000576
uniform,6,1000,150,394,395,1,0,276,78.23591636298806
uniform,6,1000,150,394,395,1,0,277,78.46013453201158
uniform,6,1000,150,394,395,1,0,278,78.70482794201234
uniform,6,1000,150,394,395,1,0,279,78.93687872900045
uniform,6,1000,150,394,395,1,0,280,79.37933138100198
uniform,6,1000,150,394,395,1,0,281,79.66848827601643
uniform,6,1000,150,394,395,1,0,282,79.90241375300684
uniform,6,1000,150,394,395,1,0,283,80.25342186601483
uniform,6,1000,150,394,395,1,0,284,80.51576684499742
uniform,6,1000,150,394,395,1,0,285,80.77501837300952
uniform,6,1000,150,394,395,1,0,286,81.03475647300365
uniform,6,1000,150,394,395,1,0,287,81.29648152299342
uniform,6,1000,150,394,395,1,0,288,81.53562156300177
uniform,6,1000,150,394,395,1,0,289,81.85551609500544
uniform,6,1000,150,394,395,1,0,290,82.09863069001585
uniform,6,1000,150,394,395,1,0,291,82.33329546698951
uniform,6,1000,150,394,395,1,0,292,82.5790624069923
uniform,6,1000,150,394,395,1,0,293,82.81343077600468
uniform,6,1000,150,394,395,1,0,294,83.05232266601524
uniform,6,1000,150,394,395,1,0,295,83.4369972840068
uniform,6,1000,150,394,395,1,0,296,83.71317946401541
uniform,6,1000,150,394,395,1,0,297,84.24363577799522
uniform,6,1000,150,394,395,1,0,298,85.02546020998852
uniform,6,1000,150,394,395,1,0,299,85.64291718101595
uniform,6,1000,150,394,395,1,0,300,86.15628141601337
uniform,6,1000,150,394,395,1,0,301,86.55510125099681
uniform,6,1000,150,394,395,1,0,302,86.98780753300525
uniform,6,1000,150,394,395,1,0,303,87.26689357799478
uniform,6,1000,150,394,395,1,0,304,87.53063427199959
uniform,6,1000,150,394,395,1,0,305,87.77546133100986
uniform,6,1000,150,394,395,1,0,306,88.00108453899156
uniform,6,1000,150,394,395,1,0,307,88.21878483801265
uniform,6,1000,150,394,395,1,0,308,88.42723322901293
uniform,6,1000,150,394,395,1,0,309,88.63389715299127
uniform,6,1000,150,394,395,1,0,310,88.84258755299379
uniform,6,1000,150,394,395,1,0,311,89.07442340400303
uniform,6,1000,150,394,395,1,0,312,89.27112401698832
uniform,6,1000,150,394,395,1,0,313,89.69032599701313
uniform,6,1000,150,394,395,1,0,314,89.97977415699279
uniform,6,1000,150,394,395,1,0,315,90.55104640198988
uniform,6,1000,150,394,395,1,0,316,90.85781081899768
uniform,6,1000,150,394,395,1,0,317,91.18361831299262
uniform,6,1000,150,394,395,1,0,318,91.53565086101298
uniform,6,1000,150,394,395,1,0,319,92.08941668100306
uniform,6,1000,150,394,395,1,0,320,92.65307370200753
uniform,6,1000,150,394,395,1,0,321,93.16501288401196
uniform,6,1000,150,394,395,1,0,322,93.49032417399576
uniform,6,1000,150,394,395,1,0,323,93.7842161860026
uniform,6,1000,150,394,395,1,0,324,94.26331472001038
uniform,6,1000,150,394,395,1,0,325,94.58807978199911
uniform,6,1000,150,394,395,1,0,326,94.93011843200657
uniform,6,1000,150,394,395,1,0,327,95.16771127301035
uniform,6,1000,150,394,395,1,0,328,95.43268916101079
uniform,6,1000,150,394,395,1,0,329,95.66688697200152
uniform,6,1000,150,394,395,1,0,330,95.93870074200095
uniform,6,1000,150,394,395,1,0,331,96.19655128501472
uniform,6,1000,150,394,395,1,0,332,96.42807518300833
uniform,6,1000,150,394,395,1,0,333,96.68079639298958
uniform,6,1000,150,394,395,1,0,334,96.91804374099593
uniform,6,1000,150,394,395,1,0,335,97.14078571199207
uniform,6,1000,150,394,395,1,0,336,97.37613509199582
uniform,6,1000,150,394,395,1,0,337,97.6155408009945
uniform,6,1000,150,394,395,1,0,338,97.82936537999194
uniform,6,1000,150,394,395,1,0,339,98.03435477300081
uniform,6,1000,150,394,395,1,0,340,98.24240768401069
uniform,6,1000,150,394,395,1,0,341,98.44703477199073
uniform,6,1000,150,394,395,1,0,342,98.68115265900269
uniform,6,1000,150,394,395,1,0,343,98.93215138299274
uniform,6,1000,150,394,395,1,0,344,99.14788154000416
uniform,6,1000,150,394,395,1,0,345,99.37482113300939
uniform,6,1000,150,394,395,1,0,346,99.6134639380034
uniform,6,1000,150,394,395,1,0,347,99.8373091199901
uniform,6,1000,150,394,395,1,0,348,100.07694734100369
uniform,7,500,150,196,199,3,0,1,0.12211140900035389
uniform,7,500,150,196,199,3,0,2,0.24216330397757702
uniform,7,500,150,196,199,3,0,3,0.3257342799915932
uniform,7,500,150,196,198,2,0,4,0.3918844839790836
uniform,7,500,150,196,198,2,0,5,0.45824730399181135
uniform,7,500,150,196,198,2,0,6,0.5253141690045595
uniform,7,500,150,196,198,2,0,7,0.6113184079877101
uniform,7,500,150,196,198,2,0,8,0.689639360003639
uniform,7,500,150,196,198,2,0,9,0.7674735269974917
uniform,7,500,150,196,198,2,0,10,0.8517205609823577
uniform,7,500,150,196,198,2,0,11,0.9489564090035856
uniform,7,500,150,196,198,2,0,12,1.0461193340015598
uniform,7,500,150,196,198,2,0,13,1.1149256950011477
uniform,7,500,150,196,198,2,0,14,1.196683860005578
uniform,7,500,150,196,198,2,0,15,1.26367057999596
uniform,7,500,150,196,198,2,0,16,1.3294743959850166
uniform,7,500,150,196,198,2,0,17,1.4118686709844042
uniform,7,500,150,196,197,1,0,18,1.4835544929956086
uniform,7,500,150,196,197,1,0,19,1.5810635699890554
uniform,7,500,150,196,197,1,0,20,1.7910519459983334
uniform,7,500,150,196,197,1,0,21,1.976906751981005
uniform,7,500,150,196,197,1,0,22,2.1425978989864234
uniform,7,500,150,196,197,1,0,23,2.3935193099896424
uniform,7,500,150,196,197,1,0,24,2.5351682049804367
uniform,7,500,150,196,197,1,0,25,2.7115618649986573
uniform,7,500,150,196,197,1,0,26,2.9000060279795434
uniform,7,500,150,196,197,1,0,27,3.0867820129788015
uniform,7,500,150,196,197,1,0,28,3.198556130984798
uniform,7,500,150,196,197,1,0,29,3.3089198649977334
uniform,7,500,150,196,197,1,0,30,3.3998658710042946
uniform,7,500,150,196,197,1,0,31,3.5419108839996625
uniform,7,500,150,196,197,1,0,32,3.647648073005257
uniform,7,500,150,196,197,1,0,33,3.75551658400218
uniform,7,500,150,196,197,1,0,34,3.852638329990441
uniform,7,500,150,196,197,1,0,35,4.043703295988962
uniform,7,500,150,196,197,1,0,36,4.192717589001404
uniform,7,500,150,196,197,1,0,37,4.3915921399893705
uniform,7,500,150,196,197,1,0,38,4.588786887994502
uniform,7,500,150,196,197,1,0,39,4.720789391983999
uniform,7,500,150,196,197,1,0,40,4.890401983982883
uniform,7,500,150,196,197,1,0,41,5.071084626979427
uniform,7,500,150,196,197,1,0,42,5.360808929981431
uniform,7,500,150,196,197,1,0,43,5.579508626979077
uniform,7,500,150,196,197,1,0,44,5.693341687991051
uniform,7,500,150,196,197,1,0,45,5.778548703994602
uniform,7,500,150,196,197,1,0,46,5.8894285279966425
uniform,7,500,150,196,197,1,0,47,5.996395816997392
uniform,7,500,150,196,197,1,0,48,6.215833665977698
uniform,7,500,150,196,197,1,0,49,6.468232630984858
uniform,7,500,150,196,197,1,0,50,6.5981745359895285
uniform,7,500,150,196,197,1,0,51,6.702862076985184
uniform,7,500,150,196,197,1,0,52,6.7846331329783425
uniform,7,500,150,196,197,1,0,53,7.083931075001601
uniform,7,500,150,196,197,1,0,54,7.28873331999057
uniform,7,500,150,196,197,1,0,55,7.581106425001053
uniform,7,500,150,196,197,1,0,56,7.782209879980655
uniform,7,500,150,196,197,1,0,57,7.876001868979074
uniform,7,500,150,196,197,1,0,58,7.9664237399993
uniform,7,500,150,196,197,1,0,59,8.112166813982185
uniform,7,500,150,196,197,1,0,60,8.318200217996491
uniform,7,500,150,196,197,1,0,61,8.453652258991497
uniform,7,500,150,196,197,1,0,62,8.570623470994178
uniform,7,500,150,196,197,1,0,63,8.702278312994167
uniform,7,500,150,196,197,1,0,64,8.785325990989804
uniform,7,500,150,196,197,1,0,65,8.876454271987313
uniform,7,500,150,196,197,1,0,66,9.011873326002387
uniform,7,500,150,196,197,1,0,67,9.231881507002981
uniform,7,500,150,196,197,1,0,68,9.399688432982657
uniform,7,500,150,196,197,1,0,69,9.480954047990963
uniform,7,500,150,196,197,1,0,70,9.565048036980443
uniform,7,500,150,196,197,1,0,71,9.651720627996838
uniform,7,500,150,196,197,1,0,72,9.726465865998762
uniform,7,500,150,196,197,1,0,73,9.852607060980517
uniform,7,500,150,196,197,1,0,74,10.050515907001682
uniform,7,500,150,196,197,1,0,75,10.161438228999032
uniform,7,500,150,196,197,1,0,76,10.447118562005926
uniform,7,500,150,196,197,1,0,77,10.54888706599013
uniform,7,500,150,196,197,1,0,78,10.667205668985844
uniform,7,500,150,196,197,1,0,79,10.901260540995281
uniform,7,500,150,196,197,1,0,80,11.052664849004941
uniform,7,500,150,196,197,1,0,81,11.134155809006188
uniform,7,500,150,196,197,1,0,82,11.24630652499036
uniform,7,500,150,196,197,1,0,83,11.378392582992092
uniform,7,500,150,196,197,1,0,84,11.46665146900341
uniform,7,500,150,196,197,1,0,85,11.54017345799366
uniform,7,500,150,196,197,1,0,86,11.621649370004889
uniform,7,500,150,196,197,1,0,87,11.692823688004864
uniform,7,500,150,196,197,1,0,88,11.769082774990238
uniform,7,500,150,196,197,1,0,89,11.853350202989532
uniform,7,500,150,196,197,1,0,90,11.92207668197807
uniform,7,500,150,196,197,1,0,91,11.991804525983753
uniform,7,500,150,196,197,1,0,92,12.061083468986908
uniform,7,500,150,196,197,1,0,93,12.13874617300462
uniform,7,500,150,196,197,1,0,94,12.210495778999757
uniform,7,500,150,196,197,1,0,95,12.27197775998502
uniform,7,500,150,196,197,1,0,96,12.333595970005263
uniform,7,500,150,196,197,1,0,97,12.394316653982969
uniform,7,500,150,196,197,1,0,98,12.460720482980832
uniform,7,500,150,196,197,1,0,99,12.537677630985854
uniform,7,500,150,196,197,1,0,100,12.598654726985842
uniform,7,500,150,196,197,1,0,101,12.672089468978811
uniform,7,500,150,196,197,1,0,102,12.731392576999497
uniform,7,500,150,196,197,1,0,103,12.788541396992514
uniform,7,500,150,196,197,1,0,104,12.853401253989432
uniform,7,500,150,196,197,1,0,105,12.918694452993805
uniform,7,500,150,196,197,1,0,106,12.996593950985698
uniform,7,500,150,196,197,1,0,107,13.05839434498921
uniform,7,500,150,196,197,1,0,108,13.124113164987648
uniform,7,500,150,196,197,1,0,109,13.195007468981203
uniform,7,500,150,196,197,1,0,110,13.264424363995204
uniform,7,500,150,196,197,1,0,111,13.324650544003816
uniform,7,500,150,196,197,1,0,112,13.383838934998494
uniform,7,500,150,196,197,1,0,113,13.44057078298647
uniform,7,500,150,196,197,1,0,114,13.502060522005195
uniform,7,500,150,196,197,1,0,115,13.563025013980223
uniform,7,500,150,196,197,1,0,116,13.623637151002185
uniform,7,500,150,196,197,1,0,117,13.680199519993039
uniform,7,500,150,196,197,1,0,118,13.735644197004149
uniform,7,500,150,196,197,1,0,119,13.792274577979697
uniform,7,500,150,196,197,1,0,120,13.85594863598817
uniform,7,500,150,196,197,1,0,121,13.91398231399944
uniform,7,500,150,196,197,1,0,122,13.969981471978826
uniform,7,500,150,196,197,1,0,123,14.027589246979915
uniform,7,500,150,196,197,1,0,124,14.083873594005127
uniform,7,500,150,196,197,1,0,125,14.147274945979007
uniform,7,500,150,196,197,1,0,126,14.203053524979623
uniform,7,500,150,196,197,1,0,127,14.267194963991642
uniform,7,500,150,196,197,1,0,128,14.329002112004673
uniform,7,500,150,196,197,1,0,129,14.396036076999735
uniform,7,500,150,196,197,1,0,130,14.452846211002907
uniform,7,500,150,196,197,1,0,131,14.51464404098806
uniform,7,500,150,196,197,1,0,132,14.568868759990437
uniform,7,500,150,196,197,1,0,133,14.623971245979192
uniform,7,500,150,196,197,1,0,134,14.685015764000127
uniform,7,500,150,196,197,1,0,135,14.747762337996392
uniform,7,500,150,196,197,1,0,136,14.810822154977359
uniform,7,500,150,196,197,1,0,137,14.874136911996175
uniform,7,500,150,196,197,1,0,138,14.929413023986854
uniform,7,500,150,196,197,1,0,139,15.014411726006074
uniform,7,500,150,196,197,1,0,140,15.093835379986558
uniform,7,500,150,196,197,1,0,141,15.150918009981979
uniform,7,500,150,196,197,1,0,142,15.208284660999198
uniform,7,500,150,196,197,1,0,143,15.290541150985518
uniform,7,500,150,196,197,1,0,144,15.347488269995665
uniform,7,500,150,196,197,1,0,145,15.412723399989773
uniform,7,500,150,196,197,1,0,146,15.469326516002184
uniform,7,500,150,196,197,1,0,147,15.525747820996912
uniform,7,500,150,196,197,1,0,148,15.593542125978274
uniform,7,500,150,196,197,1,0,149,15.658596261986531
uniform,7,500,150,196,197,1,0,150,15.7154148859845
uniform,7,500,150,196,197,1,0,151,15.775150558998575
uniform,7,500,150,196,197,1,0,152,15.848479213978862
uniform,7,500,150,196,197,1,0,153,15.910975210979814
uniform,7,500,150,196,197,1,0,154,15.971622470999137
uniform,7,500,150,196,197,1,0,155,16.032325898995623
uniform,7,500,150,196,197,1,0,156,16.08904447700479
uniform,7,500,150,196,197,1,0,157,16.148128821980208
uniform,7,500,150,196,197,1,0,158,16.204324848979013
uniform,7,500,150,196,197,1,0,159,16.260891363985138
uniform,7,500,150,196,197,1,0,160,16.3180110869871
uniform,7,500,150,196,197,1,0,161,16.376326747995336
uniform,7,500,150,196,197,1,0,162,16.43373373898794
uniform,7,500,150,196,197,1,0,163,16.503222628001822
uniform,7,500,150,196,197,1,0,164,16.62371693897876
uniform,7,500,150,196,197,1,0,165,16.696421998989535
uniform,7,500,150,196,197,1,0,166,16.780630645982455
uniform,7,500,150,196,197,1,0,167,16.856992140004877
uniform,7,500,150,196,197,1,0,168,16.92342970398022
uniform,7,500,150,196,197,1,0,169,17.006163179001305
uniform,7,500,150,196,197,1,0,170,17.072393449983792
uniform,7,500,150,196,197,1,0,171,17.1381151379901
uniform,7,500,150,196,197,1,0,172,17.204014619986992
uniform,7,500,150,196,197,1,0,173,17.264087838993873
uniform,7,500,150,196,197,1,0,174,17.350308644992765
uniform,7,500,150,196,197,1,0,175,17.415222888987046
uniform,7,500,150,196,196,0,1,176,17.484077995992266
uniform,8,250,150,103,104,1,0,1,0.041199892992153764
uniform,8,250,150,103,104,1,0,2,0.0650017749867402
uniform,8,250,150,103,104,1,0,3,0.09084726197761483
uniform,8,250,150,103,104,1,0,4,0.1241388589842245
uniform,8,250,150,103,104,1,0,5,0.146125328989001
uniform,8,250,150,103,104,1,0,6,0.17556573197362013
uniform,8,250,150,103,104,1,0,7,0.19979512298596092
uniform,8,250,150,103,104,1,0,8,0.22313414397649467
uniform,8,250,150,103,104,1,0,9,0.2458384809724521
uniform,8,250,150,103,104,1,0,10,0.2680473559885286
uniform,8,250,150,103,104,1,0,11,0.2929651099839248
uniform,8,250,150,103,104,1,0,12,0.31638954099616967
uniform,8,250,150,103,104,1,0,13,0.3421642789908219
uniform,8,250,150,103,104,1,0,14,0.36964954499853775
uniform,8,250,150,103,104,1,0,15,0.39326164897647686
uniform,8,250,150,103,104,1,0,16,0.41562831599731
uniform,8,250,150,103,104,1,0,17,0.4392051079776138
uniform,8,250,150,103,104,1,0,18,0.46397631999570876
uniform,8,250,150,103,104,1,0,19,0.48950435299775563
uniform,8,250,150,103,104,1,0,20,0.5268355679872911
uniform,8,250,150,103,104,1,0,21,0.5512224979756866
uniform,8,250,150,103,104,1,0,22,0.5749537549854722
uniform,8,250,150,103,104,1,0,23,0.5983000069973059
uniform,8,250,150,103,104,1,0,24,0.6309465279919095
uniform,8,250,150,103,104,1,0,25,0.6558617539994884
uniform,8,250,150,103,104,1,0,26,0.6789837229880504
uniform,8,250,150,103,104,1,0,27,0.7072929729765747
uniform,8,250,150,103,104,1,0,28,0.7299174999934621
uniform,8,250,150,103,104,1,0,29,0.7612852819729596
uniform,8,250,150,103,104,1,0,30,0.7835569549934007
uniform,8,250,150,103,104,1,0,31,0.8073570739943534
uniform,8,250,150,103,104,1,0,32,0.8301445849938318
uniform,8,250,150,103,104,1,0,33,0.8520732979814056
uniform,8,250,150,103,104,1,0,34,0.8810709459939972
uniform,8,250,150,103,104,1,0,35,0.9089632959803566
uniform,8,250,150,103,104,1,0,36,0.9331873359915335
uniform,8,250,150,103,104,1,0,37,0.9619382879754994
uniform,8,250,150,103,104,1,0,38,0.9855728729744442
uniform,8,250,150,103,104,1,0,39,1.0096678669797257
uniform,8,250,150,103,104,1,0,40,1.0351962089771405
uniform,8,250,150,103,104,1,0,41,1.0594671149738133
uniform,8,250,150,103,104,1,0,42,1.0813484939862974
uniform,8,250,150,103,104,1,0,43,1.1025891949830111
uniform,8,250,150,103,104,1,0,44,1.1239191489876248
uniform,8,250,150,103,104,1,0,45,1.1450012089917436
uniform,8,250,150,103,104,1,0,46,1.1737999329925515
uniform,8,250,150,103,104,1,0,47,1.1955687659792602
uniform,8,250,150,103,104,1,0,48,1.2165011819743086
uniform,8,250,150,103,104,1,0,49,1.2409400369797368
uniform,8,250,150,103,104,1,0,50,1.26271998899756
uniform,8,250,150,103,104,1,0,51,1.2865931859996635
uniform,8,250,150,103,104,1,0,52,1.313466403982602
uniform,8,250,150,103,104,1,0,53,1.3361466649803333
uniform,8,250,150,103,104,1,0,54,1.3570919709745795
uniform,8,250,150,103,104,1,0,55,1.3787349129852373
uniform,8,250,150,103,104,1,0,56,1.4051823749905452
uniform,8,250,150,103,104,1,0,57,1.4259671709733084
uniform,8,250,150,103,104,1,0,58,1.4468182489799801
uniform,8,250,150,103,104,1,0,59,1.467656487977365
uniform,8,250,150,103,104,1,0,60,1.488179964973824
uniform,8,250,150,103,104,1,0,61,1.5126200829981826
uniform,8,250,150,103,104,1,0,62,1.5678779419977218
uniform,8,250,150,103,104,1,0,63,1.6105831349850632
uniform,8,250,150,103,104,1,0,64,1.6503365229873452
uniform,8,250,150,103,104,1,0,65,1.6938338459876832
uniform,8,250,150,103,104,1,0,66,1.7479869369999506
uniform,8,250,150,103,104,1,0,67,1.8049654589849524
uniform,8,250,150,103,104,1,0,68,1.858741204981925
uniform,8,250,150,103,104,1,0,69,1.9004529129888397
uniform,8,250,150,103,104,1,0,70,1.9385365749767516
uniform,8,250,150,103,104,1,0,71,1.9865343229903374
uniform,8,250,150,103,104,1,0,72,2.016822545992909
uniform,8,250,150,103,104,1,0,73,2.044221446994925
uniform,8,250,150,103,104,1,0,74,2.081526733993087
uniform,8,250,150,103,104,1,0,75,2.1070342879975215
uniform,8,250,150,103,104,1,0,76,2.1358440199983306
uniform,8,250,150,103,104,1,0,77,2.160828882973874
uniform,8,250,150,103,104,1,0,78,2.1846550129994284
uniform,8,250,150,103,104,1,0,79,2.2090356089756824
uniform,8,250,150,103,104,1,0,80,2.2365224279928952
uniform,8,250,150,103,104,1,0,81,2.266552470973693
uniform,8,250,150,103,104,1,0,82,2.2898804069845937
uniform,8,250,150,103,104,1,0,83,2.3297817489947192
uniform,8,250,150,103,104,1,0,84,2.3745612769853324
uniform,8,250,150,103,104,1,0,85,2.4209484169841744
uniform,8,250,150,103,104,1,0,86,2.4651834559917916
uniform,8,250,150,103,104,1,0,87,2.5338546029815916
uniform,8,250,150,103,104,1,0,88,2.5937215339799877
uniform,8,250,150,103,104,1,0,89,2.6503515879740007
uniform,8,250,150,103,104,1,0,90,2.7104125839832705
uniform,8,250,150,103,104,1,0,91,2.767751496983692
uniform,8,250,150,103,104,1,0,92,2.862697122996906
uniform,8,250,150,103,104,1,0,93,2.8919358999992255
uniform,8,250,150,103,104,1,0,94,2.9181701539782807
uniform,8,250,150,103,104,1,0,95,2.947366708976915
uniform,8,250,150,103,104,1,0,96,2.9745349699805956
uniform,8,250,150,103,104,1,0,97,3.0004040859930683
uniform,8,250,150,103,104,1,0,98,3.0291774759825785
uniform,8,250,150,103,104,1,0,99,3.0555184699769598
uniform,8,250,150,103,104,1,0,100,3.084651833982207
uniform,8,250,150,103,104,1,0,101,3.1168794999830425
uniform,8,250,150,103,104,1,0,102,3.2004986469983123
uniform,8,250,150,103,104,1,0,103,3.2763955619884655
uniform,8,250,150,103,104,1,0,104,3.358297215978382
uniform,8,250,150,103,104,1,0,105,3.4305082709761336
uniform,8,250,150,103,104,1,0,106,3.4625337529869284
uniform,8,250,150,103,104,1,0,107,3.4903885439853184
uniform,8,250,150,103,104,1,0,108,3.516444284992758
uniform,8,250,150,103,104,1,0,109,3.5426608359848615
uniform,8,250,150,103,104,1,0,110,3.5721884509839583
uniform,8,250,150,103,104,1,0,111,3.600565133994678
uniform,8,250,150,103,104,1,0,112,3.6292866499861702
uniform,8,250,150,103,104,1,0,113,3.6614898899861146
uniform,8,250,150,103,104,1,0,114,3.687215200974606
uniform,8,250,150,103,104,1,0,115,3.7125557949766517
uniform,8,250,150,103,104,1,0,116,3.74227688999963
uniform,8,250,150,103,104,1,0,117,3.774593288981123
uniform,8,250,150,103,104,1,0,118,3.801708046987187
uniform,8,250,150,103,104,1,0,119,3.831744715978857
uniform,8,250,150,103,104,1,0,120,3.8606714229972567
uniform,8,250,150,103,104,1,0,121,3.9134859969781246
uniform,8,250,150,103,104,1,0,122,3.940809186984552
uniform,8,250,150,103,104,1,0,123,3.9993058019899763
uniform,8,250,150,103,104,1,0,124,4.053438609000295
uniform,8,250,150,103,104,1,0,125,4.1042565219977405
uniform,8,250,150,103,104,1,0,126,4.164412748999894
uniform,8,250,150,103,104,1,0,127,4.2481535649858415
uniform,8,250,150,103,104,1,0,128,4.3133245459757745
uniform,8,250,150,103,104,1,0,129,4.373293530981755
uniform,8,250,150,103,104,1,0,130,4.430189402977703
uniform,8,250,150,103,104,1,0,131,4.492110396997305
uniform,8,250,150,103,104,1,0,132,4.531203952996293
uniform,8,250,150,103,104,1,0,133,4.583940845972393
uniform,8,250,150,103,104,1,0,134,4.6157601199811324
uniform,8,250,150,103,104,1,0,135,4.644322032982018
uniform,8,250,150,103,104,1,0,136,4.669091264979215
uniform,8,250,150,103,104,1,0,137,4.698490156995831
uniform,8,250,150,103,104,1,0,138,4.725969517981866
uniform,8,250,150,103,104,1,0,139,4.752683757978957
uniform,8,250,150,103,104,1,0,140,4.792755728994962
uniform,8,250,150,103,104,1,0,141,4.823480837978423
uniform,8,250,150,103,104,1,0,142,4.851419513986912
uniform,8,250,150,103,104,1,0,143,4.8792018679960165
uniform,8,250,150,103,104,1,0,144,4.903629669977818
uniform,8,250,150,103,104,1,0,145,4.9310076579859015
uniform,8,250,150,103,104,1,0,146,4.955249276972609
uniform,8,250,150,103,104,1,0,147,4.978971162985545
uniform,8,250,150,103,104,1,0,148,5.004084412998054
uniform,8,250,150,103,104,1,0,149,5.03356160299154
uniform,8,250,150,103,104,1,0,150,5.0569150779920164
uniform,8,250,150,103,104,1,0,151,5.080362056993181
uniform,8,250,150,103,104,1,0,152,5.106469397986075
uniform,8,250,150,103,104,1,0,153,5.137457037984859
uniform,8,250,150,103,104,1,0,154,5.164808211993659
uniform,8,250,150,103,104,1,0,155,5.193650789995445
uniform,8,250,150,103,104,1,0,156,5.2429969489749055
uniform,8,250,150,103,104,1,0,157,5.285177577985451
uniform,8,250,150,103,104,1,0,158,5.331692519976059
uniform,8,250,150,103,104,1,0,159,5.372854675981216
uniform,8,250,150,103,104,1,0,160,5.419292286998825
uniform,8,250,150,103,104,1,0,161,5.4486675939988345
uniform,8,250,150,103,104,1,0,162,5.477715312998043
uniform,8,250,150,103,104,1,0,163,5.503905618999852
uniform,8,250,150,103,104,1,0,164,5.52993329797755
uniform,8,250,150,103,104,1,0,165,5.554155056976015
uniform,8,250,150,103,104,1,0,166,5.583717284986051
uniform,8,250,150,103,104,1,0,167,5.607821276993491
uniform,8,250,150,103,104,1,0,168,5.634280246973503
uniform,8,250,150,103,104,1,0,169,5.657353054994019
uniform,8,250,150,103,104,1,0,170,5.680188589991303
uniform,8,250,150,103,104,1,0,171,5.703207074984675
uniform,8,250,150,103,104,1,0,172,5.726031161000719
uniform,8,250,150,103,104,1,0,173,5.749190177972196
uniform,8,250,150,103,104,1,0,174,5.775873024977045
uniform,8,250,150,103,104,1,0,175,5.798737346980488
uniform,8,250,150,103,104,1,0,176,5.822311345982598
uniform,8,250,150,103,104,1,0,177,5.848202078981558
uniform,8,250,150,103,104,1,0,178,5.882153436978115
uniform,8,250,150,103,104,1,0,179,5.906321451999247
uniform,8,250,150,103,104,1,0,180,5.929513696988579
uniform,8,250,150,103,104,1,0,181,5.951055650977651
uniform,8,250,150,103,104,1,0,182,5.973345487989718
uniform,8,250,150,103,104,1,0,183,5.995630039979005
uniform,8,250,150,103,104,1,0,184,6.019577451981604
uniform,8,250,150,103,104,1,0,185,6.042848909972236
uniform,8,250,150,103,104,1,0,186,6.070733388973167
uniform,8,250,150,103,104,1,0,187,6.09361563497805
uniform,8,250,150,103,104,1,0,188,6.116760068980511
uniform,8,250,150,103,104,1,0,189,6.143598087975988
uniform,8,250,150,103,104,1,0,190,6.1676202769740485
uniform,8,250,150,103,104,1,0,191,6.188066217000596
uniform,8,250,150,103,104,1,0,192,6.214562780980486
uniform,8,250,150,103,104,1,0,193,6.244276412995532
uniform,8,250,150,103,104,1,0,194,6.271246402990073
uniform,8,250,150,103,104,1,0,195,6.292152691981755
uniform,8,250,150,103,104,1,0,196,6.320142040000064
uniform,8,250,150,103,104,1,0,197,6.341147450992139
uniform,8,250,150,103,104,1,0,198,6.362134664988844
uniform,8,250,150,103,104,1,0,199,6.383954319986515
uniform,8,250,150,103,104,1,0,200,6.406108789000427
uniform,8,250,150,103,104,1,0,201,6.428910892980639
uniform,8,250,150,103,104,1,0,202,6.4522070119855925
uniform,8,250,150,103,104,1,0,203,6.4780176319764
uniform,8,250,150,103,104,1,0,204,6.501919469999848
uniform,8,250,150,103,104,1,0,205,6.523809620994143
uniform,8,250,150,103,104,1,0,206,6.548389221978141
uniform,8,250,150,103,104,1,0,207,6.573377306980547
uniform,8,250,150,103,104,1,0,208,6.596612155000912
uniform,8,250,150,103,104,1,0,209,6.624219392979285
uniform,8,250,150,103,104,1,0,210,6.660807623993605
uniform,8,250,150,103,104,1,0,211,6.685219307983061
uniform,8,250,150,103,104,1,0,212,6.70675188099267
uniform,8,250,150,103,104,1,0,213,6.732807271997444
uniform,8,250,150,103,104,1,0,214,6.753266091982368
uniform,8,250,150,103,104,1,0,215,6.773473645997001
uniform,8,250,150,103,104,1,0,216,6.7934831460006535
uniform,8,250,150,103,104,1,0,217,6.8140528069925494
uniform,8,250,150,103,104,1,0,218,6.8346414449915756
uniform,8,250,150,103,104,1,0,219,6.855270144995302
uniform,8,250,150,103,104,1,0,220,6.875458976981463
uniform,8,250,150,103,104,1,0,221,6.8985949589987285
uniform,8,250,150,103,104,1,0,222,6.9195335319964215
uniform,8,250,150,103,104,1,0,223,6.949974556977395
uniform,8,250,150,103,104,1,0,224,6.971585182996932
uniform,8,250,150,103,104,1,0,225,6.999551136977971
uniform,8,250,150,103,104,1,0,226,7.022948019992327
uniform,8,250,150,103,104,1,0,227,7.047157052991679
uniform,8,250,150,103,104,1,0,228,7.067384714988293
uniform,8,250,150,103,104,1,0,229,7.087603712978307
uniform,8,250,150,103,104,1,0,230,7.108301258995198
uniform,8,250,150,103,104,1,0,231,7.1371849729912356
uniform,8,250,150,103,104,1,0,232,7.158782878977945
uniform,8,250,150,103,104,1,0,233,7.181555627990747
uniform,8,250,150,103,104,1,0,234,7.203624456975376
uniform,8,250,150,103,104,1,0,235,7.227003887994215
uniform,8,250,150,103,104,1,0,236,7.249472608993528
uniform,8,250,150,103,104,1,0,237,7.269384889979847
uniform,8,250,150,103,104,1,0,238,7.294978322985116
uniform,8,250,150,103,104,1,0,239,7.316597756987903
uniform,8,250,150,103,104,1,0,240,7.3383136249904055
uniform,8,250,150,103,104,1,0,241,7.367858163983328
uniform,8,250,150,103,104,1,0,242,7.3894236459746026
uniform,8,250,150,103,104,1,0,243,7.411188251979183
uniform,8,250,150,103,104,1,0,244,7.431656561995624
uniform,8,250,150,103,104,1,0,245,7.450745133974124
uniform,8,250,150,103,104,1,0,246,7.469764225999825
uniform,8,250,150,103,104,1,0,247,7.4919105599983595
uniform,8,250,150,103,104,1,0,248,7.514346663985634
uniform,8,250,150,103,104,1,0,249,7.537981053988915
uniform,8,250,150,103,104,1,0,250,7.56538233498577
uniform,8,250,150,103,104,1,0,251,7.5869170619989745
uniform,8,250,150,103,104,1,0,252,7.607122080982663
uniform,8,250,150,103,104,1,0,253,7.6264172779920045
uniform,8,250,150,103,104,1,0,254,7.648455824994016
uniform,8,250,150,103,104,1,0,255,7.685259338992182
uniform,8,250,150,103,104,1,0,256,7.732821662997594
uniform,8,250,150,103,104,1,0,257,7.7784088059852365
uniform,8,250,150,103,104,1,0,258,7.818553980992874
uniform,8,250,150,103,104,1,0,259,7.862826083000982
uniform,8,250,150,103,104,1,0,260,7.907128724997165
uniform,8,250,150,103,104,1,0,261,7.939060448989039
uniform,8,250,150,103,104,1,0,262,7.975331443973118
uniform,8,250,150,103,104,1,0,263,8.003372061997652
uniform,8,250,150,103,104,1,0,264,8.026736202999018
uniform,8,250,150,103,104,1,0,265,8.05176267499337
uniform,8,250,150,103,104,1,0,266,8.075022867997177
uniform,8,250,150,103,104,1,0,267,8.099827633996028
uniform,8,250,150,103,104,1,0,268,8.126097824977478
uniform,8,250,150,103,104,1,0,269,8.151828874979401
uniform,8,250,150,103,104,1,0,270,8.175248917978024
uniform,8,250,150,103,104,1,0,271,8.20044490598957
uniform,8,250,150,103,104,1,0,272,8.224377359991195
uniform,8,250,150,103,104,1,0,273,8.248436319991015
uniform,8,250,150,103,104,1,0,274,8.277601587993558
uniform,8,250,150,103,104,1,0,275,8.301737040979788
uniform,8,250,150,103,104,1,0,276,8.330973572999937
uniform,8,250,150,103,104,1,0,277,8.352774962986587
uniform,8,250,150,103,104,1,0,278,8.383214788977057
uniform,8,250,150,103,104,1,0,279,8.415068560978398
uniform,8,250,150,103,104,1,0,280,8.442533133988036
uniform,8,250,150,103,104,1,0,281,8.466474541986827
uniform,8,250,150,103,104,1,0,282,8.493340513989097
uniform,8,250,150,103,104,1,0,283,8.517132107983343
uniform,8,250,150,103,104,1,0,284,8.538894450000953
uniform,8,250,150,103,104,1,0,285,8.563298887980636
uniform,8,250,150,103,104,1,0,286,8.588921419985127
uniform,8,250,150,103,104,1,0,287,8.613429099990753
uniform,8,250,150,103,104,1,0,288,8.635155633994145
uniform,8,250,150,103,104,1,0,289,8.65578701699269
uniform,8,250,150,103,104,1,0,290,8.676760185975581
uniform,8,250,150,103,104,1,0,291,8.701113018993055
uniform,8,250,150,103,104,1,0,292,8.725047595973592
uniform,8,250,150,103,104,1,0,293,8.747978903993499
uniform,8,250,150,103,104,1,0,294,8.770155558973784
uniform,8,250,150,103,104,1,0,295,8.802135059988359
uniform,8,250,150,103,104,1,0,296,8.843757111986633
uniform,8,250,150,103,104,1,0,297,8.872449292975944
uniform,8,250,150,103,104,1,0,298,8.896759892988484
uniform,8,250,150,103,104,1,0,299,8.920978882990312
uniform,8,250,150,103,104,1,0,300,8.949920273997122
uniform,8,250,150,103,104,1,0,301,8.979017416975694
uniform,8,250,150,103,104,1,0,302,9.01540610898519
uniform,8,250,150,103,104,1,0,303,9.06958410597872
uniform,8,250,150,103,104,1,0,304,9.120318346977001
uniform,8,250,150,103,104,1,0,305,9.18042786300066
uniform,8,250,150,103,104,1,0,306,9.226775602990529
uniform,8,250,150,103,104,1,0,307,9.269025133980904
uniform,8,250,150,103,104,1,0,308,9.335876953991828
uniform,8,250,150,103,104,1,0,309,9.386701644980349
uniform,8,250,150,103,104,1,0,310,9.421221458993386
uniform,8,250,150,103,104,1,0,311,9.455880981986411
uniform,8,250,150,103,104,1,0,312,9.486069103993941
uniform,8,250,150,103,104,1,0,313,9.510611739999149
uniform,8,250,150,103,104,1,0,314,9.535362096998142
uniform,8,250,150,103,104,1,0,315,9.559888324991334
uniform,8,250,150,103,104,1,0,316,9.587574784993194
uniform,8,250,150,103,104,1,0,317,9.61279736898723
uniform,8,250,150,103,104,1,0,318,9.636563064996153
uniform,8,250,150,103,104,1,0,319,9.659408712992445
uniform,8,250,150,103,104,1,0,320,9.69394757898408
uniform,8,250,150,103,104,1,0,321,9.72268751898082
uniform,8,250,150,103,104,1,0,322,9.748058396973647
uniform,8,250,150,103,104,1,0,323,9.778715023974655
uniform,8,250,150,103,104,1,0,324,9.804625167977065
uniform,8,250,150,103,104,1,0,325,9.828023147973
uniform,8,250,150,103,104,1,0,326,9.85191191197373
uniform,8,250,150,103,104,1,0,327,9.876879523973912
uniform,8,250,150,103,104,1,0,328,9.903316798998276
uniform,8,250,150,103,104,1,0,329,9.927315824985271
uniform,8,250,150,103,104,1,0,330,9.95512621299713
uniform,8,250,150,103,104,1,0,331,9.97988857299788
uniform,8,250,150,103,104,1,0,332,10.00788860800094
uniform,8,250,150,103,104,1,0,333,10.033823140984168
uniform,8,250,150,103,104,1,0,334,10.06039773899829
uniform,8,250,150,103,104,1,0,335,10.08482190297218
uniform,8,250,150,103,104,1,0,336,10.111140914988937
uniform,8,250,150,103,104,1,0,337,10.133574843988754
uniform,8,250,150,103,104,1,0,338,10.156257262977306
uniform,8,250,150,103,104,1,0,339,10.1797340719786
uniform,8,250,150,103,104,1,0,340,10.208119166985853
uniform,8,250,150,103,104,1,0,341,10.230697275983403
uniform,8,250,150,103,104,1,0,342,10.253422377980314
uniform,8,250,150,103,104,1,0,343,10.285605530982139
uniform,8,250,150,103,104,1,0,344,10.306530179979745
uniform,8,250,150,103,104,1,0,345,10.340202695981134
uniform,8,250,150,103,104,1,0,346,10.363556142983725
uniform,8,250,150,103,104,1,0,347,10.386007244000211
uniform,8,250,150,103,104,1,0,348,10.407210177974775
uniform,8,250,150,103,104,1,0,349,10.428205941978376
uniform,8,250,150,103,104,1,0,350,10.449064315995201
uniform,8,250,150,103,104,1,0,351,10.469670347985812
uniform,8,250,150,103,104,1,0,352,10.490129496989539
uniform,8,250,150,103,104,1,0,353,10.510777831979794
uniform,8,250,150,103,104,1,0,354,10.534095921990229
uniform,8,250,150,103,104,1,0,355,10.555077625991544
uniform,8,250,150,103,104,1,0,356,10.576144377992023
uniform,8,250,150,103,104,1,0,357,10.612272454978665
uniform,8,250,150,103,104,1,0,358,10.632872955000494
uniform,8,250,150,103,104,1,0,359,10.65595869498793
uniform,8,250,150,103,104,1,0,360,10.680975503986701
uniform,8,250,150,103,104,1,0,361,10.703260173992021
uniform,8,250,150,103,104,1,0,362,10.724256775982212
uniform,8,250,150,103,104,1,0,363,10.747100289998343
uniform,8,250,150,103,104,1,0,364,10.768182077998063
uniform,8,250,150,103,104,1,0,365,10.793851468974026
uniform,8,250,150,103,104,1,0,366,10.81535117799649
uniform,8,250,150,103,104,1,0,367,10.83663261399488
uniform,8,250,150,103,104,1,0,368,10.85762039097608
uniform,8,250,150,103,104,1,0,369,10.87742466997588
uniform,8,250,150,103,104,1,0,370,10.900009530974785
uniform,8,250,150,103,104,1,0,371,10.920313541981159
uniform,8,250,150,103,104,1,0,372,10.94299393199617
uniform,8,250,150,103,104,1,0,373,10.964251416997286
uniform,8,250,150,103,104,1,0,374,10.991941109998152
uniform,8,250,150,103,104,1,0,375,11.014631017984357
uniform,8,250,150,103,104,1,0,376,11.039222347986652
uniform,8,250,150,103,104,1,0,377,11.064757887972519
uniform,8,250,150,103,104,1,0,378,11.091781129973242
uniform,8,250,150,103,104,1,0,379,11.117182160000084
uniform,8,250,150,103,104,1,0,380,11.138360355980694
uniform,8,250,150,103,104,1,0,381,11.159763473988278
uniform,8,250,150,103,104,1,0,382,11.181015665992163
uniform,8,250,150,103,104,1,0,383,11.203056339989416
uniform,8,250,150,103,104,1,0,384,11.22527077398263
uniform,8,250,150,103,104,1,0,385,11.254125106992433
uniform,8,250,150,103,104,1,0,386,11.277631826989818
uniform,8,250,150,103,104,1,0,387,11.298314057989046
uniform,8,250,150,103,104,1,0,388,11.322077987977536
uniform,8,250,150,103,104,1,0,389,11.342827253974974
uniform,8,250,150,103,104,1,0,390,11.36646037598257
uniform,8,250,150,103,104,1,0,391,11.387982455984456
uniform,8,250,150,103,104,1,0,392,11.411546945979353
uniform,8,250,150,103,104,1,0,393,11.440154094976606
uniform,8,250,150,103,104,1,0,394,11.460468883975409
uniform,8,250,150,103,104,1,0,395,11.48127857898362
uniform,8,250,150,103,104,1,0,396,11.501390104996972
uniform,8,250,150,103,104,1,0,397,11.529830712999683
uniform,8,250,150,103,104,1,0,398,11.551169928978197
uniform,8,250,150,103,104,1,0,399,11.570989026979078
uniform,8,250,150,103,104,1,0,400,11.592409940989455
uniform,8,250,150,103,104,1,0,401,11.612227413977962
uniform,8,250,150,103,104,1,0,402,11.635419342987007
uniform,8,250,150,103,104,1,0,403,11.657498421991477
uniform,8,250,150,103,104,1,0,404,11.678688216983574
uniform,8,250,150,103,104,1,0,405,11.701822433999041
uniform,8,250,150,103,104,1,0,406,11.722335067985114
uniform,8,250,150,103,104,1,0,407,11.741438643977745
uniform,8,250,150,103,104,1,0,408,11.762655522994464
uniform,8,250,150,103,104,1,0,409,11.782003598986194
uniform,8,250,150,103,104,1,0,410,11.801013697986491
uniform,8,250,150,103,104,1,0,411,11.820578268991085
uniform,8,250,150,103,104,1,0,412,11.839781992981443
uniform,8,250,150,103,104,1,0,413,11.859319505980238
uniform,8,250,150,103,104,1,0,414,11.886740606976673
uniform,8,250,150,103,104,1,0,415,11.904888789984398
uniform,8,250,150,103,104,1,0,416,11.924010047980119
uniform,8,250,150,103,104,1,0,417,11.945134828973096
uniform,8,250,150,103,104,1,0,418,11.9664520349761
uniform,8,250,150,103,104,1,0,419,11.990154267987236
uniform,8,250,150,103,104,1,0,420,12.009356171998661
uniform,8,250,150,103,104,1,0,421,12.028635656984989
uniform,8,250,150,103,104,1,0,422,12.048405779991299
uniform,8,250,150,103,104,1,0,423,12.071976085979259
uniform,8,250,150,103,104,1,0,424,12.092544138984522
uniform,8,250,150,103,104,1,0,425,12.11433176099672
uniform,8,250,150,103,104,1,0,426,12.135720366000896
uniform,8,250,150,103,104,1,0,427,12.159351115988102
uniform,8,250,150,103,104,1,0,428,12.178406472987263
uniform,8,250,150,103,104,1,0,429,12.200257776974468
uniform,8,250,150,103,104,1,0,430,12.2238172669895
uniform,8,250,150,103,104,1,0,431,12.243570772989187
uniform,8,250,150,103,104,1,0,432,12.263240575994132
uniform,8,250,150,103,104,1,0,433,12.283548193983734
uniform,8,250,150,103,104,1,0,434,12.307293553982163
uniform,8,250,150,103,104,1,0,435,12.330119180987822
uniform,8,250,150,103,104,1,0,436,12.349252643994987
uniform,8,250,150,103,104,1,0,437,12.374808474996826
uniform,8,250,150,103,104,1,0,438,12.397176804981427
uniform,8,250,150,103,104,1,0,439,12.420004397979937
uniform,8,250,150,103,104,1,0,440,12.446614327986026
uniform,8,250,150,103,104,1,0,441,12.46683621397824
uniform,8,250,150,103,104,1,0,442,12.492324691993417
uniform,8,250,150,103,104,1,0,443,12.51320382198901
uniform,8,250,150,103,104,1,0,444,12.536278888001107
uniform,8,250,150,103,104,1,0,445,12.558192762982799
uniform,8,250,150,103,104,1,0,446,12.581679917988367
uniform,8,250,150,103,104,1,0,447,12.60391022497788
uniform,8,250,150,103,104,1,0,448,12.628320212999824
uniform,8,250,150,103,104,1,0,449,12.650429620989598
uniform,8,250,150,103,104,1,0,450,12.675158956000814
uniform,8,250,150,103,104,1,0,451,12.697250865981914
uniform,8,250,150,103,104,1,0,452,12.718371227994794
uniform,8,250,150,103,104,1,0,453,12.740882150974358
uniform,8,250,150,103,104,1,0,454,12.7606632449897
uniform,8,250,150,103,104,1,0,455,12.786083322978811
uniform,8,250,150,103,104,1,0,456,12.817729441972915
uniform,8,250,150,103,104,1,0,457,12.841726625978481
uniform,8,250,150,103,104,1,0,458,12.87035299197305
uniform,8,250,150,103,104,1,0,459,12.893605018995004
uniform,8,250,150,103,104,1,0,460,12.923903562972555
uniform,8,250,150,103,104,1,0,461,12.949266716983402
uniform,8,250,150,103,104,1,0,462,12.971210418996634
uniform,8,250,150,103,104,1,0,463,12.995586743985768
uniform,8,250,150,103,104,1,0,464,13.015461143979337
uniform,8,250,150,103,104,1,0,465,13.035343969997484
uniform,8,250,150,103,104,1,0,466,13.057337938982528
uniform,8,250,150,103,104,1,0,467,13.083558518992504
uniform,8,250,150,103,104,1,0,468,13.107042724994244
uniform,8,250,150,103,104,1,0,469,13.130179050000152
uniform,8,250,150,103,104,1,0,470,13.181109018973075
uniform,8,250,150,103,104,1,0,471,13.203638114995556
uniform,8,250,150,103,104,1,0,472,13.227961716998834
uniform,8,250,150,103,104,1,0,473,13.25247291298001
uniform,8,250,150,103,104,1,0,474,13.280356763978489
uniform,8,250,150,103,104,1,0,475,13.315842310985317
uniform,8,250,150,103,104,1,0,476,13.346860244986601
uniform,8,250,150,103,104,1,0,477,13.36989796598209
uniform,8,250,150,103,104,1,0,478,13.396353753982112
uniform,8,250,150,103,104,1,0,479,13.418308760999935
uniform,8,250,150,103,104,1,0,480,13.439108688995475
uniform,8,250,150,103,104,1,0,481,13.468033427983755
uniform,8,250,150,103,104,1,0,482,13.491785004996927
uniform,8,250,150,103,104,1,0,483,13.515191676997347
uniform,8,250,150,103,104,1,0,484,13.538903109991224
uniform,8,250,150,103,104,1,0,485,13.562184980983147
uniform,8,250,150,103,104,1,0,486,13.584188376989914
uniform,8,250,150,103,104,1,0,487,13.605656473984709
uniform,8,250,150,103,104,1,0,488,13.625663368991809
uniform,8,250,150,103,104,1,0,489,13.645571104978444
uniform,8,250,150,103,104,1,0,490,13.667541065980913
uniform,8,250,150,103,104,1,0,491,13.696563430974493
uniform,8,250,150,103,104,1,0,492,13.717999864980811
uniform,8,250,150,103,104,1,0,493,13.737893422978232
uniform,8,250,150,103,104,1,0,494,13.762408070993843
uniform,8,250,150,103,104,1,0,495,13.787313522974728
uniform,8,250,150,103,104,1,0,496,13.811793498985935
uniform,8,250,150,103,104,1,0,497,13.835177654982544
uniform,8,250,150,103,104,1,0,498,13.855552502995124
uniform,8,250,150,103,104,1,0,499,13.87542524599121
uniform,8,250,150,103,104,1,0,500,13.897418737993576
uniform,8,250,150,103,104,1,0,501,13.919023897993611
uniform,8,250,150,103,104,1,0,502,13.946564420999493
uniform,8,250,150,103,104,1,0,503,13.969098805973772
uniform,8,250,150,103,104,1,0,504,13.990286980988458
uniform,8,250,150,103,104,1,0,505,14.010133347997908
uniform,8,250,150,103,104,1,0,506,14.033859596995171
uniform,8,250,150,103,104,1,0,507,14.054784387000836
uniform,8,250,150,103,104,1,0,508,14.079388458980247
uniform,8,250,150,103,104,1,0,509,14.098083119984949
uniform,8,250,150,103,104,1,0,510,14.12067868799204
uniform,8,250,150,103,104,1,0,511,14.155206489987904
uniform,8,250,150,103,104,1,0,512,14.17729371698806
uniform,8,250,150,103,104,1,0,513,14.196629151992965
uniform,8,250,150,103,104,1,0,514,14.21635759799392
uniform,8,250,150,103,104,1,0,515,14.236804328975268
uniform,8,250,150,103,104,1,0,516,14.258686755987583
uniform,8,250,150,103,104,1,0,517,14.28343123497325
uniform,8,250,150,103,104,1,0,518,14.309901822998654
uniform,8,250,150,103,104,1,0,519,14.34256594197359
uniform,8,250,150,103,104,1,0,520,14.365641386975767
uniform,8,250,150,103,104,1,0,521,14.389197360986145
uniform,8,250,150,103,104,1,0,522,14.422885531996144
uniform,8,250,150,103,104,1,0,523,14.451399913989007
uniform,8,250,150,103,104,1,0,524,14.472741662000772
uniform,8,250,150,103,104,1,0,525,14.494148765981663
uniform,8,250,150,103,104,1,0,526,14.522727103991201
uniform,8,250,150,103,104,1,0,527,14.607420967979124
uniform,8,250,150,103,104,1,0,528,14.669734860974131
uniform,8,250,150,103,104,1,0,529,14.73854544799542
uniform,8,250,150,103,104,1,0,530,14.813311531994259
uniform,8,250,150,103,104,1,0,531,14.876029443985317
uniform,8,250,150,103,104,1,0,532,14.92653108597733
uniform,8,250,150,103,104,1,0,533,15.01203727297252
uniform,8,250,150,103,104,1,0,534,15.078219857998192
uniform,8,250,150,103,104,1,0,535,15.114279107976472
uniform,8,250,150,103,104,1,0,536,15.145854616974248
uniform,8,250,150,103,104,1,0,537,15.174950583983446
uniform,8,250,150,103,104,1,0,538,15.201271799975075
uniform,8,250,150,103,104,1,0,539,15.230645300995093
uniform,8,250,150,103,104,1,0,540,15.256569552992005
uniform,8,250,150,103,104,1,0,541,15.288816539978143
uniform,8,250,150,103,104,1,0,542,15.329144070972688
uniform,8,250,150,103,104,1,0,543,15.359651421982562
uniform,8,250,150,103,104,1,0,544,15.418155976978596
uniform,8,250,150,103,104,1,0,545,15.486303307989147
uniform,8,250,150,103,104,1,0,546,15.528971786989132
uniform,8,250,150,103,104,1,0,547,15.575770890980493
uniform,8,250,150,103,104,1,0,548,15.636960409989115
uniform,8,250,150,103,104,1,0,549,15.714107918989612
uniform,8,250,150,103,104,1,0,550,15.774244145984994
uniform,8,250,150,103,104,1,0,551,15.86609280097764
uniform,8,250,150,103,104,1,0,552,15.917861668975092
uniform,8,250,150,103,104,1,0,553,15.997769890993368
uniform,8,250,150,103,104,1,0,554,16.03546143398853
uniform,8,250,150,103,104,1,0,555,16.064978921000147
uniform,8,250,150,103,104,1,0,556,16.09388890999253
uniform,8,250,150,103,104,1,0,557,16.130636420974042
uniform,8,250,150,103,104,1,0,558,16.158990646974416
uniform,8,250,150,103,104,1,0,559,16.188609165983507
uniform,8,250,150,103,104,1,0,560,16.22430969798006
uniform,8,250,150,103,104,1,0,561,16.25176481498056
uniform,8,250,150,103,104,1,0,562,16.28070124797523
uniform,8,250,150,103,104,1,0,563,16.3064577379846
uniform,8,250,150,103,104,1,0,564,16.367471044999547
uniform,8,250,150,103,104,1,0,565,16.413443083991297
uniform,8,250,150,103,104,1,0,566,16.47317141998792
uniform,8,250,150,103,104,1,0,567,16.529444544983562
uniform,8,250,150,103,104,1,0,568,16.574186624988215
uniform,8,250,150,103,104,1,0,569,16.625898565980606
uniform,8,250,150,103,104,1,0,570,16.66932609997457
uniform,8,250,150,103,104,1,0,571,16.70210100300028
uniform,8,250,150,103,104,1,0,572,16.73362002900103
uniform,8,250,150,103,104,1,0,573,16.767985661979765
uniform,8,250,150,103,104,1,0,574,16.800619424990145
uniform,8,250,150,103,104,1,0,575,16.82587762598996
uniform,8,250,150,103,104,1,0,576,16.850332402973436
uniform,8,250,150,103,104,1,0,577,16.88344259400037
uniform,8,250,150,103,104,1,0,578,16.938681386993267
uniform,8,250,150,103,104,1,0,579,17.01110228197649
uniform,8,250,150,103,104,1,0,580,17.08303923899075
uniform,8,250,150,103,104,1,0,581,17.1355925979733
uniform,8,250,150,103,104,1,0,582,17.16320513098617
uniform,8,250,150,103,104,1,0,583,17.18916226597503
uniform,8,250,150,103,104,1,0,584,17.21880100699491
uniform,8,250,150,103,104,1,0,585,17.248955342976842
uniform,8,250,150,103,104,1,0,586,17.284124145982787
uniform,8,250,150,103,104,1,0,587,17.308731213997817
uniform,8,250,150,103,104,1,0,588,17.334689118986716
uniform,8,250,150,103,104,1,0,589,17.359254755981965
uniform,8,250,150,103,104,1,0,590,17.384866990993032
uniform,8,250,150,103,104,1,0,591,17.41565585299395
uniform,8,250,150,103,104,1,0,592,17.456328180996934
uniform,8,250,150,103,104,1,0,593,17.489618089981377
uniform,8,250,150,103,104,1,0,594,17.523693383991485
uniform,8,250,150,103,104,1,0,595,17.56190033897292
uniform,8,250,150,103,104,1,0,596,17.589808318996802
uniform,8,250,150,103,104,1,0,597,17.621477562992368
uniform,8,250,150,103,104,1,0,598,17.657583548978437
uniform,8,250,150,103,104,1,0,599,17.68219570798101
uniform,8,250,150,103,104,1,0,600,17.711685930000385
uniform,8,250,150,103,104,1,0,601,17.73860510098166
uniform,8,250,150,103,104,1,0,602,17.766703874978703
uniform,8,250,150,103,104,1,0,603,17.790781486983178
uniform,8,250,150,103,104,1,0,604,17.814751487981994
uniform,8,250,150,103,104,1,0,605,17.841065254993737
uniform,8,250,150,103,104,1,0,606,17.86678436998045
uniform,8,250,150,103,104,1,0,607,17.88967791799223
uniform,8,250,150,103,104,1,0,608,17.919440436991863
uniform,8,250,150,103,104,1,0,609,17.95239263199619
uniform,8,250,150,103,104,1,0,610,17.976003282994498
uniform,8,250,150,103,104,1,0,611,18.00194121597451
uniform,8,250,150,103,104,1,0,612,18.0250868749863
uniform,8,250,150,103,104,1,0,613,18.05209065999952
uniform,8,250,150,103,104,1,0,614,18.075092873972608
uniform,8,250,150,103,104,1,0,615,18.098763440997573
uniform,8,250,150,103,104,1,0,616,18.121699346986134
uniform,8,250,150,103,104,1,0,617,18.149901963974116
uniform,8,250,150,103,104,1,0,618,18.171497672999976
uniform,8,250,150,103,104,1,0,619,18.19508208098705
uniform,8,250,150,103,104,1,0,620,18.216624394000974
uniform,8,250,150,103,104,1,0,621,18.240914604975842
uniform,8,250,150,103,104,1,0,622,18.26244762999704
uniform,8,250,150,103,104,1,0,623,18.294257994974032
uniform,8,250,150,103,104,1,0,624,18.317075192986522
uniform,8,250,150,103,104,1,0,625,18.338443827000447
uniform,8,250,150,103,104,1,0,626,18.365791027987143
uniform,8,250,150,103,104,1,0,627,18.39775020198431
uniform,8,250,150,103,104,1,0,628,18.421827958984068
uniform,8,250,150,103,104,1,0,629,18.44326269198791
uniform,8,250,150,103,104,1,0,630,18.464255264989333
uniform,8,250,150,103,104,1,0,631,18.488622500997735
uniform,8,250,150,103,104,1,0,632,18.538050045986893
uniform,8,250,150,103,104,1,0,633,18.586918966990197
uniform,8,250,150,103,104,1,0,634,18.63850533697405
uniform,8,250,150,103,104,1,0,635,18.693933853995986
uniform,8,250,150,103,104,1,0,636,18.749214438983472
uniform,8,250,150,103,104,1,0,637,18.775998112978414
uniform,8,250,150,103,104,1,0,638,18.802328776975628
uniform,8,250,150,103,104,1,0,639,18.83439684798941
uniform,8,250,150,103,104,1,0,640,18.859624628996244
uniform,8,250,150,103,104,1,0,641,18.886728341982234
uniform,8,250,150,103,104,1,0,642,18.914214415999595
uniform,8,250,150,103,104,1,0,643,18.945919084973866
uniform,8,250,150,103,104,1,0,644,18.971620376978535
uniform,8,250,150,103,104,1,0,645,19.000011083990103
uniform,8,250,150,103,104,1,0,646,19.023200716997962
uniform,8,250,150,103,104,1,0,647,19.04836835898459
uniform,8,250,150,103,104,1,0,648,19.071379989996785
uniform,8,250,150,103,104,1,0,649,19.09561444199062
uniform,8,250,150,103,104,1,0,650,19.118847074976657
uniform,8,250,150,103,104,1,0,651,19.14036061798106
uniform,8,250,150,103,104,1,0,652,19.16191102899029
uniform,8,250,150,103,104,1,0,653,19.184115528973052
uniform,8,250,150,103,104,1,0,654,19.2059202179953
uniform,8,250,150,103,104,1,0,655,19.228603526978986
uniform,8,250,150,103,104,1,0,656,19.256147028994747
uniform,8,250,150,103,104,1,0,657,19.277583642979153
uniform,8,250,150,103,104,1,0,658,19.300401563989
uniform,8,250,150,103,104,1,0,659,19.329913385998225
uniform,8,250,150,103,104,1,0,660,19.359571007982595
uniform,8,250,150,103,104,1,0,661,19.38305180199677
uniform,8,250,150,103,104,1,0,662,19.403455230989493
uniform,8,250,150,103,104,1,0,663,19.428587156988215
uniform,8,250,150,103,104,1,0,664,19.456537746998947
uniform,8,250,150,103,104,1,0,665,19.477612308983225
uniform,8,250,150,103,104,1,0,666,19.511689371982357
uniform,8,250,150,103,104,1,0,667,19.533954949991312
uniform,8,250,150,103,104,1,0,668,19.55740532098571
uniform,8,250,150,103,104,1,0,669,19.57863992298371
uniform,8,250,150,103,104,1,0,670,19.60013585697743
uniform,8,250,150,103,104,1,0,671,19.621403155993903
uniform,8,250,150,103,104,1,0,672,19.642392917972757
uniform,8,250,150,103,104,1,0,673,19.666075683984673
uniform,8,250,150,103,104,1,0,674,19.69609840598423
uniform,8,250,150,103,104,1,0,675,19.72041333798552
uniform,8,250,150,103,104,1,0,676,19.7447551759833
uniform,8,250,150,103,104,1,0,677,19.773637021979084
uniform,8,250,150,103,104,1,0,678,19.797760661982466
uniform,8,250,150,103,104,1,0,679,19.82794460799778
uniform,8,250,150,103,104,1,0,680,19.854204525996465
uniform,8,250,150,103,104,1,0,681,19.87491086299997
uniform,8,250,150,103,104,1,0,682,19.895502290979493
uniform,8,250,150,103,104,1,0,683,19.920636115974048
uniform,8,250,150,103,104,1,0,684,19.942610115977004
uniform,8,250,150,103,104,1,0,685,19.963451313000405
uniform,8,250,150,103,104,1,0,686,19.983748367987573
uniform,8,250,150,103,104,1,0,687,20.003400306974072
uniform,8,250,150,103,104,1,0,688,20.025250333972508
uniform,8,250,150,103,104,1,0,689,20.04697970399866
uniform,8,250,150,103,104,1,0,690,20.068797552987235
uniform,8,250,150,103,104,1,0,691,20.088205720996484
uniform,8,250,150,103,104,1,0,692,20.109334413980832
uniform,8,250,150,103,104,1,0,693,20.156646881980123
uniform,8,250,150,103,104,1,0,694,20.183891851978842
uniform,8,250,150,103,104,1,0,695,20.20520861199475
uniform,8,250,150,103,104,1,0,696,20.229475653992267
uniform,8,250,150,103,104,1,0,697,20.251994558988372
uniform,8,250,150,103,104,1,0,698,20.27303126399056
uniform,8,250,150,103,104,1,0,699,20.29275747598149
uniform,8,250,150,103,104,1,0,700,20.319166176981525
uniform,8,250,150,103,104,1,0,701,20.34269270999357
uniform,8,250,150,103,104,1,0,702,20.36397586998646
uniform,8,250,150,103,104,1,0,703,20.3871594289958
uniform,8,250,150,103,104,1,0,704,20.407589340989944
uniform,8,250,150,103,104,1,0,705,20.428792485996382
uniform,8,250,150,103,104,1,0,706,20.450198424980044
uniform,8,250,150,103,104,1,0,707,20.474677935999352
uniform,8,250,150,103,104,1,0,708,20.500349934998667
uniform,8,250,150,103,104,1,0,709,20.522024890000466
uniform,8,250,150,103,104,1,0,710,20.543206611997448
uniform,8,250,150,103,104,1,0,711,20.565172169997822
uniform,8,250,150,103,104,1,0,712,20.59859882798628
uniform,8,250,150,103,104,1,0,713,20.65325972897699
uniform,8,250,150,103,104,1,0,714,20.713215903990204
uniform,8,250,150,103,104,1,0,715,20.77662297297502
uniform,8,250,150,103,104,1,0,716,20.841812175000086
uniform,8,250,150,103,104,1,0,717,20.91719183899113
uniform,8,250,150,103,104,1,0,718,20.996432820975315
uniform,8,250,150,103,104,1,0,719,21.06948879698757
uniform,8,250,150,103,104,1,0,720,21.126868503983133
uniform,8,250,150,103,104,1,0,721,21.20610066797235
uniform,8,250,150,103,104,1,0,722,21.24770766799338
uniform,8,250,150,103,104,1,0,723,21.275799061986618
uniform,8,250,150,103,104,1,0,724,21.33381874699262
uniform,8,250,150,103,104,1,0,725,21.369661307981005
uniform,8,250,150,103,104,1,0,726,21.397137633000966
uniform,8,250,150,103,104,1,0,727,21.441256966994843
uniform,8,250,150,103,104,1,0,728,21.475274420983624
uniform,8,250,150,103,104,1,0,729,21.501722945977235
uniform,8,250,150,103,104,1,0,730,21.527432267990662
uniform,8,250,150,103,104,1,0,731,21.55145867000101
uniform,8,250,150,103,104,1,0,732,21.581631454988383
uniform,8,250,150,103,104,1,0,733,21.607604240998626
uniform,8,250,150,103,104,1,0,734,21.631867269985378
uniform,8,250,150,103,104,1,0,735,21.659342924976954
uniform,8,250,150,103,104,1,0,736,21.68888996198075
uniform,8,250,150,103,104,1,0,737,21.714414843998384
uniform,8,250,150,103,104,1,0,738,21.741346414986765
uniform,8,250,150,103,104,1,0,739,21.765028680994874
uniform,8,250,150,103,104,1,0,740,21.7904069039796
uniform,8,250,150,103,104,1,0,741,21.819251346983947
uniform,8,250,150,103,104,1,0,742,21.844837825978175
uniform,8,250,150,103,104,1,0,743,21.8713133049896
uniform,8,250,150,103,104,1,0,744,21.89871377198142
uniform,8,250,150,103,104,1,0,745,21.930342779000057
uniform,8,250,150,103,104,1,0,746,21.95687798099243
uniform,8,250,150,103,104,1,0,747,21.98009324798477
uniform,8,250,150,103,104,1,0,748,22.003124768991256
uniform,8,250,150,103,104,1,0,749,22.02971650697873
uniform,8,250,150,103,104,1,0,750,22.05588318099035
uniform,8,250,150,103,104,1,0,751,22.100488467985997
uniform,8,250,150,103,104,1,0,752,22.126927685982082
uniform,8,250,150,103,104,1,0,753,22.15003263199469
uniform,8,250,150,103,104,1,0,754,22.17638813398662
uniform,8,250,150,103,104,1,0,755,22.202034953981638
uniform,8,250,150,103,104,1,0,756,22.227873021998676
uniform,8,250,150,103,104,1,0,757,22.251188036985695
uniform,8,250,150,103,104,1,0,758,22.280455872998573
uniform,8,250,150,103,104,1,0,759,22.305883184977574
uniform,8,250,150,103,104,1,0,760,22.335406737984158
uniform,8,250,150,103,104,1,0,761,22.35840945597738
uniform,8,250,150,103,104,1,0,762,22.381893508980284
uniform,8,250,150,103,104,1,0,763,22.40655858797254
uniform,8,250,150,103,104,1,0,764,22.433967643999495
uniform,8,250,150,103,104,1,0,765,22.45708441498573
uniform,8,250,150,103,104,1,0,766,22.478941071982263
uniform,8,250,150,103,104,1,0,767,22.505413159989985
uniform,8,250,150,103,104,1,0,768,22.527947642985964
uniform,8,250,150,103,104,1,0,769,22.55033289498533
uniform,8,250,150,103,104,1,0,770,22.613065802986966
uniform,8,250,150,103,104,1,0,771,22.679672265978297
uniform,8,250,150,103,104,1,0,772,22.739421569975093
uniform,8,250,150,103,104,1,0,773,22.794936053978745
uniform,8,250,150,103,104,1,0,774,22.822310668998398
uniform,8,250,150,103,104,1,0,775,22.853941139997914
uniform,8,250,150,103,104,1,0,776,22.885288742982084
uniform,8,250,150,103,104,1,0,777,22.911321761988802
uniform,8,250,150,103,104,1,0,778,22.935746682982426
uniform,8,250,150,103,104,1,0,779,22.960109107982134
uniform,8,250,150,103,104,1,0,780,22.991635150974616
uniform,8,250,150,103,104,1,0,781,23.021635330980644
uniform,8,250,150,103,104,1,0,782,23.048271566978656
uniform,8,250,150,103,104,1,0,783,23.07702793899807
uniform,8,250,150,103,104,1,0,784,23.106431911000982
uniform,8,250,150,103,104,1,0,785,23.12911961399368
uniform,8,250,150,103,104,1,0,786,23.150929225987056
uniform,8,250,150,103,104,1,0,787,23.177650251978775
uniform,8,250,150,103,104,1,0,788,23.200232976989355
uniform,8,250,150,103,104,1,0,789,23.229154404980363
uniform,8,250,150,103,104,1,0,790,23.25371580099454
uniform,8,250,150,103,104,1,0,791,23.277768441999797
uniform,8,250,150,103,104,1,0,792,23.30246343597537
uniform,8,250,150,103,104,1,0,793,23.33033722397522
uniform,8,250,150,103,104,1,0,794,23.358880038984353
uniform,8,250,150,103,104,1,0,795,23.38537083999836
uniform,8,250,150,103,104,1,0,796,23.410011554980883
uniform,8,250,150,103,104,1,0,797,23.43320366399712
uniform,8,250,150,103,104,1,0,798,23.46483286700095
uniform,8,250,150,103,104,1,0,799,23.48743530298816
uniform,8,250,150,103,104,1,0,800,23.51470913097728
uniform,8,250,150,103,104,1,0,801,23.55261427597725
uniform,8,250,150,103,104,1,0,802,23.578703228995437
uniform,8,250,150,103,104,1,0,803,23.602626333973603
uniform,8,250,150,103,104,1,0,804,23.626785442000255
uniform,8,250,150,103,104,1,0,805,23.651976854976965
uniform,8,250,150,103,104,1,0,806,23.684879458975047
uniform,8,250,150,103,104,1,0,807,23.747742507985095
uniform,8,250,150,103,104,1,0,808,23.792436073999852
uniform,8,250,150,103,104,1,0,809,23.854548916977365
uniform,8,250,150,103,104,1,0,810,23.905970430991147
uniform,8,250,150,103,104,1,0,811,23.956441850983538
uniform,8,250,150,103,104,1,0,812,24.00426959199831
uniform,8,250,150,103,104,1,0,813,24.07193725698744
uniform,8,250,150,103,104,1,0,814,24.157789144985145
uniform,8,250,150,103,104,1,0,815,24.22450225998182
uniform,8,250,150,103,104,1,0,816,24.301632721995702
uniform,8,250,150,103,104,1,0,817,24.347740870987764
uniform,8,250,150,103,104,1,0,818,24.378782712999964
uniform,8,250,150,103,104,1,0,819,24.40709842799697
uniform,8,250,150,103,104,1,0,820,24.433999975997722
uniform,8,250,150,103,104,1,0,821,24.463179231999675
uniform,8,250,150,103,104,1,0,822,24.489578294975217
uniform,8,250,150,103,104,1,0,823,24.524359493982047
uniform,8,250,150,103,104,1,0,824,24.552866380981868
uniform,8,250,150,103,104,1,0,825,24.589936081989435
uniform,8,250,150,103,104,1,0,826,24.640508722979575
uniform,8,250,150,103,104,1,0,827,24.692719510989264
uniform,8,250,150,103,104,1,0,828,24.742622899997514
uniform,8,250,150,103,104,1,0,829,24.820396169991
uniform,8,250,150,103,104,1,0,830,24.896883024979616
uniform,8,250,150,103,104,1,0,831,24.96378702498623
uniform,8,250,150,103,104,1,0,832,25.02734904398676
uniform,8,250,150,103,104,1,0,833,25.089108733984176
uniform,8,250,150,103,104,1,0,834,25.152382403990487
uniform,8,250,150,103,104,1,0,835,25.221735306986375
uniform,8,250,150,103,104,1,0,836,25.283094766986324
uniform,8,250,150,103,104,1,0,837,25.340254465991165
uniform,8,250,150,103,104,1,0,838,25.384278085984988
uniform,8,250,150,103,104,1,0,839,25.421657281985972
uniform,8,250,150,103,104,1,0,840,25.453376600984484
uniform,8,250,150,103,104,1,0,841,25.485014943988062
uniform,8,250,150,103,104,1,0,842,25.517207987984875
uniform,8,250,150,103,104,1,0,843,25.54960228598793
uniform,8,250,150,103,104,1,0,844,25.57894263698836
uniform,8,250,150,103,104,1,0,845,25.614277405984467
uniform,8,250,150,103,104,1,0,846,25.643733881996013
uniform,8,250,150,103,104,1,0,847,25.67625804999261
uniform,8,250,150,103,104,1,0,848,25.709878450987162
uniform,8,250,150,103,104,1,0,849,25.735978245997103
uniform,8,250,150,103,104,1,0,850,25.775878829997964
uniform,8,250,150,103,104,1,0,851,25.820932244998403
uniform,8,250,150,103,104,1,0,852,25.887306728982367
uniform,8,250,150,103,104,1,0,853,25.953357007994782
uniform,8,250,150,103,104,1,0,854,26.0166618009971
uniform,8,250,150,103,104,1,0,855,26.07766263699159
uniform,8,250,150,103,104,1,0,856,26.145098222972592
uniform,8,250,150,103,104,1,0,857,26.212180050992174
uniform,8,250,150,103,104,1,0,858,26.276896722993115
uniform,8,250,150,103,104,1,0,859,26.362720406992594
uniform,8,250,150,103,104,1,0,860,26.41797755099833
uniform,8,250,150,103,104,1,0,861,26.449457024980802
uniform,8,250,150,103,104,1,0,862,26.49680211697705
uniform,8,250,150,103,104,1,0,863,26.531963866989827
uniform,8,250,150,103,104,1,0,864,26.570332272996893
uniform,8,250,150,103,104,1,0,865,26.602757277985802
uniform,8,250,150,103,104,1,0,866,26.635741550999228
uniform,8,250,150,103,104,1,0,867,26.687299505982082
uniform,8,250,150,103,104,1,0,868,26.72779913499835
uniform,8,250,150,103,104,1,0,869,26.76771840098081
uniform,8,250,150,103,104,1,0,870,26.796889414981706
uniform,8,250,150,103,104,1,0,871,26.833733537991066
uniform,8,250,150,103,104,1,0,872,26.862112460978096
uniform,8,250,150,103,104,1,0,873,26.89115483299247
uniform,8,250,150,103,104,1,0,874,26.93122023998876
uniform,8,250,150,103,104,1,0,875,26.961314863990992
uniform,8,250,150,103,104,1,0,876,26.987696192984004
uniform,8,250,150,103,104,1,0,877,27.02098886598833
uniform,8,250,150,103,104,1,0,878,27.05004657097743
uniform,8,250,150,103,104,1,0,879,27.0891386269941
uniform,8,250,150,103,104,1,0,880,27.139286911988165
uniform,8,250,150,103,104,1,0,881,27.20329792497796
uniform,8,250,150,103,104,1,0,882,27.262775648996467
uniform,8,250,150,103,104,1,0,883,27.30542958297883
uniform,8,250,150,103,104,1,0,884,27.36385372999939
uniform,8,250,150,103,104,1,0,885,27.392753990978235
uniform,8,250,150,103,104,1,0,886,27.42855821197736
uniform,8,250,150,103,104,1,0,887,27.469593597983476
uniform,8,250,150,103,104,1,0,888,27.498755964974407
uniform,8,250,150,103,104,1,0,889,27.52610128498054
uniform,8,250,150,103,104,1,0,890,27.56404136598576
uniform,8,250,150,103,104,1,0,891,27.62733904097695
uniform,8,250,150,103,104,1,0,892,27.699317962978967
uniform,8,250,150,103,104,1,0,893,27.77411820497946
uniform,8,250,150,103,104,1,0,894,27.84855521598365
uniform,8,250,150,103,104,1,0,895,27.907745028991485
uniform,8,250,150,103,104,1,0,896,27.968210310995346
uniform,8,250,150,103,104,1,0,897,28.034125767997466
uniform,8,250,150,103,104,1,0,898,28.100827450980432
uniform,8,250,150,103,104,1,0,899,28.150671285984572
uniform,8,250,150,103,104,1,0,900,28.222386450972408
uniform,8,250,150,103,104,1,0,901,28.280821888998616
uniform,8,250,150,103,104,1,0,902,28.344670410995604
uniform,8,250,150,103,104,1,0,903,28.4005664169963
uniform,8,250,150,103,104,1,0,904,28.468359680991853
uniform,8,250,150,103,104,1,0,905,28.52439850399969
uniform,8,250,150,103,104,1,0,906,28.628751644981094
uniform,8,250,150,103,104,1,0,907,28.7127140959783
uniform,8,250,150,103,104,1,0,908,28.777741959987907
uniform,8,250,150,103,104,1,0,909,28.83085624699015
uniform,8,250,150,103,104,1,0,910,28.862323040986666
uniform,8,250,150,103,104,1,0,911,28.891447345988126
uniform,8,250,150,103,104,1,0,912,28.922563200991135
uniform,8,250,150,103,104,1,0,913,28.94964775297558
uniform,8,250,150,103,104,1,0,914,28.986333377979463
uniform,8,250,150,103,104,1,0,915,29.014565345976735
uniform,8,250,150,103,104,1,0,916,29.04592882198631
uniform,8,250,150,103,104,1,0,917,29.075512098992476
uniform,8,250,150,103,104,1,0,918,29.108147134975297
uniform,8,250,150,103,104,1,0,919,29.13451695398544
uniform,8,250,150,103,104,1,0,920,29.18092919999617
uniform,8,250,150,103,104,1,0,921,29.247160718980012
uniform,8,250,150,103,104,1,0,922,29.347062028973596
uniform,8,250,150,103,104,1,0,923,29.415721186989686
uniform,8,250,150,103,104,1,0,924,29.472225355973933
uniform,8,250,150,103,104,1,0,925,29.557037569989916
uniform,8,250,150,103,104,1,0,926,29.63698130697594
uniform,8,250,150,103,104,1,0,927,29.74008629497257
uniform,8,250,150,103,104,1,0,928,29.79718356297235
uniform,8,250,150,103,104,1,0,929,29.8434241359937
uniform,8,250,150,103,104,1,0,930,29.893404508999083
uniform,8,250,150,103,104,1,0,931,29.92795571498573
uniform,8,250,150,103,104,1,0,932,29.994328251981642
uniform,8,250,150,103,104,1,0,933,30.035183366999263
uniform,8,250,150,103,104,1,0,934,30.06945710198488
uniform,8,250,150,103,104,1,0,935,30.09796654197271
uniform,8,250,150,103,104,1,0,936,30.126373330975184
uniform,8,250,150,103,104,1,0,937,30.15617788999225
uniform,8,250,150,103,104,1,0,938,30.186010716977762
uniform,8,250,150,103,104,1,0,939,30.21364478999749
uniform,8,250,150,103,104,1,0,940,30.265958872972988
uniform,8,250,150,103,104,1,0,941,30.303537301981123
uniform,8,250,150,103,104,1,0,942,30.339239528984763
uniform,8,250,150,103,104,1,0,943,30.377122588979546
uniform,8,250,150,103,104,1,0,944,30.40354393099551
uniform,8,250,150,103,104,1,0,945,30.430290259973845
uniform,8,250,150,103,104,1,0,946,30.46030834299745
uniform,8,250,150,103,104,1,0,947,30.49682372697862
uniform,8,250,150,103,104,1,0,948,30.53624145197682
uniform,8,250,150,103,104,1,0,949,30.562708787998417
uniform,8,250,150,103,104,1,0,950,30.59064216099796
uniform,8,250,150,103,104,1,0,951,30.62142514999141
uniform,8,250,150,103,104,1,0,952,30.656443114974536
uniform,8,250,150,103,104,1,0,953,30.688735100993654
uniform,8,250,150,103,104,1,0,954,30.71458955699927
uniform,8,250,150,103,104,1,0,955,30.75115437299246
uniform,8,250,150,103,104,1,0,956,30.78525370999705
uniform,8,250,150,103,104,1,0,957,30.83550689299591
uniform,8,250,150,103,104,1,0,958,30.86578550498234
uniform,8,250,150,103,104,1,0,959,30.907325278996723
uniform,8,250,150,103,104,1,0,960,30.957678510982078
uniform,8,250,150,103,104,1,0,961,30.990626284998143
uniform,8,250,150,103,104,1,0,962,31.02701814097236
uniform,8,250,150,103,104,1,0,963,31.093933523981832
uniform,8,250,150,103,104,1,0,964,31.121778866974637
uniform,8,250,150,103,104,1,0,965,31.15190026498749
uniform,8,250,150,103,104,1,0,966,31.194950108998455
uniform,8,250,150,103,104,1,0,967,31.234124088980025
uniform,8,250,150,103,104,1,0,968,31.3033233799797
uniform,8,250,150,103,104,1,0,969,31.360523276991444
uniform,8,250,150,103,104,1,0,970,31.432240631984314
uniform,8,250,150,103,104,1,0,971,31.51118875198881
uniform,8,250,150,103,104,1,0,972,31.60343779998948
uniform,8,250,150,103,104,1,0,973,31.690565825992962
uniform,8,250,150,103,104,1,0,974,31.723892555979546
uniform,8,250,150,103,104,1,0,975,31.754032778000692
uniform,8,250,150,103,104,1,0,976,31.788906735979253
uniform,8,250,150,103,104,1,0,977,31.82019497299916
uniform,8,250,150,103,104,1,0,978,31.85010184798739
uniform,8,250,150,103,104,1,0,979,31.88273208399187
uniform,8,250,150,103,104,1,0,980,31.912215297983494
uniform,8,250,150,103,104,1,0,981,31.939156083972193
uniform,8,250,150,103,104,1,0,982,31.965907460980816
uniform,8,250,150,103,104,1,0,983,31.997700913983863
uniform,8,250,150,103,104,1,0,984,32.029422635998344
uniform,8,250,150,103,104,1,0,985,32.07734032298322
uniform,8,250,150,103,104,1,0,986,32.136770771990996
uniform,8,250,150,103,104,1,0,987,32.19695255497936
uniform,8,250,150,103,104,1,0,988,32.246408537990646
uniform,8,250,150,103,104,1,0,989,32.296990171977086
uniform,8,250,150,103,104,1,0,990,32.35044035597821
uniform,8,250,150,103,104,1,0,991,32.42603434398188
uniform,8,250,150,103,104,1,0,992,32.49985595597536
uniform,8,250,150,103,104,1,0,993,32.57565572898602
uniform,8,250,150,103,104,1,0,994,32.65579521597829
uniform,8,250,150,103,104,1,0,995,32.71180082898354
uniform,8,250,150,103,104,1,0,996,32.74159016797785
uniform,8,250,150,103,104,1,0,997,32.77468960499391
uniform,8,250,150,103,104,1,0,998,32.802585032972274
uniform,8,250,150,103,104,1,0,999,32.83151397499023
uniform,8,250,150,103,104,1,0,1000,32.86289568399661
uniform,8,250,150,103,104,1,0,1001,32.892081856989535
uniform,8,250,150,103,104,1,0,1002,32.91957755497424
uniform,8,250,150,103,104,1,0,1003,32.95518287597224
uniform,8,250,150,103,104,1,0,1004,32.98455599299632
uniform,8,250,150,103,104,1,0,1005,33.027223373996094
uniform,8,250,150,103,104,1,0,1006,33.08747286198195
uniform,8,250,150,103,104,1,0,1007,33.14065865299199
uniform,8,250,150,103,104,1,0,1008,33.210231624980224
uniform,8,250,150,103,104,1,0,1009,33.266937382984906
uniform,8,250,150,103,104,1,0,1010,33.33473795399186
uniform,8,250,150,103,104,1,0,1011,33.39297600399004
uniform,8,250,150,103,104,1,0,1012,33.446518820972415
uniform,8,250,150,103,104,1,0,1013,33.499117043975275
uniform,8,250,150,103,104,1,0,1014,33.585911362984916
uniform,8,250,150,103,104,1,0,1015,33.65314629697241
uniform,8,250,150,103,104,1,0,1016,33.71590149399708
uniform,8,250,150,103,104,1,0,1017,33.77647540598991
uniform,8,250,150,103,104,1,0,1018,33.83175378697342
uniform,8,250,150,103,104,1,0,1019,33.867786607996095
uniform,8,250,150,103,104,1,0,1020,33.897815232980065
uniform,8,250,150,103,104,1,0,1021,33.926554787991336
uniform,8,250,150,103,104,1,0,1022,33.95885383299901
uniform,8,250,150,103,104,1,0,1023,33.989708525972674
uniform,8,250,150,103,104,1,0,1024,34.01845702299033
uniform,8,250,150,103,104,1,0,1025,34.047050995985046
uniform,8,250,150,103,104,1,0,1026,34.07985044299858
uniform,8,250,150,103,104,1,0,1027,34.108859672996914
uniform,8,250,150,103,104,1,0,1028,34.13544406899018
uniform,8,250,150,103,104,1,0,1029,34.16421948900097
uniform,8,250,150,103,104,1,0,1030,34.19656655998551
uniform,8,250,150,103,104,1,0,1031,34.22416608198546
uniform,8,250,150,103,104,1,0,1032,34.259908957988955
uniform,8,250,150,103,104,1,0,1033,34.28873362598824
uniform,8,250,150,103,104,1,0,1034,34.32070724898949
uniform,8,250,150,103,104,1,0,1035,34.3584805779974
uniform,8,250,150,103,104,1,0,1036,34.39877414199873
uniform,8,250,150,103,104,1,0,1037,34.44857681400026
uniform,8,250,150,103,104,1,0,1038,34.48758414699114
uniform,8,250,150,103,104,1,0,1039,34.52914375599357
uniform,8,250,150,103,104,1,0,1040,34.581648965977365
uniform,8,250,150,103,104,1,0,1041,34.63720158700016
uniform,8,250,150,103,104,1,0,1042,34.70351683397894
uniform,8,250,150,103,104,1,0,1043,34.76007038797252
uniform,8,250,150,103,104,1,0,1044,34.80792435398325
uniform,8,250,150,103,104,1,0,1045,34.89255130197853
uniform,8,250,150,103,104,1,0,1046,34.93649174598977
uniform,8,250,150,103,104,1,0,1047,34.966594474972226
uniform,8,250,150,103,104,1,0,1048,34.99617118999595
uniform,8,250,150,103,104,1,0,1049,35.02570370599278
uniform,8,250,150,103,104,1,0,1050,35.05499059398426
uniform,8,250,150,103,104,1,0,1051,35.08114251497318
uniform,8,250,150,103,104,1,0,1052,35.110735657974146
uniform,8,250,150,103,104,1,0,1053,35.15237443699152
uniform,8,250,150,103,104,1,0,1054,35.18906005498138
uniform,8,250,150,103,104,1,0,1055,35.21760633098893
uniform,8,250,150,103,104,1,0,1056,35.2477964819991
uniform,8,250,150,103,104,1,0,1057,35.27327687398065
uniform,8,250,150,103,104,1,0,1058,35.302087075979216
uniform,8,250,150,103,104,1,0,1059,35.33479935399373
uniform,8,250,150,103,104,1,0,1060,35.36068705798243
uniform,8,250,150,103,104,1,0,1061,35.39016938098939
uniform,8,250,150,103,104,1,0,1062,35.41498263698304
uniform,8,250,150,103,104,1,0,1063,35.43904833498527
uniform,8,250,150,103,104,1,0,1064,35.46389907898265
uniform,8,250,150,103,104,1,0,1065,35.49155810297816
uniform,8,250,150,103,104,1,0,1066,35.51510492298985
uniform,8,250,150,103,104,1,0,1067,35.541568808985176
uniform,8,250,150,103,104,1,0,1068,35.57044124597451
uniform,8,250,150,103,104,1,0,1069,35.59413499099901
uniform,8,250,150,103,104,1,0,1070,35.6574603439949
uniform,8,250,150,103,104,1,0,1071,35.711742062994745
uniform,8,250,150,103,104,1,0,1072,35.783930557983695
uniform,8,250,150,103,104,1,0,1073,35.82940169298672
uniform,8,250,150,103,104,1,0,1074,35.86736012098845
uniform,8,250,150,103,104,1,0,1075,35.90028311198694
uniform,8,250,150,103,104,1,0,1076,35.93864231699263
uniform,8,250,150,103,104,1,0,1077,35.97883590098354
uniform,8,250,150,103,104,1,0,1078,36.01215676998254
uniform,8,250,150,103,104,1,0,1079,36.041014339978574
uniform,8,250,150,103,104,1,0,1080,36.066881701990496
uniform,8,250,150,103,104,1,0,1081,36.09010451598442
uniform,8,250,150,103,104,1,0,1082,36.1154467369779
uniform,8,250,150,103,104,1,0,1083,36.14623210899299
uniform,8,250,150,103,104,1,0,1084,36.17274272398208
uniform,8,250,150,103,104,1,0,1085,36.19965892698383
uniform,8,250,150,103,104,1,0,1086,36.23150402097963
uniform,8,250,150,103,104,1,0,1087,36.25560745497933
uniform,8,250,150,103,104,1,0,1088,36.283177940989845
uniform,8,250,150,103,104,1,0,1089,36.30630659297458
uniform,8,250,150,103,104,1,0,1090,36.3424631729722
uniform,8,250,150,103,104,1,0,1091,36.36685167599353
uniform,8,250,150,103,104,1,0,1092,36.391657144995406
uniform,8,250,150,103,104,1,0,1093,36.41884066700004
uniform,8,250,150,103,104,1,0,1094,36.4536561689747
uniform,8,250,150,103,104,1,0,1095,36.48382938400027
uniform,8,250,150,103,104,1,0,1096,36.50948465699912
uniform,8,250,150,103,104,1,0,1097,36.536870195996016
uniform,8,250,150,103,104,1,0,1098,36.55919888798962
uniform,8,250,150,103,104,1,0,1099,36.58209423397784
uniform,8,250,150,103,104,1,0,1100,36.61671348998789
uniform,8,250,150,103,104,1,0,1101,36.639085193979554
uniform,8,250,150,103,104,1,0,1102,36.66371869997238
uniform,8,250,150,103,104,1,0,1103,36.68607528798748
uniform,8,250,150,103,104,1,0,1104,36.70815072499681
uniform,8,250,150,103,104,1,0,1105,36.73297331898357
uniform,8,250,150,103,104,1,0,1106,36.754987325984985
uniform,8,250,150,103,104,1,0,1107,36.778359996998915
uniform,8,250,150,103,104,1,0,1108,36.800263681972865
uniform,8,250,150,103,104,1,0,1109,36.82537697299267
uniform,8,250,150,103,104,1,0,1110,36.8508697609941
uniform,8,250,150,103,104,1,0,1111,36.876238174998434
uniform,8,250,150,103,104,1,0,1112,36.90097372897435
uniform,8,250,150,103,104,1,0,1113,36.93186818299
uniform,8,250,150,103,104,1,0,1114,36.953325841983315
uniform,8,250,150,103,104,1,0,1115,36.97871427697828
uniform,8,250,150,103,104,1,0,1116,37.000260687986156
uniform,8,250,150,103,104,1,0,1117,37.024755664984696
uniform,8,250,150,103,104,1,0,1118,37.04819528598455
uniform,8,250,150,103,104,1,0,1119,37.08085867299815
uniform,8,250,150,103,104,1,0,1120,37.12725438497728
uniform,8,250,150,103,104,1,0,1121,37.19227472797502
uniform,8,250,150,103,104,1,0,1122,37.27126161797787
uniform,8,250,150,103,104,1,0,1123,37.32573254799354
uniform,8,250,150,103,104,1,0,1124,37.36085173598258
uniform,8,250,150,103,104,1,0,1125,37.41866332499194
uniform,8,250,150,103,104,1,0,1126,37.48323328097467
uniform,8,250,150,103,104,1,0,1127,37.53938437398756
uniform,8,250,150,103,104,1,0,1128,37.59704644299927
uniform,8,250,150,103,104,1,0,1129,37.64971988199977
uniform,8,250,150,103,104,1,0,1130,37.727155478991335
uniform,8,250,150,103,104,1,0,1131,37.81763823298388
uniform,8,250,150,103,104,1,0,1132,37.8756094899727
uniform,8,250,150,103,104,1,0,1133,37.94082500599325
uniform,8,250,150,103,104,1,0,1134,37.9762963510002
uniform,8,250,150,103,104,1,0,1135,38.00695593797718
uniform,8,250,150,103,104,1,0,1136,38.040444252983434
uniform,8,250,150,103,104,1,0,1137,38.0732573029818
uniform,8,250,150,103,104,1,0,1138,38.105270717991516
uniform,8,250,150,103,104,1,0,1139,38.13471374698565
uniform,8,250,150,103,104,1,0,1140,38.16190414800076
uniform,8,250,150,103,104,1,0,1141,38.19059323298279
uniform,8,250,150,103,104,1,0,1142,38.22197209097794
uniform,8,250,150,103,104,1,0,1143,38.30422023998108
uniform,8,250,150,103,104,1,0,1144,38.39928332398995
uniform,8,250,150,103,104,1,0,1145,38.49133814199013
uniform,8,250,150,103,104,1,0,1146,38.57290699298028
uniform,8,250,150,103,104,1,0,1147,38.6545927549887
uniform,8,250,150,103,104,1,0,1148,38.73205517497263
uniform,8,250,150,103,104,1,0,1149,38.78679729899159
uniform,8,250,150,103,104,1,0,1150,38.82157005998306
uniform,8,250,150,103,104,1,0,1151,38.85355743698892
uniform,8,250,150,103,104,1,0,1152,38.881753830995876
uniform,8,250,150,103,104,1,0,1153,38.910102179972455
uniform,8,250,150,103,104,1,0,1154,38.93636849298491
uniform,8,250,150,103,104,1,0,1155,38.96500998499687
uniform,8,250,150,103,104,1,0,1156,38.99704622398713
uniform,8,250,150,103,104,1,0,1157,39.0245051959937
uniform,8,250,150,103,104,1,0,1158,39.058872670982964
uniform,8,250,150,103,104,1,0,1159,39.0889298269758
uniform,8,250,150,103,104,1,0,1160,39.1353325759992
uniform,8,250,150,103,104,1,0,1161,39.18998672699672
uniform,8,250,150,103,104,1,0,1162,39.2512523419864
uniform,8,250,150,103,104,1,0,1163,39.33687690197257
uniform,8,250,150,103,104,1,0,1164,39.41183144800016
uniform,8,250,150,103,104,1,0,1165,39.46259481497691
uniform,8,250,150,103,104,1,0,1166,39.51179104798939
uniform,8,250,150,103,104,1,0,1167,39.55892619097722
uniform,8,250,150,103,104,1,0,1168,39.61302378799883
uniform,8,250,150,103,104,1,0,1169,39.668754471989814
uniform,8,250,150,103,104,1,0,1170,39.71995935897576
uniform,8,250,150,103,104,1,0,1171,39.7699804539734
uniform,8,250,150,103,104,1,0,1172,39.814841728977626
uniform,8,250,150,103,104,1,0,1173,39.8475048369728
uniform,8,250,150,103,104,1,0,1174,39.87564015798853
uniform,8,250,150,103,104,1,0,1175,39.918005270999856
uniform,8,250,150,103,104,1,0,1176,39.94525784699363
uniform,8,250,150,103,104,1,0,1177,39.973576792981476
uniform,8,250,150,103,104,1,0,1178,39.9990810409945
uniform,8,250,150,103,104,1,0,1179,40.027407788991695
uniform,8,250,150,103,104,1,0,1180,40.05451233597705
uniform,8,250,150,103,104,1,0,1181,40.08314468397293
uniform,8,250,150,103,104,1,0,1182,40.10755204598536
uniform,8,250,150,103,104,1,0,1183,40.13431576898438
uniform,8,250,150,103,104,1,0,1184,40.182002633984666
uniform,8,250,150,103,104,1,0,1185,40.24633870300022
uniform,8,250,150,103,104,1,0,1186,40.31757007498527
uniform,8,250,150,103,104,1,0,1187,40.36281717699603
uniform,8,250,150,103,104,1,0,1188,40.418018235999625
uniform,8,250,150,103,104,1,0,1189,40.45774042297853
uniform,8,250,150,103,104,1,0,1190,40.49960844698944
uniform,8,250,150,103,104,1,0,1191,40.5264212799957
uniform,8,250,150,103,104,1,0,1192,40.557854171987856
uniform,8,250,150,103,104,1,0,1193,40.584338381973794
uniform,8,250,150,103,104,1,0,1194,40.613585326995235
uniform,8,250,150,103,104,1,0,1195,40.6709712909942
uniform,8,250,150,103,104,1,0,1196,40.72484178398736
uniform,8,250,150,103,104,1,0,1197,40.78906491000089
uniform,8,250,150,103,104,1,0,1198,40.8341486339923
uniform,8,250,150,103,104,1,0,1199,40.921447737986455
uniform,8,250,150,103,104,1,0,1200,41.00747786698048
uniform,8,250,150,103,104,1,0,1201,41.08542144598323
uniform,8,250,150,103,104,1,0,1202,41.121726070996374
uniform,8,250,150,103,104,1,0,1203,41.150931389973266
uniform,8,250,150,103,104,1,0,1204,41.18201944898465
uniform,8,250,150,103,104,1,0,1205,41.21850949799409
uniform,8,250,150,103,104,1,0,1206,41.251669526973274
uniform,8,250,150,103,104,1,0,1207,41.28070073397248
uniform,8,250,150,103,104,1,0,1208,41.31041389799793
uniform,8,250,150,103,104,1,0,1209,41.34117072998197
uniform,8,250,150,103,104,1,0,1210,41.36849029699806
uniform,8,250,150,103,104,1,0,1211,41.39549801099929
uniform,8,250,150,103,104,1,0,1212,41.423304853000445
uniform,8,250,150,103,104,1,0,1213,41.45056341597228
uniform,8,250,150,103,104,1,0,1214,41.48578100898885
uniform,8,250,150,103,104,1,0,1215,41.53422415498062
uniform,8,250,150,103,104,1,0,1216,41.587415082991356
uniform,8,250,150,103,104,1,0,1217,41.637203609978314
uniform,8,250,150,103,104,1,0,1218,41.674155852000695
uniform,8,250,150,103,104,1,0,1219,41.715317391994176
uniform,8,250,150,103,104,1,0,1220,41.77151183897513
uniform,8,250,150,103,104,1,0,1221,41.80118814299931
uniform,8,250,150,103,104,1,0,1222,41.82637112599332
uniform,8,250,150,103,104,1,0,1223,41.855264241981786
uniform,8,250,150,103,104,1,0,1224,41.88574892899487
uniform,8,250,150,103,104,1,0,1225,41.91116388500086
uniform,8,250,150,103,104,1,0,1226,41.93809981198865
uniform,8,250,150,103,104,1,0,1227,41.963961002998985
uniform,8,250,150,103,104,1,0,1228,41.99247607399593
uniform,8,250,150,103,104,1,0,1229,42.02471046699793
uniform,8,250,150,103,104,1,0,1230,42.06631465998362
uniform,8,250,150,103,104,1,0,1231,42.10063475399511
uniform,8,250,150,103,104,1,0,1232,42.12578966098954
uniform,8,250,150,103,104,1,0,1233,42.15461966098519
uniform,8,250,150,103,104,1,0,1234,42.18382424899028
uniform,8,250,150,103,104,1,0,1235,42.212628688983386
uniform,8,250,150,103,104,1,0,1236,42.23884821799584
uniform,8,250,150,103,104,1,0,1237,42.262441911996575
uniform,8,250,150,103,104,1,0,1238,42.28817066299962
uniform,8,250,150,103,104,1,0,1239,42.31657425998128
uniform,8,250,150,103,104,1,0,1240,42.34762545398553
uniform,8,250,150,103,104,1,0,1241,42.380327550985385
uniform,8,250,150,103,104,1,0,1242,42.404451419977704
uniform,8,250,150,103,104,1,0,1243,42.42857483797707
uniform,8,250,150,103,104,1,0,1244,42.45229078299599
uniform,8,250,150,103,104,1,0,1245,42.47842133199447
uniform,8,250,150,103,104,1,0,1246,42.50143001097604
uniform,8,250,150,103,104,1,0,1247,42.52447652298724
uniform,8,250,150,103,104,1,0,1248,42.55361397299566
uniform,8,250,150,103,104,1,0,1249,42.58140979797463
uniform,8,250,150,103,104,1,0,1250,42.605591884988826
uniform,8,250,150,103,104,1,0,1251,42.630774201999884
uniform,8,250,150,103,104,1,0,1252,42.65696941697388
uniform,8,250,150,103,104,1,0,1253,42.678993010980776
uniform,8,250,150,103,104,1,0,1254,42.7059919089952
uniform,8,250,150,103,104,1,0,1255,42.72769361798419
uniform,8,250,150,103,104,1,0,1256,42.75314258199069
uniform,8,250,150,103,104,1,0,1257,42.77628274899325
uniform,8,250,150,103,104,1,0,1258,42.81259998798487
uniform,8,250,150,103,103,0,1,1259,42.85866667199298
uniform,9,250,150,101,102,1,0,1,0.12964391201967373
uniform,9,250,150,101,102,1,0,2,0.20696199100348167
uniform,9,250,150,101,102,1,0,3,0.259582169004716
uniform,9,250,150,101,102,1,0,4,0.28819961001863703
uniform,9,250,150,101,102,1,0,5,0.3186859010020271
uniform,9,250,150,101,102,1,0,6,0.3486054899985902
uniform,9,250,150,101,102,1,0,7,0.37621523201232776
uniform,9,250,150,101,102,1,0,8,0.4096105929929763
uniform,9,250,150,101,101,0,1,9,0.4474312420061324
uniform,10,120,150,49,49,0,1,1,0.01025957998353988
uniform,11,250,150,105,107,2,0,1,0.05162227901746519
uniform,11,250,150,105,106,1,0,2,0.09561387202120386
uniform,11,250,150,105,106,1,0,3,0.1271160040050745
uniform,11,250,150,105,106,1,0,4,0.15336679900065064
uniform,11,250,150,105,106,1,0,5,0.18341516400687397
uniform,11,250,150,105,106,1,0,6,0.218663727020612
uniform,11,250,150,105,106,1,0,7,0.24584427700028755
uniform,11,250,150,105,106,1,0,8,0.2707729060202837
uniform,11,250,150,105,106,1,0,9,0.30263203001231886
uniform,11,250,150,105,106,1,0,10,0.32890549302101135
uniform,11,250,150,105,106,1,0,11,0.3528817830083426
uniform,11,250,150,105,106,1,0,12,0.37693764801952057
uniform,11,250,150,105,106,1,0,13,0.4038953200215474
uniform,11,250,150,105,106,1,0,14,0.42730994601151906
uniform,11,250,150,105,106,1,0,15,0.4576398280041758
uniform,11,250,150,105,106,1,0,16,0.4846360280062072
uniform,11,250,150,105,106,1,0,17,0.5096259959973395
uniform,11,250,150,105,106,1,0,18,0.5324328870046884
uniform,11,250,150,105,106,1,0,19,0.5554468060145155
uniform,11,250,150,105,106,1,0,20,0.5842170390242245
uniform,11,250,150,105,106,1,0,21,0.6122026340162847
uniform,11,250,150,105,106,1,0,22,0.6348952749976888
uniform,11,250,150,105,106,1,0,23,0.659753100015223
uniform,11,250,150,105,106,1,0,24,0.683202723012073
uniform,11,250,150,105,106,1,0,25,0.7084380860032979
uniform,11,250,150,105,106,1,0,26,0.7371874359960202
uniform,11,250,150,105,106,1,0,27,0.7646197930152994
uniform,11,250,150,105,106,1,0,28,0.7922622760233935
uniform,11,250,150,105,106,1,0,29,0.8161074800009374
uniform,11,250,150,105,106,1,0,30,0.8414749040093739
uniform,11,250,150,105,106,1,0,31,0.8655350970220752
uniform,11,250,150,105,106,1,0,32,0.8875450800114777
uniform,11,250,150,105,106,1,0,33,0.9094495540193748
uniform,11,250,150,105,106,1,0,34,0.9311698200181127
uniform,11,250,150,105,106,1,0,35,0.9557696710107848
uniform,11,250,150,105,106,1,0,36,0.9779758400109131
uniform,11,250,150,105,106,1,0,37,0.999776244017994
uniform,11,250,150,105,106,1,0,38,1.0208512030076236
uniform,11,250,150,105,106,1,0,39,1.0473513120086864
uniform,11,250,150,105,106,1,0,40,1.074947247019736
uniform,11,250,150,105,106,1,0,41,1.1010414180054795
uniform,11,250,150,105,106,1,0,42,1.1222628230170812
uniform,11,250,150,105,106,1,0,43,1.1694361830013804
uniform,11,250,150,105,106,1,0,44,1.192846128018573
uniform,11,250,150,105,106,1,0,45,1.2139704870060086
uniform,11,250,150,105,106,1,0,46,1.2379129870096222
uniform,11,250,150,105,106,1,0,47,1.2587846870010253
uniform,11,250,150,105,106,1,0,48,1.2798147030116525
uniform,11,250,150,105,106,1,0,49,1.3028008390101604
uniform,11,250,150,105,106,1,0,50,1.3281590180122294
uniform,11,250,150,105,106,1,0,51,1.3563847170153167
uniform,11,250,150,105,106,1,0,52,1.386044656013837
uniform,11,250,150,105,106,1,0,53,1.4088505380204879
uniform,11,250,150,105,106,1,0,54,1.4301601590123028
uniform,11,250,150,105,106,1,0,55,1.4663402209989727
uniform,11,250,150,105,106,1,0,56,1.4895165460184216
uniform,11,250,150,105,106,1,0,57,1.510619984997902
uniform,11,250,150,105,106,1,0,58,1.531519443000434
uniform,11,250,150,105,106,1,0,59,1.5520342660020106
uniform,11,250,150,105,106,1,0,60,1.5756713330047205
uniform,11,250,150,105,106,1,0,61,1.5974437960248906
uniform,11,250,150,105,106,1,0,62,1.620205988001544
uniform,11,250,150,105,106,1,0,63,1.6403563120111357
uniform,11,250,150,105,106,1,0,64,1.6609070400008932
uniform,11,250,150,105,106,1,0,65,1.6872940370230936
uniform,11,250,150,105,106,1,0,66,1.7081003299972508
uniform,11,250,150,105,106,1,0,67,1.728771324007539
uniform,11,250,150,105,106,1,0,68,1.7499935130181257
uniform,11,250,150,105,106,1,0,69,1.7731361400219612
uniform,11,250,150,105,106,1,0,70,1.7936375529970974
uniform,11,250,150,105,106,1,0,71,1.8152532120002434
uniform,11,250,150,105,106,1,0,72,1.8428022610023618
uniform,11,250,150,105,106,1,0,73,1.8693607760069426
uniform,11,250,150,105,106,1,0,74,1.893156574020395
uniform,11,250,150,105,106,1,0,75,1.9278047940169927
uniform,11,250,150,105,106,1,0,76,1.954241538012866
uniform,11,250,150,105,106,1,0,77,1.9786002000037115
uniform,11,250,150,105,106,1,0,78,2.0081126849981956
uniform,11,250,150,105,106,1,0,79,2.0372992870106827
uniform,11,250,150,105,106,1,0,80,2.061245578021044
uniform,11,250,150,105,106,1,0,81,2.0970235429995228
uniform,11,250,150,105,106,1,0,82,2.1203324800007977
uniform,11,250,150,105,106,1,0,83,2.1411494640051387
uniform,11,250,150,105,106,1,0,84,2.1614497090049554
uniform,11,250,150,105,106,1,0,85,2.1820639870129526
uniform,11,250,150,105,106,1,0,86,2.202559941011714
uniform,11,250,150,105,106,1,0,87,2.223072556022089
uniform,11,250,150,105,106,1,0,88,2.2463785290019587
uniform,11,250,150,105,106,1,0,89,2.270631008024793
uniform,11,250,150,105,106,1,0,90,2.294825604010839
uniform,11,250,150,105,106,1,0,91,2.3287373630155344
uniform,11,250,150,105,106,1,0,92,2.3590960550063755
uniform,11,250,150,105,106,1,0,93,2.38435717401444
uniform,11,250,150,105,106,1,0,94,2.4071101440058555
uniform,11,250,150,105,106,1,0,95,2.4337934280047193
uniform,11,250,150,105,106,1,0,96,2.457823860022472
uniform,11,250,150,105,106,1,0,97,2.4861364290118217
uniform,11,250,150,105,106,1,0,98,2.509904003003612
uniform,11,250,150,105,106,1,0,99,2.533518723997986
uniform,11,250,150,105,106,1,0,100,2.556444909016136
uniform,11,250,150,105,106,1,0,101,2.584444492997136
uniform,11,250,150,105,106,1,0,102,2.6108228400116786
uniform,11,250,150,105,106,1,0,103,2.639630207006121
uniform,11,250,150,105,106,1,0,104,2.6698465940135065
uniform,11,250,150,105,106,1,0,105,2.695119449024787
uniform,11,250,150,105,106,1,0,106,2.7243942840141244
uniform,11,250,150,105,106,1,0,107,2.7502059980179183
uniform,11,250,150,105,106,1,0,108,2.7801417150185443
uniform,11,250,150,105,106,1,0,109,2.811308244999964
uniform,11,250,150,105,106,1,0,110,2.8444310640043113
uniform,11,250,150,105,106,1,0,111,2.876938287023222
uniform,11,250,150,105,106,1,0,112,2.906846131023485
uniform,11,250,150,105,106,1,0,113,2.930455402005464
uniform,11,250,150,105,106,1,0,114,2.955580629000906
uniform,11,250,150,105,106,1,0,115,2.97802459000377
uniform,11,250,150,105,106,1,0,116,3.003256551019149
uniform,11,250,150,105,106,1,0,117,3.030812205019174
uniform,11,250,150,105,106,1,0,118,3.058835154020926
uniform,11,250,150,105,106,1,0,119,3.086850913008675
uniform,11,250,150,105,106,1,0,120,3.115885227016406
uniform,11,250,150,105,106,1,0,121,3.139386644004844
uniform,11,250,150,105,106,1,0,122,3.1618464740167838
uniform,11,250,150,105,106,1,0,123,3.1853616120060906
uniform,11,250,150,105,106,1,0,124,3.209114174998831
uniform,11,250,150,105,106,1,0,125,3.2327319210162386
uniform,11,250,150,105,106,1,0,126,3.2567673640151042
uniform,11,250,150,105,106,1,0,127,3.2839284340152517
uniform,11,250,150,105,106,1,0,128,3.307746414007852
uniform,11,250,150,105,106,1,0,129,3.3317789910070132
uniform,11,250,150,105,106,1,0,130,3.3539279350079596
uniform,11,250,150,105,106,1,0,131,3.383892497018678
uniform,11,250,150,105,106,1,0,132,3.406475506024435
uniform,11,250,150,105,106,1,0,133,3.428289768024115
uniform,11,250,150,105,106,1,0,134,3.4496128669998143
uniform,11,250,150,105,106,1,0,135,3.4710447620018385
uniform,11,250,150,105,106,1,0,136,3.496018625010038
uniform,11,250,150,105,106,1,0,137,3.519891156000085
uniform,11,250,150,105,106,1,0,138,3.544406199012883
uniform,11,250,150,105,106,1,0,139,3.5742139630019665
uniform,11,250,150,105,106,1,0,140,3.598191814002348
uniform,11,250,150,105,106,1,0,141,3.620921966008609
uniform,11,250,150,105,106,1,0,142,3.6445818150241394
uniform,11,250,150,105,106,1,0,143,3.6663084460014943
uniform,11,250,150,105,106,1,0,144,3.6873019900231156
uniform,11,250,150,105,106,1,0,145,3.708449430996552
uniform,11,250,150,105,106,1,0,146,3.7297940099961124
uniform,11,250,150,105,106,1,0,147,3.7515901190054137
uniform,11,250,150,105,106,1,0,148,3.776628106017597
uniform,11,250,150,105,106,1,0,149,3.803862508997554
uniform,11,250,150,105,106,1,0,150,3.828420764999464
uniform,11,250,150,105,106,1,0,151,3.850175126019167
uniform,11,250,150,105,106,1,0,152,3.8712079920223914
uniform,11,250,150,105,106,1,0,153,3.8925858169968706
uniform,11,250,150,105,106,1,0,154,3.91342157300096
uniform,11,250,150,105,106,1,0,155,3.938821464020293
uniform,11,250,150,105,106,1,0,156,3.9649131210171618
uniform,11,250,150,105,106,1,0,157,3.987246575008612
uniform,11,250,150,105,106,1,0,158,4.016456495999591
uniform,11,250,150,105,106,1,0,159,4.0441678470233455
uniform,11,250,150,105,106,1,0,160,4.072210740996525
uniform,11,250,150,105,106,1,0,161,4.094812317023752
uniform,11,250,150,105,106,1,0,162,4.1164888750063255
uniform,11,250,150,105,106,1,0,163,4.14130674401531
uniform,11,250,150,105,106,1,0,164,4.165443906007567
uniform,11,250,150,105,106,1,0,165,4.194076567015145
uniform,11,250,150,105,106,1,0,166,4.2160848769999575
uniform,11,250,150,105,106,1,0,167,4.239582102018176
uniform,11,250,150,105,106,1,0,168,4.2643160879961215
uniform,11,250,150,105,106,1,0,169,4.285848486004397
uniform,11,250,150,105,106,1,0,170,4.312043158017332
uniform,11,250,150,105,106,1,0,171,4.332509389001643
uniform,11,250,150,105,106,1,0,172,4.356859202001942
uniform,11,250,150,105,106,1,0,173,4.384956863010302
uniform,11,250,150,105,106,1,0,174,4.407958662020974
uniform,11,250,150,105,106,1,0,175,4.431047862017294
uniform,11,250,150,105,106,1,0,176,4.4534699369978625
uniform,11,250,150,105,106,1,0,177,4.4750703960016835
uniform,11,250,150,105,106,1,0,178,4.495389043004252
uniform,11,250,150,105,106,1,0,179,4.520905515004415
uniform,11,250,150,105,106,1,0,180,4.5422973630193155
uniform,11,250,150,105,106,1,0,181,4.5661682250211015
uniform,11,250,150,105,106,1,0,182,4.589060293015791
uniform,11,250,150,105,106,1,0,183,4.610507355013397
uniform,11,250,150,105,106,1,0,184,4.635302726004738
uniform,11,250,150,105,106,1,0,185,4.655380791024072
uniform,11,250,150,105,106,1,0,186,4.677696001017466
uniform,11,250,150,105,106,1,0,187,4.697743649012409
uniform,11,250,150,105,106,1,0,188,4.718005747010466
uniform,11,250,150,105,106,1,0,189,4.738245648011798
uniform,11,250,150,105,106,1,0,190,4.758743782003876
uniform,11,250,150,105,106,1,0,191,4.783989299001405
uniform,11,250,150,105,106,1,0,192,4.810445202019764
uniform,11,250,150,105,106,1,0,193,4.83128367800964
uniform,11,250,150,105,106,1,0,194,4.851299730013125
uniform,11,250,150,105,106,1,0,195,4.871520230022725
uniform,11,250,150,105,106,1,0,196,4.9100276620010845
uniform,11,250,150,105,106,1,0,197,4.9299876910226885
uniform,11,250,150,105,106,1,0,198,4.951283775008051
uniform,11,250,150,105,106,1,0,199,4.975760329019977
uniform,11,250,150,105,106,1,0,200,4.99602579700877
uniform,11,250,150,105,106,1,0,201,5.0171094899997115
uniform,11,250,150,105,106,1,0,202,5.042376269004308
uniform,11,250,150,105,106,1,0,203,5.068971279019024
uniform,11,250,150,105,106,1,0,204,5.093680158024654
uniform,11,250,150,105,106,1,0,205,5.114855986001203
uniform,11,250,150,105,106,1,0,206,5.138126912002917
uniform,11,250,150,105,106,1,0,207,5.159672384004807
uniform,11,250,150,105,106,1,0,208,5.180640267004492
uniform,11,250,150,105,106,1,0,209,5.212629169021966
uniform,11,250,150,105,106,1,0,210,5.2390262720000464
uniform,11,250,150,105,106,1,0,211,5.263335071998881
uniform,11,250,150,105,106,1,0,212,5.286805128009291
uniform,11,250,150,105,106,1,0,213,5.308777566009667
uniform,11,250,150,105,106,1,0,214,5.3344096149958204
uniform,11,250,150,105,106,1,0,215,5.36418545601191
uniform,11,250,150,105,106,1,0,216,5.389816728013102
uniform,11,250,150,105,106,1,0,217,5.413733910012525
uniform,11,250,150,105,106,1,0,218,5.438155280018691
uniform,11,250,150,105,106,1,0,219,5.46312971500447
uniform,11,250,150,105,106,1,0,220,5.4838707400194835
uniform,11,250,150,105,106,1,0,221,5.505263955012197
uniform,11,250,150,105,106,1,0,222,5.529980399005581
uniform,11,250,150,105,106,1,0,223,5.552241076016799
uniform,11,250,150,105,106,1,0,224,5.575352658022894
uniform,11,250,150,105,106,1,0,225,5.597974853008054
uniform,11,250,150,105,106,1,0,226,5.619291897019139
uniform,11,250,150,105,106,1,0,227,5.640665017999709
uniform,11,250,150,105,106,1,0,228,5.6607324840151705
uniform,11,250,150,105,106,1,0,229,5.684217529022135
uniform,11,250,150,105,106,1,0,230,5.704303417005576
uniform,11,250,150,105,106,1,0,231,5.7243094200093765
uniform,11,250,150,105,106,1,0,232,5.7444860210234765
uniform,11,250,150,105,106,1,0,233,5.767829204007285
uniform,11,250,150,105,106,1,0,234,5.789069935999578
uniform,11,250,150,105,106,1,0,235,5.811034341022605
uniform,11,250,150,105,106,1,0,236,5.834363096015295
uniform,11,250,150,105,106,1,0,237,5.854969684005482
uniform,11,250,150,105,106,1,0,238,5.87698114302475
uniform,11,250,150,105,106,1,0,239,5.911426462000236
uniform,11,250,150,105,106,1,0,240,5.935601425997447
uniform,11,250,150,105,106,1,0,241,5.96213914299733
uniform,11,250,150,105,106,1,0,242,5.98765387001913
uniform,11,250,150,105,106,1,0,243,6.010718671022914
uniform,11,250,150,105,106,1,0,244,6.033857058006106
uniform,11,250,150,105,106,1,0,245,6.056289921019925
uniform,11,250,150,105,106,1,0,246,6.080075271020178
uniform,11,250,150,105,106,1,0,247,6.107615952001652
uniform,11,250,150,105,106,1,0,248,6.1388178810011595
uniform,11,250,150,105,106,1,0,249,6.169559950008988
uniform,11,250,150,105,106,1,0,250,6.193255093006883
uniform,11,250,150,105,106,1,0,251,6.217475529003423
uniform,11,250,150,105,106,1,0,252,6.239599918015301
uniform,11,250,150,105,106,1,0,253,6.26164258402423
uniform,11,250,150,105,106,1,0,254,6.284613941999851
uniform,11,250,150,105,106,1,0,255,6.306652676023077
uniform,11,250,150,105,106,1,0,256,6.330596056010108
uniform,11,250,150,105,106,1,0,257,6.35684668601607
uniform,11,250,150,105,106,1,0,258,6.378836654010229
uniform,11,250,150,105,106,1,0,259,6.4011333870003
uniform,11,250,150,105,106,1,0,260,6.42519563701353
uniform,11,250,150,105,106,1,0,261,6.44640042699757
uniform,11,250,150,105,106,1,0,262,6.471857190015726
uniform,11,250,150,105,106,1,0,263,6.492982435011072
uniform,11,250,150,105,106,1,0,264,6.5140994820103515
uniform,11,250,150,105,106,1,0,265,6.538586845010286
uniform,11,250,150,105,106,1,0,266,6.572340194019489
uniform,11,250,150,105,106,1,0,267,6.598332420020597
uniform,11,250,150,105,106,1,0,268,6.622001664014533
uniform,11,250,150,105,106,1,0,269,6.645673979015555
uniform,11,250,150,105,106,1,0,270,6.666534787014825
uniform,11,250,150,105,106,1,0,271,6.689279771002475
uniform,11,250,150,105,106,1,0,272,6.714720012008911
uniform,11,250,150,105,106,1,0,273,6.73956790502416
uniform,11,250,150,105,106,1,0,274,6.765243866015226
uniform,11,250,150,105,106,1,0,275,6.807112623006105
uniform,11,250,150,105,106,1,0,276,6.842440488020657
uniform,11,250,150,105,106,1,0,277,6.8696142330009025
uniform,11,250,150,105,106,1,0,278,6.893807921005646
uniform,11,250,150,105,106,1,0,279,6.91841138000018
uniform,11,250,150,105,106,1,0,280,6.940099489002023
uniform,11,250,150,105,106,1,0,281,6.962223187001655
uniform,11,250,150,105,106,1,0,282,6.9907183310133405
uniform,11,250,150,105,106,1,0,283,7.012128392001614
uniform,11,250,150,105,106,1,0,284,7.03503540699603
uniform,11,250,150,105,106,1,0,285,7.057340986008057
uniform,11,250,150,105,106,1,0,286,7.082542614021804
uniform,11,250,150,105,106,1,0,287,7.108051334012998
uniform,11,250,150,105,106,1,0,288,7.130741790024331
uniform,11,250,150,105,106,1,0,289,7.157563075015787
uniform,11,250,150,105,106,1,0,290,7.1825105090101715
uniform,11,250,150,105,106,1,0,291,7.205299624009058
uniform,11,250,150,105,106,1,0,292,7.236083784024231
uniform,11,250,150,105,106,1,0,293,7.2719733900157735
uniform,11,250,150,105,106,1,0,294,7.302851686021313
uniform,11,250,150,105,106,1,0,295,7.338697671017144
uniform,11,250,150,105,106,1,0,296,7.368328401003964
uniform,11,250,150,105,106,1,0,297,7.395256927004084
uniform,11,250,150,105,106,1,0,298,7.422142546012765
uniform,11,250,150,105,106,1,0,299,7.45186136601842
uniform,11,250,150,105,106,1,0,300,7.474361560016405
uniform,11,250,150,105,106,1,0,301,7.4998902330116834
uniform,11,250,150,105,106,1,0,302,7.523752448003506
uniform,11,250,150,105,106,1,0,303,7.546186009014491
uniform,11,250,150,105,106,1,0,304,7.580231375002768
uniform,11,250,150,105,106,1,0,305,7.642511041020043
uniform,11,250,150,105,106,1,0,306,7.69552626600489
uniform,11,250,150,105,106,1,0,307,7.725399314018432
uniform,11,250,150,105,106,1,0,308,7.750014085002476
uniform,11,250,150,105,106,1,0,309,7.775284778006608
uniform,11,250,150,105,106,1,0,310,7.798189320019446
uniform,11,250,150,105,106,1,0,311,7.852021828002762
uniform,11,250,150,105,106,1,0,312,7.875712396024028
uniform,11,250,150,105,106,1,0,313,7.900187441002345
uniform,11,250,150,105,106,1,0,314,7.924896876007551
uniform,11,250,150,105,106,1,0,315,7.946891074010637
uniform,11,250,150,105,106,1,0,316,7.968796380009735
uniform,11,250,150,105,106,1,0,317,8.0020161930006
uniform,11,250,150,105,106,1,0,318,8.025273364008171
uniform,11,250,150,105,106,1,0,319,8.053431652020663
uniform,11,250,150,105,106,1,0,320,8.079898151016096
uniform,11,250,150,105,106,1,0,321,8.103164639003808
uniform,11,250,150,105,106,1,0,322,8.125827933021355
uniform,11,250,150,105,106,1,0,323,8.148454305017367
uniform,11,250,150,105,106,1,0,324,8.176608817011584
uniform,11,250,150,105,106,1,0,325,8.200427028001286
uniform,11,250,150,105,106,1,0,326,8.222142439015443
uniform,11,250,150,105,106,1,0,327,8.243226198013872
uniform,11,250,150,105,106,1,0,328,8.270896057016216
uniform,11,250,150,105,106,1,0,329,8.29445740900701
uniform,11,250,150,105,106,1,0,330,8.32093555299798
uniform,11,250,150,105,106,1,0,331,8.34864715099684
uniform,11,250,150,105,106,1,0,332,8.370995616016444
uniform,11,250,150,105,106,1,0,333,8.395575528003974
uniform,11,250,150,105,106,1,0,334,8.419261992006795
uniform,11,250,150,105,106,1,0,335,8.441933198017068
uniform,11,250,150,105,106,1,0,336,8.464025794004556
uniform,11,250,150,105,106,1,0,337,8.487687931017717
uniform,11,250,150,105,106,1,0,338,8.509869208006421
uniform,11,250,150,105,106,1,0,339,8.531574484019075
uniform,11,250,150,105,106,1,0,340,8.552905635006027
uniform,11,250,150,105,106,1,0,341,8.575253321003402
uniform,11,250,150,105,106,1,0,342,8.599468843021896
uniform,11,250,150,105,106,1,0,343,8.621391715016216
uniform,11,250,150,105,106,1,0,344,8.642994579015067
uniform,11,250,150,105,106,1,0,345,8.665326365007786
uniform,11,250,150,105,106,1,0,346,8.685535352007719
uniform,11,250,150,105,106,1,0,347,8.705949563998729
uniform,11,250,150,105,106,1,0,348,8.728231782006333
uniform,11,250,150,105,106,1,0,349,8.749672737001674
uniform,11,250,150,105,106,1,0,350,8.773116922006011
uniform,11,250,150,105,106,1,0,351,8.798268317012116
uniform,11,250,150,105,106,1,0,352,8.819567779020872
uniform,11,250,150,105,106,1,0,353,8.856728768005269
uniform,11,250,150,105,106,1,0,354,8.878773625008762
uniform,11,250,150,105,106,1,0,355,8.901199540996458
uniform,11,250,150,105,106,1,0,356,8.923584397998638
uniform,11,250,150,105,106,1,0,357,8.94506349900621
uniform,11,250,150,105,106,1,0,358,8.972537207009736
uniform,11,250,150,105,106,1,0,359,8.99316667401581
uniform,11,250,150,105,106,1,0,360,9.014234735019272
uniform,11,250,150,105,106,1,0,361,9.036590509000234
uniform,11,250,150,105,106,1,0,362,9.062757785024587
uniform,11,250,150,105,106,1,0,363,9.083079311007168
uniform,11,250,150,105,106,1,0,364,9.1043598690012
uniform,11,250,150,105,106,1,0,365,9.12870462500723
uniform,11,250,150,105,106,1,0,366,9.151443239010405
uniform,11,250,150,105,106,1,0,367,9.171862939023413
uniform,11,250,150,105,106,1,0,368,9.192195578012615
uniform,11,250,150,105,106,1,0,369,9.212538292020326
uniform,11,250,150,105,106,1,0,370,9.235079586011125
uniform,11,250,150,105,106,1,0,371,9.256174534006277
uniform,11,250,150,105,106,1,0,372,9.27764752501389
uniform,11,250,150,105,106,1,0,373,9.297727844008477
uniform,11,250,150,105,106,1,0,374,9.317761183017865
uniform,11,250,150,105,106,1,0,375,9.34549596501165
uniform,11,250,150,105,106,1,0,376,9.367151228012517
uniform,11,250,150,105,106,1,0,377,9.389735172997462
uniform,11,250,150,105,106,1,0,378,9.412935344007565
uniform,11,250,150,105,106,1,0,379,9.435075590998167
uniform,11,250,150,105,106,1,0,380,9.455067868024344
uniform,11,250,150,105,106,1,0,381,9.477028900000732
uniform,11,250,150,105,106,1,0,382,9.496907269000076
uniform,11,250,150,105,106,1,0,383,9.520974990009563
uniform,11,250,150,105,106,1,0,384,9.541565025021555
uniform,11,250,150,105,106,1,0,385,9.565546512021683
uniform,11,250,150,105,106,1,0,386,9.586157113022637
uniform,11,250,150,105,106,1,0,387,9.606135123001877
uniform,11,250,150,105,106,1,0,388,9.62632977301837
uniform,11,250,150,105,106,1,0,389,9.647759968007449
uniform,11,250,150,105,106,1,0,390,9.674562813015655
uniform,11,250,150,105,106,1,0,391,9.697287529997993
uniform,11,250,150,105,106,1,0,392,9.717034066998167
uniform,11,250,150,105,106,1,0,393,9.738491711003007
uniform,11,250,150,105,106,1,0,394,9.761468595999759
uniform,11,250,150,105,106,1,0,395,9.782848202012246
uniform,11,250,150,105,106,1,0,396,9.801865817018552
uniform,11,250,150,105,106,1,0,397,9.822068492008839
uniform,11,250,150,105,106,1,0,398,9.848803768021753
uniform,11,250,150,105,106,1,0,399,9.875186987017514
uniform,11,250,150,105,106,1,0,400,9.897365503013134
uniform,11,250,150,105,106,1,0,401,9.91632021201076
uniform,11,250,150,105,106,1,0,402,9.937117929017404
uniform,11,250,150,105,106,1,0,403,9.96002802401199
uniform,11,250,150,105,106,1,0,404,9.988117503002286
uniform,11,250,150,105,106,1,0,405,10.010978006001096
uniform,11,250,150,105,106,1,0,406,10.030811656004516
uniform,11,250,150,105,106,1,0,407,10.056487221998395
uniform,11,250,150,105,106,1,0,408,10.079163383023115
uniform,11,250,150,105,106,1,0,409,10.10450031000073
uniform,11,250,150,105,106,1,0,410,10.126959225017345
uniform,11,250,150,105,106,1,0,411,10.147372521023499
uniform,11,250,150,105,106,1,0,412,10.16655578801874
uniform,11,250,150,105,106,1,0,413,10.187632083019707
uniform,11,250,150,105,106,1,0,414,10.209905652009184
uniform,11,250,150,105,106,1,0,415,10.23563330102479
uniform,11,250,150,105,106,1,0,416,10.257419927016599
uniform,11,250,150,105,106,1,0,417,10.276671041996451
uniform,11,250,150,105,106,1,0,418,10.29550157400081
uniform,11,250,150,105,106,1,0,419,10.317350619006902
uniform,11,250,150,105,106,1,0,420,10.341466979996767
uniform,11,250,150,105,106,1,0,421,10.367873798997607
uniform,11,250,150,105,106,1,0,422,10.392472815001383
uniform,11,250,150,105,106,1,0,423,10.414190287003294
uniform,11,250,150,105,106,1,0,424,10.439729586010799
uniform,11,250,150,105,106,1,0,425,10.462264161003986
uniform,11,250,150,105,106,1,0,426,10.481432403001236
uniform,11,250,150,105,106,1,0,427,10.50515260300017
uniform,11,250,150,105,106,1,0,428,10.524759156018263
uniform,11,250,150,105,106,1,0,429,10.544707582012052
uniform,11,250,150,105,106,1,0,430,10.566074018017389
uniform,11,250,150,105,106,1,0,431,10.587977579998551
uniform,11,250,150,105,106,1,0,432,10.608082023012685
uniform,11,250,150,105,106,1,0,433,10.63179738301551
uniform,11,250,150,105,106,1,0,434,10.65303929700167
uniform,11,250,150,105,106,1,0,435,10.67249899901799
uniform,11,250,150,105,106,1,0,436,10.692670754011488
uniform,11,250,150,105,106,1,0,437,10.713534823997179
uniform,11,250,150,105,106,1,0,438,10.735694824019447
uniform,11,250,150,105,106,1,0,439,10.754742048011394
uniform,11,250,150,105,106,1,0,440,10.776598031021422
uniform,11,250,150,105,106,1,0,441,10.796762778016273
uniform,11,250,150,105,106,1,0,442,10.815849331003847
uniform,11,250,150,105,106,1,0,443,10.843128834996605
uniform,11,250,150,105,106,1,0,444,10.86610321002081
uniform,11,250,150,105,106,1,0,445,10.889684063004097
uniform,11,250,150,105,106,1,0,446,10.913138575007906
uniform,11,250,150,105,106,1,0,447,10.939047498017317
uniform,11,250,150,105,106,1,0,448,10.965033469023183
uniform,11,250,150,105,106,1,0,449,11.018221383012133
uniform,11,250,150,105,106,1,0,450,11.053666190011427
uniform,11,250,150,105,106,1,0,451,11.085985543002607
uniform,11,250,150,105,106,1,0,452,11.109229605004657
uniform,11,250,150,105,106,1,0,453,11.131866690004244
uniform,11,250,150,105,106,1,0,454,11.157411109015811
uniform,11,250,150,105,106,1,0,455,11.185633920016699
uniform,11,250,150,105,106,1,0,456,11.207384047011146
uniform,11,250,150,105,106,1,0,457,11.228307080018567
uniform,11,250,150,105,106,1,0,458,11.248967738996726
uniform,11,250,150,105,106,1,0,459,11.269720384996617
uniform,11,250,150,105,106,1,0,460,11.293746581999585
uniform,11,250,150,105,106,1,0,461,11.315320377005264
uniform,11,250,150,105,106,1,0,462,11.33972247800557
uniform,11,250,150,105,106,1,0,463,11.368472611007746
uniform,11,250,150,105,106,1,0,464,11.400474866008153
uniform,11,250,150,105,106,1,0,465,11.433937756024534
uniform,11,250,150,105,106,1,0,466,11.459816454997053
uniform,11,250,150,105,106,1,0,467,11.498859091021586
uniform,11,250,150,105,106,1,0,468,11.534164819022408
uniform,11,250,150,105,106,1,0,469,11.556520743004512
uniform,11,250,150,105,106,1,0,470,11.580813605018193
uniform,11,250,150,105,106,1,0,471,11.605162449995987
uniform,11,250,150,105,106,1,0,472,11.633716444019228
uniform,11,250,150,105,106,1,0,473,11.659292712021852
uniform,11,250,150,105,106,1,0,474,11.68362285400508
uniform,11,250,150,105,106,1,0,475,11.711267072998453
uniform,11,250,150,105,106,1,0,476,11.736686017015018
uniform,11,250,150,105,106,1,0,477,11.75899659600691
uniform,11,250,150,105,106,1,0,478,11.78016782499617
uniform,11,250,150,105,106,1,0,479,11.804024198005209
uniform,11,250,150,105,106,1,0,480,11.83107847700012
uniform,11,250,150,105,106,1,0,481,11.858015867997892
uniform,11,250,150,105,106,1,0,482,11.884477620013058
uniform,11,250,150,105,106,1,0,483,11.905867781024426
uniform,11,250,150,105,106,1,0,484,11.929221183003392
uniform,11,250,150,105,106,1,0,485,11.950151140015805
uniform,11,250,150,105,106,1,0,486,11.974328861018876
uniform,11,250,150,105,106,1,0,487,12.004521191003732
uniform,11,250,150,105,106,1,0,488,12.031471063004574
uniform,11,250,150,105,106,1,0,489,12.060970241000177
uniform,11,250,150,105,106,1,0,490,12.08422355100629
uniform,11,250,150,105,106,1,0,491,12.111015937000047
uniform,11,250,150,105,106,1,0,492,12.133357362006791
uniform,11,250,150,105,106,1,0,493,12.156631029007258
uniform,11,250,150,105,106,1,0,494,12.17805035301717
uniform,11,250,150,105,106,1,0,495,12.199691417015856
uniform,11,250,150,105,106,1,0,496,12.223437107022619
uniform,11,250,150,105,106,1,0,497,12.255997589003528
uniform,11,250,150,105,106,1,0,498,12.282142990996363
uniform,11,250,150,105,106,1,0,499,12.307955666008638
uniform,11,250,150,105,106,1,0,500,12.333119451010134
uniform,11,250,150,105,106,1,0,501,12.359078038018197
uniform,11,250,150,105,106,1,0,502,12.380275026021991
uniform,11,250,150,105,106,1,0,503,12.405033100018045
uniform,11,250,150,105,106,1,0,504,12.426021621999098
uniform,11,250,150,105,106,1,0,505,12.45044231202337
uniform,11,250,150,105,106,1,0,506,12.471117160021095
uniform,11,250,150,105,106,1,0,507,12.496133645006921
uniform,11,250,150,105,106,1,0,508,12.523016327002551
uniform,11,250,150,105,106,1,0,509,12.54393105901545
uniform,11,250,150,105,106,1,0,510,12.568367236002814
uniform,11,250,150,105,106,1,0,511,12.596532918018056
uniform,11,250,150,105,106,1,0,512,12.619993015017826
uniform,11,250,150,105,106,1,0,513,12.640814158017747
uniform,11,250,150,105,106,1,0,514,12.663834008999402
uniform,11,250,150,105,106,1,0,515,12.687665755016496
uniform,11,250,150,105,106,1,0,516,12.709494959010044
uniform,11,250,150,105,106,1,0,517,12.732884624012513
uniform,11,250,150,105,106,1,0,518,12.758666112000355
uniform,11,250,150,105,106,1,0,519,12.782865537999896
uniform,11,250,150,105,106,1,0,520,12.8060755339975
uniform,11,250,150,105,106,1,0,521,12.82896681301645
uniform,11,250,150,105,106,1,0,522,12.85468586301431
uniform,11,250,150,105,106,1,0,523,12.880161792010767
uniform,11,250,150,105,106,1,0,524,12.90674726801808
uniform,11,250,150,105,106,1,0,525,12.93507492801291
uniform,11,250,150,105,106,1,0,526,12.961313539010007
uniform,11,250,150,105,106,1,0,527,12.98673524701735
uniform,11,250,150,105,106,1,0,528,13.014648211013991
uniform,11,250,150,105,106,1,0,529,13.049518681014888
uniform,11,250,150,105,106,1,0,530,13.077919208008097
uniform,11,250,150,105,106,1,0,531,13.10691399499774
uniform,11,250,150,105,106,1,0,532,13.133241203002399
uniform,11,250,150,105,106,1,0,533,13.163828112010378
uniform,11,250,150,105,106,1,0,534,13.184983069018926
uniform,11,250,150,105,106,1,0,535,13.206897979020141
uniform,11,250,150,105,106,1,0,536,13.228279048023978
uniform,11,250,150,105,106,1,0,537,13.256590964010684
uniform,11,250,150,105,106,1,0,538,13.282279360020766
uniform,11,250,150,105,106,1,0,539,13.307540797017282
uniform,11,250,150,105,106,1,0,540,13.329313524009194
uniform,11,250,150,105,106,1,0,541,13.35047832300188
uniform,11,250,150,105,106,1,0,542,13.375936691998504
uniform,11,250,150,105,106,1,0,543,13.400146879022941
uniform,11,250,150,105,106,1,0,544,13.431436568003846
uniform,11,250,150,105,106,1,0,545,13.461562631011475
uniform,11,250,150,105,106,1,0,546,13.486008021020098
uniform,11,250,150,105,106,1,0,547,13.509327917010523
uniform,11,250,150,105,106,1,0,548,13.53251527500106
uniform,11,250,150,105,106,1,0,549,13.553213323000818
uniform,11,250,150,105,106,1,0,550,13.575076157023432
uniform,11,250,150,105,106,1,0,551,13.596756473009009
uniform,11,250,150,105,106,1,0,552,13.622532255016267
uniform,11,250,150,105,106,1,0,553,13.650049738003872
uniform,11,250,150,105,106,1,0,554,13.674306822009385
uniform,11,250,150,105,106,1,0,555,13.697586256021168
uniform,11,250,150,105,106,1,0,556,13.72375589501462
uniform,11,250,150,105,106,1,0,557,13.75051676100702
uniform,11,250,150,105,106,1,0,558,13.77455541602103
uniform,11,250,150,105,106,1,0,559,13.79782412899658
uniform,11,250,150,105,106,1,0,560,13.818510984012391
uniform,11,250,150,105,106,1,0,561,13.841110790002858
uniform,11,250,150,105,106,1,0,562,13.863636304013198
uniform,11,250,150,105,106,1,0,563,13.88689528501709
uniform,11,250,150,105,106,1,0,564,13.907753701001639
uniform,11,250,150,105,106,1,0,565,13.928753019019496
uniform,11,250,150,105,106,1,0,566,13.951015972997993
uniform,11,250,150,105,106,1,0,567,13.975959521019831
uniform,11,250,150,105,106,1,0,568,14.003243573009968
uniform,11,250,150,105,106,1,0,569,14.02706796201528
uniform,11,250,150,105,106,1,0,570,14.056010597996647
uniform,11,250,150,105,106,1,0,571,14.079438979999395
uniform,11,250,150,105,106,1,0,572,14.102116960013518
uniform,11,250,150,105,106,1,0,573,14.125876846024767
uniform,11,250,150,105,106,1,0,574,14.149315101996763
uniform,11,250,150,105,106,1,0,575,14.18463246000465
uniform,11,250,150,105,106,1,0,576,14.209907909011235
uniform,11,250,150,105,106,1,0,577,14.234764357010135
uniform,11,250,150,105,106,1,0,578,14.260727392014815
uniform,11,250,150,105,106,1,0,579,14.288495006010635
uniform,11,250,150,105,106,1,0,580,14.313115402997937
uniform,11,250,150,105,106,1,0,581,14.334886321012164
uniform,11,250,150,105,106,1,0,582,14.356521152018104
uniform,11,250,150,105,106,1,0,583,14.37839294099831
uniform,11,250,150,105,106,1,0,584,14.400232031999622
uniform,11,250,150,105,106,1,0,585,14.427029873011634
uniform,11,250,150,105,106,1,0,586,14.448763987020357
uniform,11,250,150,105,106,1,0,587,14.47046896800748
uniform,11,250,150,105,106,1,0,588,14.492113364016404
uniform,11,250,150,105,106,1,0,589,14.515439136011992
uniform,11,250,150,105,106,1,0,590,14.539911155006848
uniform,11,250,150,105,106,1,0,591,14.564294142008293
uniform,11,250,150,105,106,1,0,592,14.594326460006414
uniform,11,250,150,105,106,1,0,593,14.619766784016974
uniform,11,250,150,105,106,1,0,594,14.643575989000965
uniform,11,250,150,105,106,1,0,595,14.67602465802338
uniform,11,250,150,105,106,1,0,596,14.697587886999827
uniform,11,250,150,105,106,1,0,597,14.718574890022865
uniform,11,250,150,105,106,1,0,598,14.745080613007303
uniform,11,250,150,105,106,1,0,599,14.777878687018529
uniform,11,250,150,105,106,1,0,600,14.80674864401226
uniform,11,250,150,105,106,1,0,601,14.830106105015147
uniform,11,250,150,105,106,1,0,602,14.851664108020486
uniform,11,250,150,105,106,1,0,603,14.875687182997353
uniform,11,250,150,105,106,1,0,604,14.90234493900789
uniform,11,250,150,105,106,1,0,605,14.926141470001312
uniform,11,250,150,105,106,1,0,606,14.947829009004636
uniform,11,250,150,105,106,1,0,607,14.971998171997257
uniform,11,250,150,105,106,1,0,608,14.996815820020856
uniform,11,250,150,105,106,1,0,609,15.020692932012025
uniform,11,250,150,105,106,1,0,610,15.047581098013325
uniform,11,250,150,105,106,1,0,611,15.07092680700589
uniform,11,250,150,105,106,1,0,612,15.094564804021502
uniform,11,250,150,105,106,1,0,613,15.116723708022619
uniform,11,250,150,105,106,1,0,614,15.140704143996118
uniform,11,250,150,105,106,1,0,615,15.167722865007818
uniform,11,250,150,105,106,1,0,616,15.19956405099947
uniform,11,250,150,105,106,1,0,617,15.222938623017399
uniform,11,250,150,105,106,1,0,618,15.250089121022029
uniform,11,250,150,105,106,1,0,619,15.274036862014327
uniform,11,250,150,105,106,1,0,620,15.294700726022711
uniform,11,250,150,105,106,1,0,621,15.315130608010804
uniform,11,250,150,105,106,1,0,622,15.335909496003296
uniform,11,250,150,105,106,1,0,623,15.362217308022082
uniform,11,250,150,105,106,1,0,624,15.385146775020985
uniform,11,250,150,105,106,1,0,625,15.40561460601748
uniform,11,250,150,105,106,1,0,626,15.428159413015237
uniform,11,250,150,105,106,1,0,627,15.458697624999331
uniform,11,250,150,105,106,1,0,628,15.484140598011436
uniform,11,250,150,105,106,1,0,629,15.504640264000045
uniform,11,250,150,105,106,1,0,630,15.52725049201399
uniform,11,250,150,105,106,1,0,631,15.548014908999903
uniform,11,250,150,105,106,1,0,632,15.570566998008871
uniform,11,250,150,105,106,1,0,633,15.593150741013233
uniform,11,250,150,105,106,1,0,634,15.618440962018212
uniform,11,250,150,105,106,1,0,635,15.64294296799926
uniform,11,250,150,105,106,1,0,636,15.667757736024214
uniform,11,250,150,105,106,1,0,637,15.693566406000173
uniform,11,250,150,105,106,1,0,638,15.725833699019859
uniform,11,250,150,105,106,1,0,639,15.751016447000438
uniform,11,250,150,105,106,1,0,640,15.776247012021486
uniform,11,250,150,105,106,1,0,641,15.802030668011867
uniform,11,250,150,105,106,1,0,642,15.834875700005796
uniform,11,250,150,105,106,1,0,643,15.858546296018176
uniform,11,250,150,105,106,1,0,644,15.884147033997579
uniform,11,250,150,105,106,1,0,645,15.906044642004417
uniform,11,250,150,105,106,1,0,646,15.928781324008014
uniform,11,250,150,105,106,1,0,647,15.951217460009502
uniform,11,250,150,105,106,1,0,648,15.973668082006043
uniform,11,250,150,105,106,1,0,649,15.994827993999934
uniform,11,250,150,105,106,1,0,650,16.019237444997998
uniform,11,250,150,105,106,1,0,651,16.057647542009363
uniform,11,250,150,105,106,1,0,652,16.096325758000603
uniform,11,250,150,105,106,1,0,653,16.117916023998987
uniform,11,250,150,105,106,1,0,654,16.14455959299812
uniform,11,250,150,105,106,1,0,655,16.17012202402111
uniform,11,250,150,105,106,1,0,656,16.191814917023294
uniform,11,250,150,105,106,1,0,657,16.215820721001364
uniform,11,250,150,105,106,1,0,658,16.242667504004203
uniform,11,250,150,105,106,1,0,659,16.266839586023707
uniform,11,250,150,105,106,1,0,660,16.290801451017614
uniform,11,250,150,105,106,1,0,661,16.312281085003633
uniform,11,250,150,105,106,1,0,662,16.33548464201158
uniform,11,250,150,105,106,1,0,663,16.35979192101513
uniform,11,250,150,105,106,1,0,664,16.38390139801777
uniform,11,250,150,105,106,1,0,665,16.409803545015166
uniform,11,250,150,105,106,1,0,666,16.4315770539979
uniform,11,250,150,105,106,1,0,667,16.45468680502381
uniform,11,250,150,105,106,1,0,668,16.476176391995978
uniform,11,250,150,105,106,1,0,669,16.499021043011453
uniform,11,250,150,105,106,1,0,670,16.51959785600775
uniform,11,250,150,105,106,1,0,671,16.539621050003916
uniform,11,250,150,105,106,1,0,672,16.559703278006054
uniform,11,250,150,105,106,1,0,673,16.582153713010484
uniform,11,250,150,105,106,1,0,674,16.604438327020034
uniform,11,250,150,105,106,1,0,675,16.62699420901481
uniform,11,250,150,105,106,1,0,676,16.64748039402184
uniform,11,250,150,105,106,1,0,677,16.670971812010976
uniform,11,250,150,105,106,1,0,678,16.69155902499915
uniform,11,250,150,105,106,1,0,679,16.711463562009158
uniform,11,250,150,105,106,1,0,680,16.733402334997663
uniform,11,250,150,105,106,1,0,681,16.75393011502456
uniform,11,250,150,105,106,1,0,682,16.773880893015303
uniform,11,250,150,105,106,1,0,683,16.793739569024183
uniform,11,250,150,105,106,1,0,684,16.81364658701932
uniform,11,250,150,105,106,1,0,685,16.83536440701573
uniform,11,250,150,105,106,1,0,686,16.864358713995898
uniform,11,250,150,105,106,1,0,687,16.887323858012678
uniform,11,250,150,105,106,1,0,688,16.91417247900972
uniform,11,250,150,105,106,1,0,689,16.93748006899841
uniform,11,250,150,105,106,1,0,690,16.958503150002798
uniform,11,250,150,105,106,1,0,691,16.98304204401211
uniform,11,250,150,105,106,1,0,692,17.00367341202218
uniform,11,250,150,105,106,1,0,693,17.023722759011434
uniform,11,250,150,105,106,1,0,694,17.044217518996447
uniform,11,250,150,105,106,1,0,695,17.06728040400776
uniform,11,250,150,105,106,1,0,696,17.08938324500923
uniform,11,250,150,105,106,1,0,697,17.111996032996103
uniform,11,250,150,105,106,1,0,698,17.13293223202345
uniform,11,250,150,105,106,1,0,699,17.155416332010645
uniform,11,250,150,105,106,1,0,700,17.17840100300964
uniform,11,250,150,105,106,1,0,701,17.201046555012
uniform,11,250,150,105,106,1,0,702,17.221915722009726
uniform,11,250,150,105,106,1,0,703,17.242199581000023
uniform,11,250,150,105,106,1,0,704,17.264906930999132
uniform,11,250,150,105,106,1,0,705,17.285910209000576
uniform,11,250,150,105,106,1,0,706,17.310348704020726
uniform,11,250,150,105,106,1,0,707,17.33182965402375
uniform,11,250,150,105,106,1,0,708,17.351998402999016
uniform,11,250,150,105,106,1,0,709,17.372469674999593
uniform,11,250,150,105,106,1,0,710,17.397019248019205
uniform,11,250,150,105,106,1,0,711,17.415924466011347
uniform,11,250,150,105,106,1,0,712,17.439640652999515
uniform,11,250,150,105,106,1,0,713,17.46255673302221
uniform,11,250,150,105,106,1,0,714,17.483885381021537
uniform,11,250,150,105,106,1,0,715,17.504639884020435
uniform,11,250,150,105,106,1,0,716,17.52543651300948
uniform,11,250,150,105,106,1,0,717,17.549913811002625
uniform,11,250,150,105,106,1,0,718,17.576298248022795
uniform,11,250,150,105,106,1,0,719,17.59618075902108
uniform,11,250,150,105,106,1,0,720,17.621184432005975
uniform,11,250,150,105,106,1,0,721,17.642884991015308
uniform,11,250,150,105,106,1,0,722,17.664944182004547
uniform,11,250,150,105,106,1,0,723,17.68657664701459
uniform,11,250,150,105,106,1,0,724,17.71089893800672
uniform,11,250,150,105,106,1,0,725,17.736746142996708
uniform,11,250,150,105,106,1,0,726,17.759159969020402
uniform,11,250,150,105,106,1,0,727,17.784117616014555
uniform,11,250,150,105,106,1,0,728,17.809329833020456
uniform,11,250,150,105,106,1,0,729,17.83124011202017
uniform,11,250,150,105,106,1,0,730,17.859526672022184
uniform,11,250,150,105,106,1,0,731,17.881349315022817
uniform,11,250,150,105,106,1,0,732,17.90274517799844
uniform,11,250,150,105,106,1,0,733,17.929802942002425
uniform,11,250,150,105,106,1,0,734,17.951193123997655
uniform,11,250,150,105,106,1,0,735,17.974232598004164
uniform,11,250,150,105,106,1,0,736,17.994800420012325
uniform,11,250,150,105,106,1,0,737,18.019455397996353
uniform,11,250,150,105,106,1,0,738,18.04458658400108
uniform,11,250,150,105,106,1,0,739,18.075160989013966
uniform,11,250,150,105,106,1,0,740,18.098781246022554
uniform,11,250,150,105,106,1,0,741,18.123962951998692
uniform,11,250,150,105,106,1,0,742,18.146645917004207
uniform,11,250,150,105,106,1,0,743,18.167232369014528
uniform,11,250,150,105,106,1,0,744,18.187805217021378
uniform,11,250,150,105,106,1,0,745,18.208527603012044
uniform,11,250,150,105,106,1,0,746,18.231149226019625
uniform,11,250,150,105,106,1,0,747,18.254739638010506
uniform,11,250,150,105,106,1,0,748,18.27776685700519
uniform,11,250,150,105,106,1,0,749,18.299027123022825
uniform,11,250,150,105,106,1,0,750,18.32060386001831
uniform,11,250,150,105,106,1,0,751,18.343097205011873
uniform,11,250,150,105,106,1,0,752,18.364110802998766
uniform,11,250,150,105,106,1,0,753,18.38460158702219
uniform,11,250,150,105,106,1,0,754,18.404991415009135
uniform,11,250,150,105,106,1,0,755,18.42564149701502
uniform,11,250,150,105,106,1,0,756,18.44588768001995
uniform,11,250,150,105,106,1,0,757,18.46889163000742
uniform,11,250,150,105,106,1,0,758,18.49226285002078
uniform,11,250,150,105,106,1,0,759,18.513279418024467
uniform,11,250,150,105,106,1,0,760,18.540549031022238
uniform,11,250,150,105,106,1,0,761,18.564280543010682
uniform,11,250,150,105,106,1,0,762,18.587476823013276
uniform,11,250,150,105,106,1,0,763,18.607877530012047
uniform,11,250,150,105,106,1,0,764,18.627995754999574
uniform,11,250,150,105,106,1,0,765,18.65148468501866
uniform,11,250,150,105,106,1,0,766,18.674135073000798
uniform,11,250,150,105,106,1,0,767,18.694404606998432
uniform,11,250,150,105,106,1,0,768,18.71682586299721
uniform,11,250,150,105,106,1,0,769,18.73766029800754
uniform,11,250,150,105,106,1,0,770,18.75813168301829
uniform,11,250,150,105,106,1,0,771,18.780663925019326
uniform,11,250,150,105,106,1,0,772,18.801617810997413
uniform,11,250,150,105,106,1,0,773,18.82309083500877
uniform,11,250,150,105,106,1,0,774,18.850364217010792
uniform,11,250,150,105,106,1,0,775,18.876636130007682
uniform,11,250,150,105,106,1,0,776,18.89846119499998
uniform,11,250,150,105,106,1,0,777,18.92050600500079
uniform,11,250,150,105,106,1,0,778,18.942035947024124
uniform,11,250,150,105,106,1,0,779,18.96164768000017
uniform,11,250,150,105,106,1,0,780,18.990314859023783
uniform,11,250,150,105,106,1,0,781,19.010502675024327
uniform,11,250,150,105,106,1,0,782,19.036317685007816
uniform,11,250,150,105,106,1,0,783,19.064718344016
uniform,11,250,150,105,106,1,0,784,19.088831402012147
uniform,11,250,150,105,106,1,0,785,19.114273113023955
uniform,11,250,150,105,106,1,0,786,19.137624802009668
uniform,11,250,150,105,106,1,0,787,19.1572717220115
uniform,11,250,150,105,106,1,0,788,19.18046794499969
uniform,11,250,150,105,106,1,0,789,19.20465014601359
uniform,11,250,150,105,106,1,0,790,19.225771819998045
uniform,11,250,150,105,106,1,0,791,19.265581945015583
uniform,11,250,150,105,106,1,0,792,19.28687508602161
uniform,11,250,150,105,106,1,0,793,19.312026742001763
uniform,11,250,150,105,106,1,0,794,19.333682744996622
uniform,11,250,150,105,106,1,0,795,19.35407037701225
uniform,11,250,150,105,106,1,0,796,19.376274873997318
uniform,11,250,150,105,106,1,0,797,19.397657516004983
uniform,11,250,150,105,106,1,0,798,19.422478502005106
uniform,11,250,150,105,106,1,0,799,19.444434232020285
uniform,11,250,150,105,106,1,0,800,19.46748450701125
uniform,11,250,150,105,106,1,0,801,19.488306018000003
uniform,11,250,150,105,106,1,0,802,19.50924249002128
uniform,11,250,150,105,106,1,0,803,19.53207097100676
uniform,11,250,150,105,106,1,0,804,19.556041028001346
uniform,11,250,150,105,106,1,0,805,19.58604564500274
uniform,11,250,150,105,106,1,0,806,19.61088017199654
uniform,11,250,150,105,106,1,0,807,19.63166884300881
uniform,11,250,150,105,106,1,0,808,19.65222128899768
uniform,11,250,150,105,106,1,0,809,19.673307379998732
uniform,11,250,150,105,106,1,0,810,19.696419204003178
uniform,11,250,150,105,106,1,0,811,19.717728309013182
uniform,11,250,150,105,106,1,0,812,19.74146298901178
uniform,11,250,150,105,106,1,0,813,19.764136917016003
uniform,11,250,150,105,106,1,0,814,19.787884645018494
uniform,11,250,150,105,106,1,0,815,19.809590760007268
uniform,11,250,150,105,106,1,0,816,19.830769712018082
uniform,11,250,150,105,106,1,0,817,19.862563540023984
uniform,11,250,150,105,106,1,0,818,19.888525419024518
uniform,11,250,150,105,106,1,0,819,19.91028255299898
uniform,11,250,150,105,106,1,0,820,19.937338371004444
uniform,11,250,150,105,106,1,0,821,19.966207757010125
uniform,11,250,150,105,106,1,0,822,20.007108073012205
uniform,11,250,150,105,106,1,0,823,20.033225662016775
uniform,11,250,150,105,106,1,0,824,20.061845938005717
uniform,11,250,150,105,106,1,0,825,20.099778317002347
uniform,11,250,150,105,106,1,0,826,20.124498356017284
uniform,11,250,150,105,106,1,0,827,20.149964555021143
uniform,11,250,150,105,106,1,0,828,20.173121047002496
uniform,11,250,150,105,106,1,0,829,20.194707262009615
uniform,11,250,150,105,106,1,0,830,20.222309564996976
uniform,11,250,150,105,106,1,0,831,20.24360462502227
uniform,11,250,150,105,106,1,0,832,20.267879499006085
uniform,11,250,150,105,106,1,0,833,20.289398795022862
uniform,11,250,150,105,106,1,0,834,20.30974752601469
uniform,11,250,150,105,106,1,0,835,20.337440058006905
uniform,11,250,150,105,106,1,0,836,20.35936708500958
uniform,11,250,150,105,106,1,0,837,20.39068295402103
uniform,11,250,150,105,106,1,0,838,20.41719613200985
uniform,11,250,150,105,106,1,0,839,20.43822731100954
uniform,11,250,150,105,106,1,0,840,20.460936418006895
uniform,11,250,150,105,106,1,0,841,20.48696519000805
uniform,11,250,150,105,106,1,0,842,20.50769016399863
uniform,11,250,150,105,106,1,0,843,20.529337503015995
uniform,11,250,150,105,106,1,0,844,20.549820533022285
uniform,11,250,150,105,106,1,0,845,20.57757034501992
uniform,11,250,150,105,106,1,0,846,20.602591507020406
uniform,11,250,150,105,106,1,0,847,20.625849196017953
uniform,11,250,150,105,106,1,0,848,20.69011527800467
uniform,11,250,150,105,106,1,0,849,20.756601544999285
uniform,11,250,150,105,106,1,0,850,20.809634885023115
uniform,11,250,150,105,106,1,0,851,20.86337800399633
uniform,11,250,150,105,106,1,0,852,20.88903300301172
uniform,11,250,150,105,106,1,0,853,20.914068881014828
uniform,11,250,150,105,106,1,0,854,20.938076937018195
uniform,11,250,150,105,106,1,0,855,20.96188063500449
uniform,11,250,150,105,106,1,0,856,20.984803175000707
uniform,11,250,150,105,106,1,0,857,21.008862472022884
uniform,11,250,150,105,106,1,0,858,21.0331868470239
uniform,11,250,150,105,106,1,0,859,21.065661822009133
uniform,11,250,150,105,106,1,0,860,21.093789423001
uniform,11,250,150,105,106,1,0,861,21.11625221601571
uniform,11,250,150,105,106,1,0,862,21.143799361016136
uniform,11,250,150,105,106,1,0,863,21.16963736701291
uniform,11,250,150,105,106,1,0,864,21.192565265024314
uniform,11,250,150,105,106,1,0,865,21.216715340007795
uniform,11,250,150,105,106,1,0,866,21.239187683997443
uniform,11,250,150,105,106,1,0,867,21.261427966004703
uniform,11,250,150,105,106,1,0,868,21.287944448005874
uniform,11,250,150,105,106,1,0,869,21.313775121001527
uniform,11,250,150,105,106,1,0,870,21.34010937300627
uniform,11,250,150,105,106,1,0,871,21.36396657701698
uniform,11,250,150,105,106,1,0,872,21.388933142006863
uniform,11,250,150,105,106,1,0,873,21.412531370006036
uniform,11,250,150,105,106,1,0,874,21.434986100997776
uniform,11,250,150,105,106,1,0,875,21.45933493701159
uniform,11,250,150,105,106,1,0,876,21.482463601016207
uniform,11,250,150,105,106,1,0,877,21.512199025019072
uniform,11,250,150,105,106,1,0,878,21.53599396700156
uniform,11,250,150,105,106,1,0,879,21.566657813003985
uniform,11,250,150,105,106,1,0,880,21.58926482501556
uniform,11,250,150,105,106,1,0,881,21.613715136016253
uniform,11,250,150,105,106,1,0,882,21.640059248020407
uniform,11,250,150,105,106,1,0,883,21.668328176019713
uniform,11,250,150,105,106,1,0,884,21.692307796009118
uniform,11,250,150,105,106,1,0,885,21.722771424014354
uniform,11,250,150,105,106,1,0,886,21.746501314017223
uniform,11,250,150,105,106,1,0,887,21.775380425999174
uniform,11,250,150,105,106,1,0,888,21.798699082020903
uniform,11,250,150,105,106,1,0,889,21.819712654018076
uniform,11,250,150,105,106,1,0,890,21.85562369300169
uniform,11,250,150,105,106,1,0,891,21.882186994014774
uniform,11,250,150,105,106,1,0,892,21.904131112998584
uniform,11,250,150,105,106,1,0,893,21.92611021301127
uniform,11,250,150,105,106,1,0,894,21.948526669002604
uniform,11,250,150,105,106,1,0,895,21.976278006011853
uniform,11,250,150,105,106,1,0,896,22.00698939402355
uniform,11,250,150,105,106,1,0,897,22.032373115012888
uniform,11,250,150,105,106,1,0,898,22.05411700901459
uniform,11,250,150,105,106,1,0,899,22.092021314019803
uniform,11,250,150,105,106,1,0,900,22.12909515501815
uniform,11,250,150,105,106,1,0,901,22.15589367999928
uniform,11,250,150,105,106,1,0,902,22.17947937201825
uniform,11,250,150,105,106,1,0,903,22.20874734199606
uniform,11,250,150,105,106,1,0,904,22.23209204399609
uniform,11,250,150,105,106,1,0,905,22.261734771018382
uniform,11,250,150,105,106,1,0,906,22.285813001013594
uniform,11,250,150,105,106,1,0,907,22.309118274017237
uniform,11,250,150,105,106,1,0,908,22.33265047200257
uniform,11,250,150,105,106,1,0,909,22.354764766001608
uniform,11,250,150,105,106,1,0,910,22.378327091020765
uniform,11,250,150,105,106,1,0,911,22.402115094009787
uniform,11,250,150,105,106,1,0,912,22.42658513202332
uniform,11,250,150,105,106,1,0,913,22.44898000100511
uniform,11,250,150,105,106,1,0,914,22.475197235005908
uniform,11,250,150,105,106,1,0,915,22.50097132200608
uniform,11,250,150,105,106,1,0,916,22.522025031998055
uniform,11,250,150,105,106,1,0,917,22.543184499023482
uniform,11,250,150,105,106,1,0,918,22.56714193802327
uniform,11,250,150,105,106,1,0,919,22.591321050014812
uniform,11,250,150,105,106,1,0,920,22.612978425022447
uniform,11,250,150,105,106,1,0,921,22.63743921800051
uniform,11,250,150,105,106,1,0,922,22.656950447009876
uniform,11,250,150,105,106,1,0,923,22.68089327099733
uniform,11,250,150,105,106,1,0,924,22.70193850900978
uniform,11,250,150,105,106,1,0,925,22.72292112300056
uniform,11,250,150,105,106,1,0,926,22.74400582900853
uniform,11,250,150,105,106,1,0,927,22.765339169010986
uniform,11,250,150,105,106,1,0,928,22.790641362022143
uniform,11,250,150,105,106,1,0,929,22.812606085004518
uniform,11,250,150,105,106,1,0,930,22.83789797499776
uniform,11,250,150,105,106,1,0,931,22.861459017003654
uniform,11,250,150,105,106,1,0,932,22.882350793021033
uniform,11,250,150,105,106,1,0,933,22.90313285900629
uniform,11,250,150,105,106,1,0,934,22.923797274997924
uniform,11,250,150,105,106,1,0,935,22.94506088201888
uniform,11,250,150,105,106,1,0,936,22.968321937019937
uniform,11,250,150,105,106,1,0,937,22.988712842023233
uniform,11,250,150,105,106,1,0,938,23.01773149499786
uniform,11,250,150,105,106,1,0,939,23.041448191012023
uniform,11,250,150,105,106,1,0,940,23.067514335998567
uniform,11,250,150,105,106,1,0,941,23.094728260010015
uniform,11,250,150,105,106,1,0,942,23.117151946004014
uniform,11,250,150,105,106,1,0,943,23.145004832011182
uniform,11,250,150,105,106,1,0,944,23.165025711001363
uniform,11,250,150,105,106,1,0,945,23.18734948002384
uniform,11,250,150,105,106,1,0,946,23.210254581004847
uniform,11,250,150,105,106,1,0,947,23.233095702016726
uniform,11,250,150,105,106,1,0,948,23.2541625140002
uniform,11,250,150,105,106,1,0,949,23.27582294700551
uniform,11,250,150,105,106,1,0,950,23.29891812201822
uniform,11,250,150,105,106,1,0,951,23.318878815014614
uniform,11,250,150,105,106,1,0,952,23.34089326299727
uniform,11,250,150,105,106,1,0,953,23.364561224007048
uniform,11,250,150,105,106,1,0,954,23.38932696302072
uniform,11,250,150,105,106,1,0,955,23.411571142001776
uniform,11,250,150,105,106,1,0,956,23.43269533800776
uniform,11,250,150,105,106,1,0,957,23.452493148011854
uniform,11,250,150,105,106,1,0,958,23.474403713014908
uniform,11,250,150,105,106,1,0,959,23.499781835009344
uniform,11,250,150,105,106,1,0,960,23.523233594023623
uniform,11,250,150,105,106,1,0,961,23.545888360997196
uniform,11,250,150,105,106,1,0,962,23.570278276019963
uniform,11,250,150,105,106,1,0,963,23.59124401002191
uniform,11,250,150,105,106,1,0,964,23.61105836799834
uniform,11,250,150,105,106,1,0,965,23.631159576005302
uniform,11,250,150,105,106,1,0,966,23.65311578201363
uniform,11,250,150,105,106,1,0,967,23.68227047700202
uniform,11,250,150,105,106,1,0,968,23.708417918009218
uniform,11,250,150,105,106,1,0,969,23.730660417000763
uniform,11,250,150,105,106,1,0,970,23.751662369002588
uniform,11,250,150,105,106,1,0,971,23.77427034502034
uniform,11,250,150,105,106,1,0,972,23.79683045501588
uniform,11,250,150,105,106,1,0,973,23.82507812199765
uniform,11,250,150,105,106,1,0,974,23.849329920019954
uniform,11,250,150,105,106,1,0,975,23.89072486801888
uniform,11,250,150,105,106,1,0,976,23.911323881999124
uniform,11,250,150,105,106,1,0,977,23.93173608201323
uniform,11,250,150,105,106,1,0,978,23.952231900999323
uniform,11,250,150,105,106,1,0,979,23.972561055998085
uniform,11,250,150,105,106,1,0,980,23.99344370700419
uniform,11,250,150,105,106,1,0,981,24.01370791901718
uniform,11,250,150,105,106,1,0,982,24.034721827018075
uniform,11,250,150,105,106,1,0,983,24.055199716007337
uniform,11,250,150,105,106,1,0,984,24.07786754402332
uniform,11,250,150,105,106,1,0,985,24.10195582199958
uniform,11,250,150,105,106,1,0,986,24.127565899019828
uniform,11,250,150,105,106,1,0,987,24.14979326899629
uniform,11,250,150,105,106,1,0,988,24.170132528000977
uniform,11,250,150,105,106,1,0,989,24.192885288997786
uniform,11,250,150,105,106,1,0,990,24.215698593005072
uniform,11,250,150,105,106,1,0,991,24.234587876999285
uniform,11,250,150,105,106,1,0,992,24.2635647529969
uniform,11,250,150,105,106,1,0,993,24.287835081020603
uniform,11,250,150,105,106,1,0,994,24.308732878998853
uniform,11,250,150,105,106,1,0,995,24.328547659999458
uniform,11,250,150,105,106,1,0,996,24.346965823002392
uniform,11,250,150,105,106,1,0,997,24.370335848012473
uniform,11,250,150,105,106,1,0,998,24.39448073200765
uniform,11,250,150,105,106,1,0,999,24.415442291996442
uniform,11,250,150,105,106,1,0,1000,24.43561594802304
uniform,11,250,150,105,106,1,0,1001,24.455611095007043
uniform,11,250,150,105,106,1,0,1002,24.477503735019127
uniform,11,250,150,105,106,1,0,1003,24.5025565540127
uniform,11,250,150,105,106,1,0,1004,24.523264126008144
uniform,11,250,150,105,106,1,0,1005,24.546942340995884
uniform,11,250,150,105,106,1,0,1006,24.569566190999467
uniform,11,250,150,105,106,1,0,1007,24.594371343002422
uniform,11,250,150,105,106,1,0,1008,24.61536448201514
uniform,11,250,150,105,106,1,0,1009,24.63971724701696
uniform,11,250,150,105,106,1,0,1010,24.659828347008443
uniform,11,250,150,105,106,1,0,1011,24.68011703999946
uniform,11,250,150,105,106,1,0,1012,24.70499140501488
uniform,11,250,150,105,106,1,0,1013,24.729709517006995
uniform,11,250,150,105,106,1,0,1014,24.754145789018366
uniform,11,250,150,105,106,1,0,1015,24.781125074019656
uniform,11,250,150,105,106,1,0,1016,24.808948730002157
uniform,11,250,150,105,106,1,0,1017,24.845689708017744
uniform,11,250,150,105,106,1,0,1018,24.871570162009448
uniform,11,250,150,105,106,1,0,1019,24.897974402003456
uniform,11,250,150,105,106,1,0,1020,24.92541482602246
uniform,11,250,150,105,106,1,0,1021,24.95042082099826
uniform,11,250,150,105,106,1,0,1022,24.98243987801834
uniform,11,250,150,105,106,1,0,1023,25.015147343015997
uniform,11,250,150,105,106,1,0,1024,25.059589170996333
uniform,11,250,150,105,106,1,0,1025,25.094185157999163
uniform,11,250,150,105,106,1,0,1026,25.119133852014784
uniform,11,250,150,105,106,1,0,1027,25.15489511200576
uniform,11,250,150,105,106,1,0,1028,25.184085068001878
uniform,11,250,150,105,106,1,0,1029,25.21870934800245
uniform,11,250,150,105,106,1,0,1030,25.2492396790185
uniform,11,250,150,105,106,1,0,1031,25.27680392001639
uniform,11,250,150,105,106,1,0,1032,25.312464062997606
uniform,11,250,150,105,106,1,0,1033,25.34153920901008
uniform,11,250,150,105,106,1,0,1034,25.374724493012764
uniform,11,250,150,105,106,1,0,1035,25.416740470012883
uniform,11,250,150,105,106,1,0,1036,25.448679398017703
uniform,11,250,150,105,106,1,0,1037,25.487865439004963
uniform,11,250,150,105,106,1,0,1038,25.525152950023767
uniform,11,250,150,105,106,1,0,1039,25.567045461008092
uniform,11,250,150,105,106,1,0,1040,25.604897500015795
uniform,11,250,150,105,106,1,0,1041,25.644892426003935
uniform,11,250,150,105,106,1,0,1042,25.680604966008104
uniform,11,250,150,105,106,1,0,1043,25.7118625860021
uniform,11,250,150,105,106,1,0,1044,25.74833245301852
uniform,11,250,150,105,106,1,0,1045,25.80317074499908
uniform,11,250,150,105,106,1,0,1046,25.84207364701433
uniform,11,250,150,105,106,1,0,1047,25.875822658999823
uniform,11,250,150,105,106,1,0,1048,25.955893724021735
uniform,11,250,150,105,106,1,0,1049,26.02580680101528
uniform,11,250,150,105,106,1,0,1050,26.100635828013765
uniform,11,250,150,105,106,1,0,1051,26.153978128015297
uniform,11,250,150,105,106,1,0,1052,26.18810730302357
uniform,11,250,150,105,106,1,0,1053,26.23433589801425
uniform,11,250,150,105,106,1,0,1054,26.290080374019453
uniform,11,250,150,105,106,1,0,1055,26.343796875997214
uniform,11,250,150,105,106,1,0,1056,26.385790642001666
uniform,11,250,150,105,106,1,0,1057,26.42489264800679
uniform,11,250,150,105,106,1,0,1058,26.46658271100023
uniform,11,250,150,105,106,1,0,1059,26.51123889401788
uniform,11,250,150,105,106,1,0,1060,26.552408334013307
uniform,11,250,150,105,106,1,0,1061,26.59079564001877
uniform,11,250,150,105,106,1,0,1062,26.615673542022705
uniform,11,250,150,105,106,1,0,1063,26.640511534002144
uniform,11,250,150,105,106,1,0,1064,26.669898419000674
uniform,11,250,150,105,106,1,0,1065,26.695931583002675
uniform,11,250,150,105,106,1,0,1066,26.72114230101579
uniform,11,250,150,105,106,1,0,1067,26.75090436101891
uniform,11,250,150,105,106,1,0,1068,26.777474351023557
uniform,11,250,150,105,106,1,0,1069,26.802164305001497
uniform,11,250,150,105,106,1,0,1070,26.847183531004703
uniform,11,250,150,105,106,1,0,1071,26.873592433024896
uniform,11,250,150,105,106,1,0,1072,26.910966277006082
uniform,11,250,150,105,106,1,0,1073,26.935345071018673
uniform,11,250,150,105,106,1,0,1074,26.95904835499823
uniform,11,250,150,105,106,1,0,1075,26.987583517999155
uniform,11,250,150,105,106,1,0,1076,27.016705437999917
uniform,11,250,150,105,106,1,0,1077,27.044320554996375
uniform,11,250,150,105,106,1,0,1078,27.07050058900495
uniform,11,250,150,105,106,1,0,1079,27.094257189019118
uniform,11,250,150,105,106,1,0,1080,27.11774804900051
uniform,11,250,150,105,106,1,0,1081,27.14057810200029
uniform,11,250,150,105,106,1,0,1082,27.16806000401266
uniform,11,250,150,105,106,1,0,1083,27.19208803100628
uniform,11,250,150,105,106,1,0,1084,27.218467830010923
uniform,11,250,150,105,106,1,0,1085,27.243595767999068
uniform,11,250,150,105,106,1,0,1086,27.270991775003495
uniform,11,250,150,105,106,1,0,1087,27.293400398019003
uniform,11,250,150,105,106,1,0,1088,27.317449773021508
uniform,11,250,150,105,106,1,0,1089,27.347036988998298
uniform,11,250,150,105,106,1,0,1090,27.36975103302393
uniform,11,250,150,105,106,1,0,1091,27.39850272500189
uniform,11,250,150,105,106,1,0,1092,27.42569447000278
uniform,11,250,150,105,106,1,0,1093,27.44786762300646
uniform,11,250,150,105,106,1,0,1094,27.47287938100635
uniform,11,250,150,105,106,1,0,1095,27.49420790502336
uniform,11,250,150,105,106,1,0,1096,27.533920454006875
uniform,11,250,150,105,106,1,0,1097,27.556005268008448
uniform,11,250,150,105,106,1,0,1098,27.577776393998647
uniform,11,250,150,105,106,1,0,1099,27.604457659006584
uniform,11,250,150,105,106,1,0,1100,27.62795921001816
uniform,11,250,150,105,106,1,0,1101,27.653582502010977
uniform,11,250,150,105,106,1,0,1102,27.677110985998297
uniform,11,250,150,105,106,1,0,1103,27.698918438021792
uniform,11,250,150,105,106,1,0,1104,27.720476433023578
uniform,11,250,150,105,106,1,0,1105,27.741572202008683
uniform,11,250,150,105,106,1,0,1106,27.762982610001927
uniform,11,250,150,105,106,1,0,1107,27.785717502003536
uniform,11,250,150,105,106,1,0,1108,27.80999746499583
uniform,11,250,150,105,106,1,0,1109,27.83692083400092
uniform,11,250,150,105,106,1,0,1110,27.863666838005884
uniform,11,250,150,105,106,1,0,1111,27.886280645005172
uniform,11,250,150,105,106,1,0,1112,27.90862148499582
uniform,11,250,150,105,106,1,0,1113,27.937653123022756
uniform,11,250,150,105,106,1,0,1114,27.961589245998766
uniform,11,250,150,105,106,1,0,1115,27.99193655201816
uniform,11,250,150,105,106,1,0,1116,28.024220390012488
uniform,11,250,150,105,106,1,0,1117,28.053292739001336
uniform,11,250,150,105,106,1,0,1118,28.0774076480011
uniform,11,250,150,105,106,1,0,1119,28.103529781015823
uniform,11,250,150,105,106,1,0,1120,28.135037340020062
uniform,11,250,150,105,106,1,0,1121,28.15989066302427
uniform,11,250,150,105,106,1,0,1122,28.206771707016742
uniform,11,250,150,105,106,1,0,1123,28.229476939013693
uniform,11,250,150,105,106,1,0,1124,28.25870183200459
uniform,11,250,150,105,106,1,0,1125,28.289032767002936
uniform,11,250,150,105,106,1,0,1126,28.316151656996226
uniform,11,250,150,105,106,1,0,1127,28.339549482014263
uniform,11,250,150,105,106,1,0,1128,28.36144894300378
uniform,11,250,150,105,106,1,0,1129,28.41172772902064
uniform,11,250,150,105,106,1,0,1130,28.438475446018856
uniform,11,250,150,105,106,1,0,1131,28.473933482018765
uniform,11,250,150,105,106,1,0,1132,28.503373370011104
uniform,11,250,150,105,106,1,0,1133,28.544345368020004
uniform,11,250,150,105,106,1,0,1134,28.586205344996415
uniform,11,250,150,105,106,1,0,1135,28.629066805006005
uniform,11,250,150,105,106,1,0,1136,28.659492505015805
uniform,11,250,150,105,106,1,0,1137,28.69747914999607
uniform,11,250,150,105,106,1,0,1138,28.731926442997064
uniform,11,250,150,105,106,1,0,1139,28.76837523499853
uniform,11,250,150,105,106,1,0,1140,28.79655192300561
uniform,11,250,150,105,106,1,0,1141,28.833151835016906
uniform,11,250,150,105,106,1,0,1142,28.86999396100873
uniform,11,250,150,105,106,1,0,1143,28.90233516000444
uniform,11,250,150,105,106,1,0,1144,28.942961074004415
uniform,11,250,150,105,106,1,0,1145,28.979588579008123
uniform,11,250,150,105,106,1,0,1146,29.038399208016926
uniform,11,250,150,105,106,1,0,1147,29.072611020004842
uniform,11,250,150,105,106,1,0,1148,29.115668584010564
uniform,11,250,150,105,106,1,0,1149,29.15667121700244
uniform,11,250,150,105,106,1,0,1150,29.194486610998865
uniform,11,250,150,105,106,1,0,1151,29.2272969870246
uniform,11,250,150,105,106,1,0,1152,29.25619274901692
uniform,11,250,150,105,106,1,0,1153,29.28617988701444
uniform,11,250,150,105,106,1,0,1154,29.316728963021887
uniform,11,250,150,105,106,1,0,1155,29.348647178005194
uniform,11,250,150,105,106,1,0,1156,29.389020155009348
uniform,11,250,150,105,106,1,0,1157,29.421260533999885
uniform,11,250,150,105,106,1,0,1158,29.456330023996998
uniform,11,250,150,105,106,1,0,1159,29.48955484799808
uniform,11,250,150,105,106,1,0,1160,29.529049834003672
uniform,11,250,150,105,106,1,0,1161,29.566270957002416
uniform,11,250,150,105,106,1,0,1162,29.601869986014208
uniform,11,250,150,105,106,1,0,1163,29.63061350802309
uniform,11,250,150,105,106,1,0,1164,29.666874629008817
uniform,11,250,150,105,106,1,0,1165,29.708371617016383
uniform,11,250,150,105,106,1,0,1166,29.7350373090012
uniform,11,250,150,105,106,1,0,1167,29.764878373011015
uniform,11,250,150,105,106,1,0,1168,29.7946088440076
uniform,11,250,150,105,106,1,0,1169,29.820981837023282
uniform,11,250,150,105,106,1,0,1170,29.849353894998785
uniform,11,250,150,105,106,1,0,1171,29.872810553002637
uniform,11,250,150,105,106,1,0,1172,29.900069199007703
uniform,11,250,150,105,106,1,0,1173,29.926028775022132
uniform,11,250,150,105,106,1,0,1174,29.950029163999716
uniform,11,250,150,105,106,1,0,1175,29.97510652701021
uniform,11,250,150,105,106,1,0,1176,30.00897282801452
uniform,11,250,150,105,106,1,0,1177,30.037605060002534
uniform,11,250,150,105,106,1,0,1178,30.065591514023254
uniform,11,250,150,105,106,1,0,1179,30.089447541016852
uniform,11,250,150,105,106,1,0,1180,30.110797447006917
uniform,11,250,150,105,106,1,0,1181,30.132114348001778
uniform,11,250,150,105,106,1,0,1182,30.15876554400893
uniform,11,250,150,105,106,1,0,1183,30.188747389998753
uniform,11,250,150,105,106,1,0,1184,30.21376394701656
uniform,11,250,150,105,106,1,0,1185,30.235134020011174
uniform,11,250,150,105,106,1,0,1186,30.256500868999865
uniform,11,250,150,105,106,1,0,1187,30.281165259017143
uniform,11,250,150,105,106,1,0,1188,30.30737043201225
uniform,11,250,150,105,106,1,0,1189,30.329676166002173
uniform,11,250,150,105,106,1,0,1190,30.357541536999634
uniform,11,250,150,105,106,1,0,1191,30.384308647015132
uniform,11,250,150,105,106,1,0,1192,30.416053273016587
uniform,11,250,150,105,106,1,0,1193,30.44039116500062
uniform,11,250,150,105,106,1,0,1194,30.463659792003455
uniform,11,250,150,105,106,1,0,1195,30.4865268850117
uniform,11,250,150,105,106,1,0,1196,30.5128720740031
uniform,11,250,150,105,106,1,0,1197,30.534337036020588
uniform,11,250,150,105,106,1,0,1198,30.560250998008996
uniform,11,250,150,105,106,1,0,1199,30.58592608899926
uniform,11,250,150,105,106,1,0,1200,30.614890854019905
uniform,11,250,150,105,106,1,0,1201,30.638966728001833
uniform,11,250,150,105,106,1,0,1202,30.663356302015018
uniform,11,250,150,105,106,1,0,1203,30.688053201010916
uniform,11,250,150,105,106,1,0,1204,30.71157440901152
uniform,11,250,150,105,106,1,0,1205,30.733560305001447
uniform,11,250,150,105,106,1,0,1206,30.75514225900406
uniform,11,250,150,105,106,1,0,1207,30.778848667017883
uniform,11,250,150,105,106,1,0,1208,30.808465559995966
uniform,11,250,150,105,106,1,0,1209,30.838659362023463
uniform,11,250,150,105,106,1,0,1210,30.861489481001627
uniform,11,250,150,105,106,1,0,1211,30.883741427009227
uniform,11,250,150,105,106,1,0,1212,30.905789473996265
uniform,11,250,150,105,106,1,0,1213,30.930118454998592
uniform,11,250,150,105,106,1,0,1214,30.953892810008256
uniform,11,250,150,105,106,1,0,1215,30.978687343013007
uniform,11,250,150,105,106,1,0,1216,31.001946428004885
uniform,11,250,150,105,106,1,0,1217,31.02542540599825
uniform,11,250,150,105,106,1,0,1218,31.047530866024317
uniform,11,250,150,105,106,1,0,1219,31.068432430998655
uniform,11,250,150,105,106,1,0,1220,31.088617237022845
uniform,11,250,150,105,106,1,0,1221,31.108784475014545
uniform,11,250,150,105,106,1,0,1222,31.128983644011896
uniform,11,250,150,105,106,1,0,1223,31.150260897004046
uniform,11,250,150,105,106,1,0,1224,31.170405467011733
uniform,11,250,150,105,106,1,0,1225,31.19155700400006
uniform,11,250,150,105,106,1,0,1226,31.212288424023427
uniform,11,250,150,105,106,1,0,1227,31.232636404020013
uniform,11,250,150,105,106,1,0,1228,31.254907552996883
uniform,11,250,150,105,106,1,0,1229,31.28015189000871
uniform,11,250,150,105,106,1,0,1230,31.306448702001944
uniform,11,250,150,105,106,1,0,1231,31.330811462015845
uniform,11,250,150,105,106,1,0,1232,31.356812830024865
uniform,11,250,150,105,106,1,0,1233,31.391290288011078
uniform,11,250,150,105,106,1,0,1234,31.424496182997245
uniform,11,250,150,105,106,1,0,1235,31.446748854010366
uniform,11,250,150,105,106,1,0,1236,31.47143096200307
uniform,11,250,150,105,106,1,0,1237,31.494132476014784
uniform,11,250,150,105,106,1,0,1238,31.517450188024668
uniform,11,250,150,105,106,1,0,1239,31.544657885999186
uniform,11,250,150,105,106,1,0,1240,31.56552123502479
uniform,11,250,150,105,106,1,0,1241,31.587782354996307
uniform,11,250,150,105,106,1,0,1242,31.617997800000012
uniform,11,250,150,105,106,1,0,1243,31.642148127022665
uniform,11,250,150,105,106,1,0,1244,31.67231374399853
uniform,11,250,150,105,106,1,0,1245,31.694654036022257
uniform,11,250,150,105,106,1,0,1246,31.71880356600741
uniform,11,250,150,105,106,1,0,1247,31.741675740020582
uniform,11,250,150,105,106,1,0,1248,31.764170145004755
uniform,11,250,150,105,106,1,0,1249,31.790164002013626
uniform,11,250,150,105,106,1,0,1250,31.814836903999094
uniform,11,250,150,105,106,1,0,1251,31.8428469710052
uniform,11,250,150,105,106,1,0,1252,31.870770731999073
uniform,11,250,150,105,106,1,0,1253,31.90210594900418
uniform,11,250,150,105,106,1,0,1254,31.97103968099691
uniform,11,250,150,105,106,1,0,1255,32.02267254202161
uniform,11,250,150,105,106,1,0,1256,32.04898042199784
uniform,11,250,150,105,106,1,0,1257,32.07467713000369
uniform,11,250,150,105,106,1,0,1258,32.098881570011145
uniform,11,250,150,105,106,1,0,1259,32.12259023700608
uniform,11,250,150,105,106,1,0,1260,32.14379236000241
uniform,11,250,150,105,106,1,0,1261,32.16516325602424
uniform,11,250,150,105,106,1,0,1262,32.189160922018345
uniform,11,250,150,105,106,1,0,1263,32.21106337101082
uniform,11,250,150,105,106,1,0,1264,32.23267223100993
uniform,11,250,150,105,106,1,0,1265,32.25675064799725
uniform,11,250,150,105,106,1,0,1266,32.27819438301958
uniform,11,250,150,105,106,1,0,1267,32.29944411100587
uniform,11,250,150,105,106,1,0,1268,32.320555645012064
uniform,11,250,150,105,106,1,0,1269,32.35919369402109
uniform,11,250,150,105,106,1,0,1270,32.38707081999746
uniform,11,250,150,105,106,1,0,1271,32.408658066007774
uniform,11,250,150,105,106,1,0,1272,32.43423058401095
uniform,11,250,150,105,106,1,0,1273,32.45776258100523
uniform,11,250,150,105,106,1,0,1274,32.47919227700913
uniform,11,250,150,105,106,1,0,1275,32.500543973001186
uniform,11,250,150,105,106,1,0,1276,32.521887720999075
uniform,11,250,150,105,106,1,0,1277,32.54752848300268
uniform,11,250,150,105,106,1,0,1278,32.569764931016834
uniform,11,250,150,105,106,1,0,1279,32.59149900902412
uniform,11,250,150,105,106,1,0,1280,32.617004503001226
uniform,11,250,150,105,106,1,0,1281,32.641481529019075
uniform,11,250,150,105,106,1,0,1282,32.66257096300251
uniform,11,250,150,105,106,1,0,1283,32.68393074002233
uniform,11,250,150,105,106,1,0,1284,32.706412569998065
uniform,11,250,150,105,106,1,0,1285,32.732646675023716
uniform,11,250,150,105,106,1,0,1286,32.75343365702429
uniform,11,250,150,105,106,1,0,1287,32.77717344800476
uniform,11,250,150,105,106,1,0,1288,32.79732071200851
uniform,11,250,150,105,106,1,0,1289,32.817335436004214
uniform,11,250,150,105,106,1,0,1290,32.83756595599698
uniform,11,250,150,105,106,1,0,1291,32.86110600101529
uniform,11,250,150,105,106,1,0,1292,32.887538570998004
uniform,11,250,150,105,106,1,0,1293,32.90826325499802
uniform,11,250,150,105,106,1,0,1294,32.92912729701493
uniform,11,250,150,105,106,1,0,1295,32.9495542870136
uniform,11,250,150,105,106,1,0,1296,32.96991936000995
uniform,11,250,150,105,106,1,0,1297,32.99026276200311
uniform,11,250,150,105,106,1,0,1298,33.014682642999105
uniform,11,250,150,105,106,1,0,1299,33.03950338601135
uniform,11,250,150,105,106,1,0,1300,33.0595580250083
uniform,11,250,150,105,106,1,0,1301,33.08065264302422
uniform,11,250,150,105,106,1,0,1302,33.108432202017866
uniform,11,250,150,105,106,1,0,1303,33.131109511014074
uniform,11,250,150,105,106,1,0,1304,33.15112315802253
uniform,11,250,150,105,106,1,0,1305,33.17551455501234
uniform,11,250,150,105,106,1,0,1306,33.19703310300247
uniform,11,250,150,105,106,1,0,1307,33.2177668310178
uniform,11,250,150,105,106,1,0,1308,33.239038801024435
uniform,11,250,150,105,106,1,0,1309,33.26161093701376
uniform,11,250,150,105,106,1,0,1310,33.28271341099753
uniform,11,250,150,105,106,1,0,1311,33.30332104500849
uniform,11,250,150,105,106,1,0,1312,33.326458715018816
uniform,11,250,150,105,106,1,0,1313,33.34894539602101
uniform,11,250,150,105,106,1,0,1314,33.37860571901547
uniform,11,250,150,105,106,1,0,1315,33.40637316700304
uniform,11,250,150,105,106,1,0,1316,33.42946286601364
uniform,11,250,150,105,106,1,0,1317,33.45412965101423
uniform,11,250,150,105,106,1,0,1318,33.47444302000804
uniform,11,250,150,105,106,1,0,1319,33.49479978700401
uniform,11,250,150,105,106,1,0,1320,33.51748094899813
uniform,11,250,150,105,106,1,0,1321,33.54582270802348
uniform,11,250,150,105,106,1,0,1322,33.566099606017815
uniform,11,250,150,105,106,1,0,1323,33.589634063013364
uniform,11,250,150,105,106,1,0,1324,33.617497669998556
uniform,11,250,150,105,106,1,0,1325,33.64357854099944
uniform,11,250,150,105,106,1,0,1326,33.664465704001486
uniform,11,250,150,105,106,1,0,1327,33.689465157018276
uniform,11,250,150,105,106,1,0,1328,33.71318258199608
uniform,11,250,150,105,106,1,0,1329,33.73351417001686
uniform,11,250,150,105,106,1,0,1330,33.75899074602057
uniform,11,250,150,105,106,1,0,1331,33.78097220201744
uniform,11,250,150,105,106,1,0,1332,33.80124883301323
uniform,11,250,150,105,106,1,0,1333,33.82361236301949
uniform,11,250,150,105,106,1,0,1334,33.845113035000395
uniform,11,250,150,105,106,1,0,1335,33.87811961999978
uniform,11,250,150,105,106,1,0,1336,33.90433672402287
uniform,11,250,150,105,106,1,0,1337,33.92634151299717
uniform,11,250,150,105,106,1,0,1338,33.94765663900762
uniform,11,250,150,105,106,1,0,1339,33.96971315602423
uniform,11,250,150,105,106,1,0,1340,33.99229486900731
uniform,11,250,150,105,106,1,0,1341,34.014515123009915
uniform,11,250,150,105,106,1,0,1342,34.03780542401364
uniform,11,250,150,105,106,1,0,1343,34.05855334500666
uniform,11,250,150,105,106,1,0,1344,34.079616130009526
uniform,11,250,150,105,106,1,0,1345,34.09903317200951
uniform,11,250,150,105,106,1,0,1346,34.12160339401453
uniform,11,250,150,105,106,1,0,1347,34.14262483001221
uniform,11,250,150,105,106,1,0,1348,34.16321104799863
uniform,11,250,150,105,106,1,0,1349,34.186095550016034
uniform,11,250,150,105,106,1,0,1350,34.206407660996774
uniform,11,250,150,105,106,1,0,1351,34.22624771500705
uniform,11,250,150,105,106,1,0,1352,34.245884833013406
uniform,11,250,150,105,106,1,0,1353,34.26567601002171
uniform,11,250,150,105,106,1,0,1354,34.29393730699667
uniform,11,250,150,105,106,1,0,1355,34.31845982102095
uniform,11,250,150,105,106,1,0,1356,34.3436689079972
uniform,11,250,150,105,106,1,0,1357,34.37071350601036
uniform,11,250,150,105,106,1,0,1358,34.3927465500019
uniform,11,250,150,105,106,1,0,1359,34.416455841012066
uniform,11,250,150,105,106,1,0,1360,34.439273498021066
uniform,11,250,150,105,106,1,0,1361,34.46479220301262
uniform,11,250,150,105,106,1,0,1362,34.489586100011365
uniform,11,250,150,105,106,1,0,1363,34.516184794018045
uniform,11,250,150,105,106,1,0,1364,34.53781455999706
uniform,11,250,150,105,106,1,0,1365,34.56733061099658
uniform,11,250,150,105,106,1,0,1366,34.595123129023705
uniform,11,250,150,105,106,1,0,1367,34.61907665300532
uniform,11,250,150,105,106,1,0,1368,34.64241721201688
uniform,11,250,150,105,106,1,0,1369,34.665784712007735
uniform,11,250,150,105,106,1,0,1370,34.69078774302034
uniform,11,250,150,105,106,1,0,1371,34.7124123450194
uniform,11,250,150,105,106,1,0,1372,34.73614395200275
uniform,11,250,150,105,106,1,0,1373,34.76117556900135
uniform,11,250,150,105,106,1,0,1374,34.78444660201785
uniform,11,250,150,105,106,1,0,1375,34.80661479799892
uniform,11,250,150,105,106,1,0,1376,34.828228448022855
uniform,11,250,150,105,106,1,0,1377,34.858718550007325
uniform,11,250,150,105,106,1,0,1378,34.88202117601759
uniform,11,250,150,105,106,1,0,1379,34.90267338400008
uniform,11,250,150,105,106,1,0,1380,34.924438784015365
uniform,11,250,150,105,106,1,0,1381,34.944890795013634
uniform,11,250,150,105,106,1,0,1382,34.96608939001453
uniform,11,250,150,105,106,1,0,1383,34.99536907102447
uniform,11,250,150,105,106,1,0,1384,35.01765563202207
uniform,11,250,150,105,106,1,0,1385,35.04474058302003
uniform,11,250,150,105,106,1,0,1386,35.06690614600666
uniform,11,250,150,105,106,1,0,1387,35.09789629600709
uniform,11,250,150,105,106,1,0,1388,35.126995030004764
uniform,11,250,150,105,106,1,0,1389,35.16186362202279
uniform,11,250,150,105,106,1,0,1390,35.18673161001061
uniform,11,250,150,105,106,1,0,1391,35.209673304023454
uniform,11,250,150,105,106,1,0,1392,35.23570743200253
uniform,11,250,150,105,106,1,0,1393,35.26461559100426
uniform,11,250,150,105,106,1,0,1394,35.289228371024365
uniform,11,250,150,105,106,1,0,1395,35.31906524402439
uniform,11,250,150,105,106,1,0,1396,35.34329012600938
uniform,11,250,150,105,106,1,0,1397,35.36958317802055
uniform,11,250,150,105,106,1,0,1398,35.39452772500226
uniform,11,250,150,105,106,1,0,1399,35.42388648999622
uniform,11,250,150,105,106,1,0,1400,35.44826824901975
uniform,11,250,150,105,106,1,0,1401,35.476817756018136
uniform,11,250,150,105,106,1,0,1402,35.499803070008056
uniform,11,250,150,105,106,1,0,1403,35.52604889401118
uniform,11,250,150,105,106,1,0,1404,35.55785602799733
uniform,11,250,150,105,106,1,0,1405,35.58046868801466
uniform,11,250,150,105,106,1,0,1406,35.602760062000016
uniform,11,250,150,105,106,1,0,1407,35.624633876024745
uniform,11,250,150,105,106,1,0,1408,35.64809246599907
uniform,11,250,150,105,106,1,0,1409,35.671702723018825
uniform,11,250,150,105,106,1,0,1410,35.69533494801726
uniform,11,250,150,105,106,1,0,1411,35.736156548024155
uniform,11,250,150,105,106,1,0,1412,35.76664042900666
uniform,11,250,150,105,106,1,0,1413,35.789574652997544
uniform,11,250,150,105,106,1,0,1414,35.81529913700069
uniform,11,250,150,105,106,1,0,1415,35.843815543019446
uniform,11,250,150,105,106,1,0,1416,35.86729026402463
uniform,11,250,150,105,106,1,0,1417,35.88843119502417
uniform,11,250,150,105,106,1,0,1418,35.92063903101371
uniform,11,250,150,105,106,1,0,1419,35.95388747702236
uniform,11,250,150,105,106,1,0,1420,35.97994992299937
uniform,11,250,150,105,106,1,0,1421,36.00706880301004
uniform,11,250,150,105,106,1,0,1422,36.032746020006016
uniform,11,250,150,105,106,1,0,1423,36.055331064999336
uniform,11,250,150,105,106,1,0,1424,36.080099634011276
uniform,11,250,150,105,106,1,0,1425,36.10313885900541
uniform,11,250,150,105,106,1,0,1426,36.125078080018284
uniform,11,250,150,105,106,1,0,1427,36.14973717799876
uniform,11,250,150,105,106,1,0,1428,36.17249223002
uniform,11,250,150,105,106,1,0,1429,36.204582302016206
uniform,11,250,150,105,106,1,0,1430,36.22957373902318
uniform,11,250,150,105,106,1,0,1431,36.253139908018056
uniform,11,250,150,105,106,1,0,1432,36.27741894000792
uniform,11,250,150,105,106,1,0,1433,36.30153295400669
uniform,11,250,150,105,106,1,0,1434,36.323797286022455
uniform,11,250,150,105,106,1,0,1435,36.34483275000821
uniform,11,250,150,105,106,1,0,1436,36.368035576015245
uniform,11,250,150,105,106,1,0,1437,36.38969581099809
uniform,11,250,150,105,106,1,0,1438,36.42522569801076
uniform,11,250,150,105,106,1,0,1439,36.483664852014044
uniform,11,250,150,105,106,1,0,1440,36.51174859100138
uniform,11,250,150,105,106,1,0,1441,36.53723819099832
uniform,11,250,150,105,106,1,0,1442,36.5583383210178
uniform,11,250,150,105,106,1,0,1443,36.58289286700892
uniform,11,250,150,105,106,1,0,1444,36.60725232202094
uniform,11,250,150,105,106,1,0,1445,36.63187293801457
uniform,11,250,150,105,106,1,0,1446,36.65285893800319
uniform,11,250,150,105,106,1,0,1447,36.67966362301377
uniform,11,250,150,105,106,1,0,1448,36.701970360009
uniform,11,250,150,105,106,1,0,1449,36.726926508999895
uniform,11,250,150,105,106,1,0,1450,36.749153137003304
uniform,11,250,150,105,106,1,0,1451,36.77361718000611
uniform,11,250,150,105,106,1,0,1452,36.827578616008395
uniform,11,250,150,105,106,1,0,1453,36.851174783019815
uniform,11,250,150,105,106,1,0,1454,36.88036402501166
uniform,11,250,150,105,106,1,0,1455,36.90184195301845
uniform,11,250,150,105,106,1,0,1456,36.92311734901159
uniform,11,250,150,105,106,1,0,1457,36.95707236501039
uniform,11,250,150,105,106,1,0,1458,36.9959064279974
uniform,11,250,150,105,106,1,0,1459,37.023051291005686
uniform,11,250,150,105,106,1,0,1460,37.051068374013994
uniform,11,250,150,105,106,1,0,1461,37.09730065101758
uniform,11,250,150,105,106,1,0,1462,37.139938014996005
uniform,11,250,150,105,106,1,0,1463,37.16453912801808
uniform,11,250,150,105,106,1,0,1464,37.22815083901514
uniform,11,250,150,105,106,1,0,1465,37.267926739004906
uniform,11,250,150,105,106,1,0,1466,37.29178832200705
uniform,11,250,150,105,106,1,0,1467,37.31714978499804
uniform,11,250,150,105,106,1,0,1468,37.345553203020245
uniform,11,250,150,105,106,1,0,1469,37.371408753999276
uniform,11,250,150,105,106,1,0,1470,37.394086237007286
uniform,11,250,150,105,106,1,0,1471,37.42007426000782
uniform,11,250,150,105,106,1,0,1472,37.454872238013195
uniform,11,250,150,105,106,1,0,1473,37.48011157201836
uniform,11,250,150,105,106,1,0,1474,37.5027373660123
uniform,11,250,150,105,106,1,0,1475,37.52985032199649
uniform,11,250,150,105,106,1,0,1476,37.5561782559962
uniform,11,250,150,105,106,1,0,1477,37.57906377900508
uniform,11,250,150,105,106,1,0,1478,37.605924653005786
uniform,11,250,150,105,106,1,0,1479,37.63320458601811
uniform,11,250,150,105,106,1,0,1480,37.65583872201387
uniform,11,250,150,105,106,1,0,1481,37.68504767000559
uniform,11,250,150,105,106,1,0,1482,37.717310497013386
uniform,11,250,150,105,106,1,0,1483,37.74294682801701
uniform,11,250,150,105,106,1,0,1484,37.766118354018545
uniform,11,250,150,105,106,1,0,1485,37.78757309901994
uniform,11,250,150,105,106,1,0,1486,37.81176851599594
uniform,11,250,150,105,106,1,0,1487,37.83333527701325
uniform,11,250,150,105,106,1,0,1488,37.856946962012444
uniform,11,250,150,105,106,1,0,1489,37.87876330400468
uniform,11,250,150,105,106,1,0,1490,37.902097075013444
uniform,11,250,150,105,106,1,0,1491,37.923706280009355
uniform,11,250,150,105,106,1,0,1492,37.94480741402367
uniform,11,250,150,105,106,1,0,1493,37.96679958302411
uniform,11,250,150,105,106,1,0,1494,37.99071483901935
uniform,11,250,150,105,106,1,0,1495,38.01321190499584
uniform,11,250,150,105,106,1,0,1496,38.0376712680154
uniform,11,250,150,105,106,1,0,1497,38.06116542700329
uniform,11,250,150,105,106,1,0,1498,38.08849624401773
uniform,11,250,150,105,106,1,0,1499,38.11107137001818
uniform,11,250,150,105,106,1,0,1500,38.139664005022496
uniform,11,250,150,105,106,1,0,1501,38.164490518014645
uniform,11,250,150,105,106,1,0,1502,38.18938471301226
uniform,11,250,150,105,106,1,0,1503,38.219380455004284
uniform,11,250,150,105,106,1,0,1504,38.24123680801131
uniform,11,250,150,105,106,1,0,1505,38.2633924530237
uniform,11,250,150,105,106,1,0,1506,38.28365731801023
uniform,11,250,150,105,106,1,0,1507,38.3100536520069
uniform,11,250,150,105,106,1,0,1508,38.33325173301273
uniform,11,250,150,105,106,1,0,1509,38.35873430399806
uniform,11,250,150,105,106,1,0,1510,38.38226387000759
uniform,11,250,150,105,106,1,0,1511,38.40971960700699
uniform,11,250,150,105,106,1,0,1512,38.43110632701428
uniform,11,250,150,105,106,1,0,1513,38.46239662900916
uniform,11,250,150,105,106,1,0,1514,38.49853032300598
uniform,11,250,150,105,106,1,0,1515,38.52877810000791
uniform,11,250,150,105,106,1,0,1516,38.55129204201512
uniform,11,250,150,105,106,1,0,1517,38.5784196590248
uniform,11,250,150,105,106,1,0,1518,38.60440709500108
uniform,11,250,150,105,106,1,0,1519,38.62655540701235
uniform,11,250,150,105,106,1,0,1520,38.648181052005384
uniform,11,250,150,105,106,1,0,1521,38.67043693701271
uniform,11,250,150,105,106,1,0,1522,38.692028382996796
uniform,11,250,150,105,106,1,0,1523,38.71811605899711
uniform,11,250,150,105,106,1,0,1524,38.74043803100358
uniform,11,250,150,105,106,1,0,1525,38.761858109006425
uniform,11,250,150,105,106,1,0,1526,38.78320080501726
uniform,11,250,150,105,106,1,0,1527,38.80545857801917
uniform,11,250,150,105,106,1,0,1528,38.83202831199742
uniform,11,250,150,105,106,1,0,1529,38.856788066012086
uniform,11,250,150,105,106,1,0,1530,38.88015470901155
uniform,11,250,150,105,106,1,0,1531,38.906376758997794
uniform,11,250,150,105,106,1,0,1532,38.93016571801854
uniform,11,250,150,105,106,1,0,1533,38.96191006101435
uniform,11,250,150,105,106,1,0,1534,38.992011820024345
uniform,11,250,150,105,106,1,0,1535,39.01392899200437
uniform,11,250,150,105,106,1,0,1536,39.03589041699888
uniform,11,250,150,105,106,1,0,1537,39.05744437701651
uniform,11,250,150,105,106,1,0,1538,39.079782419023104
uniform,11,250,150,105,106,1,0,1539,39.102438664005604
uniform,11,250,150,105,106,1,0,1540,39.12495489700814
uniform,11,250,150,105,106,1,0,1541,39.15099427200039
uniform,11,250,150,105,106,1,0,1542,39.17581686700578
uniform,11,250,150,105,106,1,0,1543,39.19900191400666
uniform,11,250,150,105,106,1,0,1544,39.22417511601816
uniform,11,250,150,105,106,1,0,1545,39.25192787600099
uniform,11,250,150,105,106,1,0,1546,39.27412417400046
uniform,11,250,150,105,106,1,0,1547,39.29471226100577
uniform,11,250,150,105,106,1,0,1548,39.31981207401259
uniform,11,250,150,105,106,1,0,1549,39.34520068301936
uniform,11,250,150,105,106,1,0,1550,39.369262202002574
uniform,11,250,150,105,106,1,0,1551,39.38971282800776
uniform,11,250,150,105,106,1,0,1552,39.41322264401242
uniform,11,250,150,105,106,1,0,1553,39.43414909800049
uniform,11,250,150,105,106,1,0,1554,39.454512844007695
uniform,11,250,150,105,106,1,0,1555,39.485558059008326
uniform,11,250,150,105,106,1,0,1556,39.50694906502031
uniform,11,250,150,105,106,1,0,1557,39.534474738000426
uniform,11,250,150,105,106,1,0,1558,39.55658459701226
uniform,11,250,150,105,106,1,0,1559,39.579667862009956
uniform,11,250,150,105,106,1,0,1560,39.60442108599818
uniform,11,250,150,105,106,1,0,1561,39.62568243700662
uniform,11,250,150,105,106,1,0,1562,39.6482203710184
uniform,11,250,150,105,106,1,0,1563,39.66985124401981
uniform,11,250,150,105,106,1,0,1564,39.690474688017275
uniform,11,250,150,105,106,1,0,1565,39.71085490300902
uniform,11,250,150,105,106,1,0,1566,39.731372172012925
uniform,11,250,150,105,106,1,0,1567,39.75613997201435
uniform,11,250,150,105,106,1,0,1568,39.77897758499603
uniform,11,250,150,105,106,1,0,1569,39.802597172005335
uniform,11,250,150,105,106,1,0,1570,39.826068089023465
uniform,11,250,150,105,106,1,0,1571,39.84848826000234
uniform,11,250,150,105,106,1,0,1572,39.871572441013996
uniform,11,250,150,105,106,1,0,1573,39.891664877010044
uniform,11,250,150,105,106,1,0,1574,39.91408830601722
uniform,11,250,150,105,106,1,0,1575,39.938723293016665
uniform,11,250,150,105,106,1,0,1576,39.96182475599926
uniform,11,250,150,105,106,1,0,1577,39.98664968300727
uniform,11,250,150,105,106,1,0,1578,40.007328458013944
uniform,11,250,150,105,106,1,0,1579,40.02871608201531
uniform,11,250,150,105,106,1,0,1580,40.0490347930172
uniform,11,250,150,105,106,1,0,1581,40.06902130501112
uniform,11,250,150,105,106,1,0,1582,40.090642727998784
uniform,11,250,150,105,106,1,0,1583,40.11145970202051
uniform,11,250,150,105,106,1,0,1584,40.13323411499732
uniform,11,250,150,105,106,1,0,1585,40.15577948599821
uniform,11,250,150,105,106,1,0,1586,40.17679693401442
uniform,11,250,150,105,106,1,0,1587,40.19909592301701
uniform,11,250,150,105,106,1,0,1588,40.22070495301159
uniform,11,250,150,105,106,1,0,1589,40.24132670002291
uniform,11,250,150,105,106,1,0,1590,40.26439032101189
uniform,11,250,150,105,106,1,0,1591,40.2853394660051
uniform,11,250,150,105,106,1,0,1592,40.31080556300003
uniform,11,250,150,105,106,1,0,1593,40.33403217300656
uniform,11,250,150,105,106,1,0,1594,40.35729956201976
uniform,11,250,150,105,106,1,0,1595,40.37759568201727
uniform,11,250,150,105,106,1,0,1596,40.400491676002275
uniform,11,250,150,105,106,1,0,1597,40.42083446300239
uniform,11,250,150,105,106,1,0,1598,40.44121827601339
uniform,11,250,150,105,106,1,0,1599,40.46422813899699
uniform,11,250,150,105,106,1,0,1600,40.48831449900172
uniform,11,250,150,105,106,1,0,1601,40.508959958009655
uniform,11,250,150,105,106,1,0,1602,40.52935433600214
uniform,11,250,150,105,106,1,0,1603,40.55158600900904
uniform,11,250,150,105,106,1,0,1604,40.57163735400536
uniform,11,250,150,105,106,1,0,1605,40.59403907801607
uniform,11,250,150,105,106,1,0,1606,40.61622118201922
uniform,11,250,150,105,106,1,0,1607,40.63645006500883
uniform,11,250,150,105,106,1,0,1608,40.659780358022545
uniform,11,250,150,105,106,1,0,1609,40.68053526102449
uniform,11,250,150,105,106,1,0,1610,40.70037514102296
uniform,11,250,150,105,106,1,0,1611,40.72266394502367
uniform,11,250,150,105,106,1,0,1612,40.74431591501343
uniform,11,250,150,105,106,1,0,1613,40.767903924017446
uniform,11,250,150,105,106,1,0,1614,40.79250568401767
uniform,11,250,150,105,106,1,0,1615,40.812365468009375
uniform,11,250,150,105,106,1,0,1616,40.83166255001561
uniform,11,250,150,105,106,1,0,1617,40.85078496200731
uniform,11,250,150,105,106,1,0,1618,40.87417217702023
uniform,11,250,150,105,106,1,0,1619,40.89422201400157
uniform,11,250,150,105,106,1,0,1620,40.913344656000845
uniform,11,250,150,105,106,1,0,1621,40.932644481013995
uniform,11,250,150,105,106,1,0,1622,40.954192816017894
uniform,11,250,150,105,106,1,0,1623,40.98346997000044
uniform,11,250,150,105,106,1,0,1624,41.00831191299949
uniform,11,250,150,105,106,1,0,1625,41.028667068021605
uniform,11,250,150,105,106,1,0,1626,41.04837925100583
uniform,11,250,150,105,106,1,0,1627,41.06893698501517
uniform,11,250,150,105,106,1,0,1628,41.08943155000452
uniform,11,250,150,105,106,1,0,1629,41.11085412700777
uniform,11,250,150,105,106,1,0,1630,41.13306995900348
uniform,11,250,150,105,106,1,0,1631,41.15442637199885
uniform,11,250,150,105,106,1,0,1632,41.17604840701097
uniform,11,250,150,105,106,1,0,1633,41.19769861700479
uniform,11,250,150,105,106,1,0,1634,41.22308466900722
uniform,11,250,150,105,106,1,0,1635,41.24543511599768
uniform,11,250,150,105,106,1,0,1636,41.2661336340243
uniform,11,250,150,105,106,1,0,1637,41.28607685401221
uniform,11,250,150,105,106,1,0,1638,41.30571044899989
uniform,11,250,150,105,106,1,0,1639,41.32744867700967
uniform,11,250,150,105,106,1,0,1640,41.34852939500706
uniform,11,250,150,105,106,1,0,1641,41.371599977021106
uniform,11,250,150,105,106,1,0,1642,41.391420055006165
uniform,11,250,150,105,106,1,0,1643,41.41212487500161
uniform,11,250,150,105,106,1,0,1644,41.433006874023704
uniform,11,250,150,105,106,1,0,1645,41.45684313500533
uniform,11,250,150,105,106,1,0,1646,41.48428708201391
uniform,11,250,150,105,106,1,0,1647,41.50868329301011
uniform,11,250,150,105,106,1,0,1648,41.53286857402418
uniform,11,250,150,105,106,1,0,1649,41.556206848996226
uniform,11,250,150,105,106,1,0,1650,41.58033939500456
uniform,11,250,150,105,106,1,0,1651,41.60272049900959
uniform,11,250,150,105,106,1,0,1652,41.62703388399677
uniform,11,250,150,105,106,1,0,1653,41.64889949999633
uniform,11,250,150,105,106,1,0,1654,41.67523304501083
uniform,11,250,150,105,106,1,0,1655,41.70039780801744
uniform,11,250,150,105,106,1,0,1656,41.72297960901051
uniform,11,250,150,105,106,1,0,1657,41.745834408007795
uniform,11,250,150,105,106,1,0,1658,41.768204855005024
uniform,11,250,150,105,106,1,0,1659,41.79281892199651
uniform,11,250,150,105,106,1,0,1660,41.816475414001616
uniform,11,250,150,105,106,1,0,1661,41.84165284401388
uniform,11,250,150,105,106,1,0,1662,41.867390576022444
uniform,11,250,150,105,106,1,0,1663,41.895219524012646
uniform,11,250,150,105,106,1,0,1664,41.92200657801004
uniform,11,250,150,105,106,1,0,1665,41.94406149399583
uniform,11,250,150,105,106,1,0,1666,41.97175055401749
uniform,11,250,150,105,106,1,0,1667,41.99844123001094
uniform,11,250,150,105,106,1,0,1668,42.021229967009276
uniform,11,250,150,105,106,1,0,1669,42.045467582996935
uniform,11,250,150,105,106,1,0,1670,42.07646563902381
uniform,11,250,150,105,106,1,0,1671,42.11979482299648
uniform,11,250,150,105,106,1,0,1672,42.142896375007695
uniform,11,250,150,105,106,1,0,1673,42.17478999000741
uniform,11,250,150,105,106,1,0,1674,42.19729633899988
uniform,11,250,150,105,106,1,0,1675,42.221167399024125
uniform,11,250,150,105,106,1,0,1676,42.24898634001147
uniform,11,250,150,105,106,1,0,1677,42.27166857299744
uniform,11,250,150,105,106,1,0,1678,42.29596214799676
uniform,11,250,150,105,106,1,0,1679,42.31713055502041
uniform,11,250,150,105,106,1,0,1680,42.34129179600859
uniform,11,250,150,105,106,1,0,1681,42.36263933900045
uniform,11,250,150,105,106,1,0,1682,42.38410905899946
uniform,11,250,150,105,106,1,0,1683,42.40641441202024
uniform,11,250,150,105,106,1,0,1684,42.429892895015655
uniform,11,250,150,105,106,1,0,1685,42.45122514999821
uniform,11,250,150,105,106,1,0,1686,42.472506521997275
uniform,11,250,150,105,106,1,0,1687,42.493752067995956
uniform,11,250,150,105,106,1,0,1688,42.517519800021546
uniform,11,250,150,105,106,1,0,1689,42.54010673399898
uniform,11,250,150,105,106,1,0,1690,42.57011104602134
uniform,11,250,150,105,106,1,0,1691,42.59484616102418
uniform,11,250,150,105,106,1,0,1692,42.618520158022875
uniform,11,250,150,105,106,1,0,1693,42.64132994701504
uniform,11,250,150,105,106,1,0,1694,42.664046791003784
uniform,11,250,150,105,106,1,0,1695,42.68789791100426
uniform,11,250,150,105,106,1,0,1696,42.711187798005994
uniform,11,250,150,105,106,1,0,1697,42.73919996799668
uniform,11,250,150,105,106,1,0,1698,42.76601245001075
uniform,11,250,150,105,106,1,0,1699,42.787309366016416
uniform,11,250,150,105,106,1,0,1700,42.8156589140126
uniform,11,250,150,105,106,1,0,1701,42.84286130699911
uniform,11,250,150,105,106,1,0,1702,42.86457338600303
uniform,11,250,150,105,106,1,0,1703,42.89085459601483
uniform,11,250,150,105,106,1,0,1704,42.91723734201514
uniform,11,250,150,105,106,1,0,1705,42.94069950300036
uniform,11,250,150,105,106,1,0,1706,42.96683179499814
uniform,11,250,150,105,106,1,0,1707,42.99100386802456
uniform,11,250,150,105,106,1,0,1708,43.01352221501293
uniform,11,250,150,105,106,1,0,1709,43.04294421800296
uniform,11,250,150,105,106,1,0,1710,43.07069904400851
uniform,11,250,150,105,106,1,0,1711,43.09864797501359
uniform,11,250,150,105,106,1,0,1712,43.123803287016926
uniform,11,250,150,105,106,1,0,1713,43.15349276101915
uniform,11,250,150,105,106,1,0,1714,43.18266660100198
uniform,11,250,150,105,106,1,0,1715,43.2061980740109
uniform,11,250,150,105,106,1,0,1716,43.22901802000706
uniform,11,250,150,105,106,1,0,1717,43.25305752601707
uniform,11,250,150,105,106,1,0,1718,43.27674927000771
uniform,11,250,150,105,106,1,0,1719,43.30096373902052
uniform,11,250,150,105,106,1,0,1720,43.33444710500771
uniform,11,250,150,105,106,1,0,1721,43.36046185702435
uniform,11,250,150,105,106,1,0,1722,43.38519696801086
uniform,11,250,150,105,106,1,0,1723,43.40666960700764
uniform,11,250,150,105,106,1,0,1724,43.42817563400604
uniform,11,250,150,105,106,1,0,1725,43.45466477400623
uniform,11,250,150,105,106,1,0,1726,43.47815682500368
uniform,11,250,150,105,106,1,0,1727,43.50890838500345
uniform,11,250,150,105,106,1,0,1728,43.53425461202278
uniform,11,250,150,105,106,1,0,1729,43.55584720300976
uniform,11,250,150,105,106,1,0,1730,43.58007784601068
uniform,11,250,150,105,106,1,0,1731,43.60642764100339
uniform,11,250,150,105,106,1,0,1732,43.62940947699826
uniform,11,250,150,105,106,1,0,1733,43.65947920901817
uniform,11,250,150,105,106,1,0,1734,43.684202867007116
uniform,11,250,150,105,106,1,0,1735,43.71660485200118
uniform,11,250,150,105,106,1,0,1736,43.73801680302131
uniform,11,250,150,105,106,1,0,1737,43.77684763201978
uniform,11,250,150,105,106,1,0,1738,43.803400831006
uniform,11,250,150,105,106,1,0,1739,43.836303856020095
uniform,11,250,150,105,106,1,0,1740,43.86764774800395
uniform,11,250,150,105,106,1,0,1741,43.89220189402113
uniform,11,250,150,105,106,1,0,1742,43.91732127900468
uniform,11,250,150,105,106,1,0,1743,43.94063763899612
uniform,11,250,150,105,106,1,0,1744,43.96763128400198
uniform,11,250,150,105,106,1,0,1745,43.98933538800338
uniform,11,250,150,105,106,1,0,1746,44.01111641401076
uniform,11,250,150,105,106,1,0,1747,44.03863008102053
uniform,11,250,150,105,106,1,0,1748,44.06174607999856
uniform,11,250,150,105,106,1,0,1749,44.086905522010056
uniform,11,250,150,105,106,1,0,1750,44.11705389400595
uniform,11,250,150,105,106,1,0,1751,44.14033403401845
uniform,11,250,150,105,106,1,0,1752,44.16661115799798
uniform,11,250,150,105,106,1,0,1753,44.1876084600226
uniform,11,250,150,105,106,1,0,1754,44.20907145101228
uniform,11,250,150,105,106,1,0,1755,44.23115406301804
uniform,11,250,150,105,106,1,0,1756,44.25639759399928
uniform,11,250,150,105,106,1,0,1757,44.27674696900067
uniform,11,250,150,105,106,1,0,1758,44.29664594802307
uniform,11,250,150,105,106,1,0,1759,44.31760782402125
uniform,11,250,150,105,106,1,0,1760,44.338229148008395
uniform,11,250,150,105,106,1,0,1761,44.35967614001129
uniform,11,250,150,105,106,1,0,1762,44.38095137302298
uniform,11,250,150,105,106,1,0,1763,44.40360453800531
uniform,11,250,150,105,106,1,0,1764,44.42805789402337
uniform,11,250,150,105,106,1,0,1765,44.44883855202352
uniform,11,250,150,105,106,1,0,1766,44.471219430997735
uniform,11,250,150,105,106,1,0,1767,44.49337089800974
uniform,11,250,150,105,106,1,0,1768,44.51630894700065
uniform,11,250,150,105,106,1,0,1769,44.53665687699686
uniform,11,250,150,105,106,1,0,1770,44.55688002801617
uniform,11,250,150,105,106,1,0,1771,44.57721098701586
uniform,11,250,150,105,106,1,0,1772,44.603703853004845
uniform,11,250,150,105,106,1,0,1773,44.62504925401299
uniform,11,250,150,105,106,1,0,1774,44.64883477601688
uniform,11,250,150,105,106,1,0,1775,44.69951300800312
uniform,11,250,150,105,106,1,0,1776,44.72395126600168
uniform,11,250,150,105,106,1,0,1777,44.745019150024746
uniform,11,250,150,105,106,1,0,1778,44.766892037005164
uniform,11,250,150,105,106,1,0,1779,44.7875614920049
uniform,11,250,150,105,106,1,0,1780,44.81029801402474
uniform,11,250,150,105,106,1,0,1781,44.831628554005874
uniform,11,250,150,105,106,1,0,1782,44.85301933702431
uniform,11,250,150,105,106,1,0,1783,44.87878656401881
uniform,11,250,150,105,106,1,0,1784,44.90309728702414
uniform,11,250,150,105,106,1,0,1785,44.9263708020153
uniform,11,250,150,105,106,1,0,1786,44.95208389501204
uniform,11,250,150,105,106,1,0,1787,44.97778608801309
uniform,11,250,150,105,106,1,0,1788,45.00113333199988
uniform,11,250,150,105,106,1,0,1789,45.04446529800771
uniform,11,250,150,105,106,1,0,1790,45.06949753101799
uniform,11,250,150,105,106,1,0,1791,45.10194687100011
uniform,11,250,150,105,106,1,0,1792,45.1358618310187
uniform,11,250,150,105,106,1,0,1793,45.16501078000874
uniform,11,250,150,105,106,1,0,1794,45.19037689702236
uniform,11,250,150,105,106,1,0,1795,45.222154142014915
uniform,11,250,150,105,106,1,0,1796,45.24733536099666
uniform,11,250,150,105,106,1,0,1797,45.270043941010954
uniform,11,250,150,105,106,1,0,1798,45.29153664200567
uniform,11,250,150,105,106,1,0,1799,45.312782875000266
uniform,11,250,150,105,106,1,0,1800,45.33438280201517
uniform,11,250,150,105,106,1,0,1801,45.35753376499633
uniform,11,250,150,105,106,1,0,1802,45.38859416299965
uniform,11,250,150,105,106,1,0,1803,45.44075943902135
uniform,11,250,150,105,106,1,0,1804,45.49297310001566
uniform,11,250,150,105,106,1,0,1805,45.555350537004415
uniform,11,250,150,105,106,1,0,1806,45.623608095018426
uniform,11,250,150,105,106,1,0,1807,45.68718880601227
uniform,11,250,150,105,106,1,0,1808,45.751862542005256
uniform,11,250,150,105,106,1,0,1809,45.833314723015064
uniform,11,250,150,105,106,1,0,1810,45.90473336301511
uniform,11,250,150,105,106,1,0,1811,45.965772229013965
uniform,11,250,150,105,106,1,0,1812,46.03885526000522
uniform,11,250,150,105,106,1,0,1813,46.09893137801555
uniform,11,250,150,105,106,1,0,1814,46.17383861899725
uniform,11,250,150,105,106,1,0,1815,46.23405311701936
uniform,11,250,150,105,106,1,0,1816,46.312881660007406
uniform,11,250,150,105,106,1,0,1817,46.34860644402215
uniform,11,250,150,105,106,1,0,1818,46.37761714801309
uniform,11,250,150,105,106,1,0,1819,46.403636589006055
uniform,11,250,150,105,106,1,0,1820,46.42973687002086
uniform,11,250,150,105,106,1,0,1821,46.45565486801206
uniform,11,250,150,105,106,1,0,1822,46.48179908300517
uniform,11,250,150,105,106,1,0,1823,46.5100133640226
uniform,11,250,150,105,106,1,0,1824,46.538409184024204
uniform,11,250,150,105,106,1,0,1825,46.56456171500031
uniform,11,250,150,105,106,1,0,1826,46.59689335801522
uniform,11,250,150,105,106,1,0,1827,46.667752476001624
uniform,11,250,150,105,106,1,0,1828,46.74345253800857
uniform,11,250,150,105,106,1,0,1829,46.825696901010815
uniform,11,250,150,105,106,1,0,1830,46.89450677501736
uniform,11,250,150,105,106,1,0,1831,46.94513332302449
uniform,11,250,150,105,106,1,0,1832,47.00847778501338
uniform,11,250,150,105,106,1,0,1833,47.04589914501412
uniform,11,250,150,105,106,1,0,1834,47.07324168001651
uniform,11,250,150,105,106,1,0,1835,47.101044662005734
uniform,11,250,150,105,106,1,0,1836,47.13408958099899
uniform,11,250,150,105,106,1,0,1837,47.16080132400384
uniform,11,250,150,105,106,1,0,1838,47.19775337801548
uniform,11,250,150,105,106,1,0,1839,47.22790805500699
uniform,11,250,150,105,106,1,0,1840,47.25562704002368
uniform,11,250,150,105,106,1,0,1841,47.31745190601214
uniform,11,250,150,105,106,1,0,1842,47.387090183008695
uniform,11,250,150,105,106,1,0,1843,47.444061985006556
uniform,11,250,150,105,106,1,0,1844,47.48373741100659
uniform,11,250,150,105,106,1,0,1845,47.55011152301449
uniform,11,250,150,105,106,1,0,1846,47.63896532202489
uniform,11,250,150,105,106,1,0,1847,47.719047189020785
uniform,11,250,150,105,106,1,0,1848,47.79978468400077
uniform,11,250,150,105,106,1,0,1849,47.85373774700565
uniform,11,250,150,105,106,1,0,1850,47.90498064600979
uniform,11,250,150,105,106,1,0,1851,47.96744283800945
uniform,11,250,150,105,106,1,0,1852,48.031076694023795
uniform,11,250,150,105,106,1,0,1853,48.062049116007984
uniform,11,250,150,105,106,1,0,1854,48.099422410014085
uniform,11,250,150,105,106,1,0,1855,48.13155482700677
uniform,11,250,150,105,106,1,0,1856,48.16715465200832
uniform,11,250,150,105,106,1,0,1857,48.19702516999678
uniform,11,250,150,105,106,1,0,1858,48.23341551300837
uniform,11,250,150,105,106,1,0,1859,48.265241704008076
uniform,11,250,150,105,106,1,0,1860,48.29544927799725
uniform,11,250,150,105,106,1,0,1861,48.323214507021476
uniform,11,250,150,105,106,1,0,1862,48.360704393009655
uniform,11,250,150,105,106,1,0,1863,48.427302815020084
uniform,11,250,150,105,106,1,0,1864,48.47898090601666
uniform,11,250,150,105,106,1,0,1865,48.54478251800174
uniform,11,250,150,105,106,1,0,1866,48.61299241002416
uniform,11,250,150,105,106,1,0,1867,48.68333115801215
uniform,11,250,150,105,106,1,0,1868,48.76407194300555
uniform,11,250,150,105,106,1,0,1869,48.83792174301925
uniform,11,250,150,105,106,1,0,1870,48.90091654701973
uniform,11,250,150,105,106,1,0,1871,48.93027082202025
uniform,11,250,150,105,106,1,0,1872,48.959782286023255
uniform,11,250,150,105,106,1,0,1873,48.98858992001624
uniform,11,250,150,105,106,1,0,1874,49.01928088601562
uniform,11,250,150,105,106,1,0,1875,49.048611906997394
uniform,11,250,150,105,106,1,0,1876,49.086908577999566
uniform,11,250,150,105,106,1,0,1877,49.12323008599924
uniform,11,250,150,105,106,1,0,1878,49.16793851001421
uniform,11,250,150,105,106,1,0,1879,49.22675179102225
uniform,11,250,150,105,106,1,0,1880,49.28086244800943
uniform,11,250,150,105,106,1,0,1881,49.32947844199953
uniform,11,250,150,105,106,1,0,1882,49.38844926800812
uniform,11,250,150,105,106,1,0,1883,49.452451290009776
uniform,11,250,150,105,106,1,0,1884,49.48440308900899
uniform,11,250,150,105,106,1,0,1885,49.54815650801174
uniform,11,250,150,105,106,1,0,1886,49.610045219014864
uniform,11,250,150,105,106,1,0,1887,49.67017877602484
uniform,11,250,150,105,106,1,0,1888,49.71928143801051
uniform,11,250,150,105,106,1,0,1889,49.76219919000869
uniform,11,250,150,105,106,1,0,1890,49.793701932008844
uniform,11,250,150,105,106,1,0,1891,49.82427198000369
uniform,11,250,150,105,106,1,0,1892,49.87062017500284
uniform,11,250,150,105,106,1,0,1893,49.919438044016715
uniform,11,250,150,105,106,1,0,1894,49.95505430799676
uniform,11,250,150,105,106,1,0,1895,49.997564985009376
uniform,11,250,150,105,106,1,0,1896,50.03250267900876
uniform,11,250,150,105,106,1,0,1897,50.06862956500845
uniform,11,250,150,105,106,1,0,1898,50.102889308007434
uniform,11,250,150,105,106,1,0,1899,50.14502915402409
uniform,11,250,150,105,106,1,0,1900,50.171529744024156
uniform,11,250,150,105,106,1,0,1901,50.20726617600303
uniform,11,250,150,105,106,1,0,1902,50.23811921000015
uniform,11,250,150,105,106,1,0,1903,50.28134650402353
uniform,11,250,150,105,106,1,0,1904,50.3183493380202
uniform,11,250,150,105,106,1,0,1905,50.35343652102165
uniform,11,250,150,105,106,1,0,1906,50.387842199008446
uniform,11,250,150,105,106,1,0,1907,50.42950381702394
uniform,11,250,150,105,106,1,0,1908,50.46692524701939
uniform,11,250,150,105,106,1,0,1909,50.502412219007965
uniform,11,250,150,105,106,1,0,1910,50.52904928501812
uniform,11,250,150,105,106,1,0,1911,50.555754696018994
uniform,11,250,150,105,106,1,0,1912,50.586932234000415
uniform,11,250,150,105,106,1,0,1913,50.62263957801042
uniform,11,250,150,105,106,1,0,1914,50.663434121001046
uniform,11,250,150,105,106,1,0,1915,50.696995617006905
uniform,11,250,150,105,106,1,0,1916,50.72791472301469
uniform,11,250,150,105,106,1,0,1917,50.75935648201266
uniform,11,250,150,105,106,1,0,1918,50.787444923014846
uniform,11,250,150,105,106,1,0,1919,50.81458571300027
uniform,11,250,150,105,106,1,0,1920,50.844988819007995
uniform,11,250,150,105,106,1,0,1921,50.878117180021945
uniform,11,250,150,105,106,1,0,1922,50.90658718100167
uniform,11,250,150,105,106,1,0,1923,50.944858183996985
uniform,11,250,150,105,106,1,0,1924,50.97856200201204
uniform,11,250,150,105,106,1,0,1925,51.00583491200814
uniform,11,250,150,105,106,1,0,1926,51.06920689099934
uniform,11,250,150,105,106,1,0,1927,51.13975333201233
uniform,11,250,150,105,106,1,0,1928,51.1956558660022
uniform,11,250,150,105,106,1,0,1929,51.23043844199856
uniform,11,250,150,105,106,1,0,1930,51.27649397202185
uniform,11,250,150,105,106,1,0,1931,51.312625674006995
uniform,11,250,150,105,106,1,0,1932,51.34674700599862
uniform,11,250,150,105,106,1,0,1933,51.436430105008185
uniform,11,250,150,105,106,1,0,1934,51.50865473999875
uniform,11,250,150,105,106,1,0,1935,51.596865326020634
uniform,11,250,150,105,106,1,0,1936,51.693235528015066
uniform,11,250,150,105,106,1,0,1937,51.75288849201752
uniform,11,250,150,105,106,1,0,1938,51.80991524702404
uniform,11,250,150,105,106,1,0,1939,51.875826322997455
uniform,11,250,150,105,106,1,0,1940,51.94927370600635
uniform,11,250,150,105,106,1,0,1941,52.01024330902146
uniform,11,250,150,105,106,1,0,1942,52.112970547023
uniform,11,250,150,105,106,1,0,1943,52.19757033800124
uniform,11,250,150,105,106,1,0,1944,52.25374545500381
uniform,11,250,150,105,106,1,0,1945,52.30025659900275
uniform,11,250,150,105,106,1,0,1946,52.35276791601791
uniform,11,250,150,105,106,1,0,1947,52.39322396600619
uniform,11,250,150,105,106,1,0,1948,52.423086649010656
uniform,11,250,150,105,106,1,0,1949,52.454471313016256
uniform,11,250,150,105,106,1,0,1950,52.4833585130109
uniform,11,250,150,105,106,1,0,1951,52.5121315389988
uniform,11,250,150,105,106,1,0,1952,52.54391795099946
uniform,11,250,150,105,106,1,0,1953,52.570750806014985
uniform,11,250,150,105,106,1,0,1954,52.59725901501952
uniform,11,250,150,105,106,1,0,1955,52.63482713702251
uniform,11,250,150,105,106,1,0,1956,52.662607867998304
uniform,11,250,150,105,106,1,0,1957,52.71059148199856
uniform,11,250,150,105,106,1,0,1958,52.74653432800551
uniform,11,250,150,105,106,1,0,1959,52.77866870901198
uniform,11,250,150,105,106,1,0,1960,52.80555041102343
uniform,11,250,150,105,106,1,0,1961,52.830914352001855
uniform,11,250,150,105,106,1,0,1962,52.85744499502471
uniform,11,250,150,105,106,1,0,1963,52.88233150501037
uniform,11,250,150,105,106,1,0,1964,52.90725141001167
uniform,11,250,150,105,106,1,0,1965,52.93240021800739
uniform,11,250,150,105,106,1,0,1966,52.960965330014005
uniform,11,250,150,105,106,1,0,1967,52.986229204019764
uniform,11,250,150,105,106,1,0,1968,53.015056653996
uniform,11,250,150,105,106,1,0,1969,53.046215451002354
uniform,11,250,150,105,106,1,0,1970,53.072888972004876
uniform,11,250,150,105,106,1,0,1971,53.097027034003986
uniform,11,250,150,105,106,1,0,1972,53.13352526302333
uniform,11,250,150,105,106,1,0,1973,53.16021564899711
uniform,11,250,150,105,106,1,0,1974,53.18999447001261
uniform,11,250,150,105,106,1,0,1975,53.22018502000719
uniform,11,250,150,105,106,1,0,1976,53.24748922101571
uniform,11,250,150,105,106,1,0,1977,53.27358307901886
uniform,11,250,150,105,106,1,0,1978,53.29764966000221
uniform,11,250,150,105,106,1,0,1979,53.32210884100641
uniform,11,250,150,105,106,1,0,1980,53.345981311023934
uniform,11,250,150,105,106,1,0,1981,53.37334593501873
uniform,11,250,150,105,106,1,0,1982,53.39847474600538
uniform,11,250,150,105,106,1,0,1983,53.4242067449959
uniform,11,250,150,105,106,1,0,1984,53.44947814999614
uniform,11,250,150,105,106,1,0,1985,53.4753436470055
uniform,11,250,150,105,106,1,0,1986,53.50224385401816
uniform,11,250,150,105,106,1,0,1987,53.53376879700227
uniform,11,250,150,105,106,1,0,1988,53.55826382100349
uniform,11,250,150,105,106,1,0,1989,53.58367923201877
uniform,11,250,150,105,106,1,0,1990,53.61020586101222
uniform,11,250,150,105,106,1,0,1991,53.63436013800674
uniform,11,250,150,105,106,1,0,1992,53.65797690700856
uniform,11,250,150,105,106,1,0,1993,53.682995714014396
uniform,11,250,150,105,106,1,0,1994,53.7285399500106
uniform,11,250,150,105,106,1,0,1995,53.7889968350064
uniform,11,250,150,105,106,1,0,1996,53.8498065629974
uniform,11,250,150,105,106,1,0,1997,53.90066298600868
uniform,11,250,150,105,106,1,0,1998,53.95655124401674
uniform,11,250,150,105,106,1,0,1999,53.98157147000893
uniform,11,250,150,105,106,1,0,2000,54.00903783601825
uniform,11,250,150,105,106,1,0,2001,54.034572617005324
uniform,11,250,150,105,106,1,0,2002,54.05940226800158
uniform,11,250,150,105,106,1,0,2003,54.087493705999805
uniform,11,250,150,105,106,1,0,2004,54.11382751300698
uniform,11,250,150,105,106,1,0,2005,54.138153895008145
uniform,11,250,150,105,106,1,0,2006,54.1689220740227
uniform,11,250,150,105,106,1,0,2007,54.196265417005634
uniform,11,250,150,105,106,1,0,2008,54.221120668022195
uniform,11,250,150,105,106,1,0,2009,54.245867449004436
uniform,11,250,150,105,106,1,0,2010,54.26924271302414
uniform,11,250,150,105,106,1,0,2011,54.297650829015765
uniform,11,250,150,105,106,1,0,2012,54.32402518801973
uniform,11,250,150,105,106,1,0,2013,54.35007131201564
uniform,11,250,150,105,106,1,0,2014,54.373574404016836
uniform,11,250,150,105,106,1,0,2015,54.39680394899915
uniform,11,250,150,105,106,1,0,2016,54.4244751810038
uniform,11,250,150,105,106,1,0,2017,54.45472137001343
uniform,11,250,150,105,106,1,0,2018,54.48048855899833
uniform,11,250,150,105,106,1,0,2019,54.50747290501022
uniform,11,250,150,105,106,1,0,2020,54.53266889002407
uniform,11,250,150,105,106,1,0,2021,54.562052460009
uniform,11,250,150,105,106,1,0,2022,54.58703167299973
uniform,11,250,150,105,106,1,0,2023,54.61622291599633
uniform,11,250,150,105,106,1,0,2024,54.638756030995864
uniform,11,250,150,105,106,1,0,2025,54.661252806021366
uniform,11,250,150,105,106,1,0,2026,54.70081511102035
uniform,11,250,150,105,106,1,0,2027,54.736913089000154
uniform,11,250,150,105,106,1,0,2028,54.77478078601416
uniform,11,250,150,105,106,1,0,2029,54.82581921201199
uniform,11,250,150,105,106,1,0,2030,54.866877553024096
uniform,11,250,150,105,106,1,0,2031,54.897351540013915
uniform,11,250,150,105,106,1,0,2032,54.92680382900289
uniform,11,250,150,105,106,1,0,2033,54.966461773001356
uniform,11,250,150,105,106,1,0,2034,55.008956586010754
uniform,11,250,150,105,106,1,0,2035,55.036308183014626
uniform,11,250,150,105,106,1,0,2036,55.060136240004795
uniform,11,250,150,105,106,1,0,2037,55.09237829101039
uniform,11,250,150,105,106,1,0,2038,55.137347772018984
uniform,11,250,150,105,106,1,0,2039,55.186808724014554
uniform,11,250,150,105,106,1,0,2040,55.21736042201519
uniform,11,250,150,105,106,1,0,2041,55.26839430900873
uniform,11,250,150,105,106,1,0,2042,55.312871030007955
uniform,11,250,150,105,106,1,0,2043,55.37584566601436
uniform,11,250,150,105,106,1,0,2044,55.467272553010844
uniform,11,250,150,105,106,1,0,2045,55.54615203401772
uniform,11,250,150,105,106,1,0,2046,55.595917758008
uniform,11,250,150,105,106,1,0,2047,55.62891176901758
uniform,11,250,150,105,106,1,0,2048,55.67883935500868
uniform,11,250,150,105,106,1,0,2049,55.744936053000856
uniform,11,250,150,105,106,1,0,2050,55.822507086006226
uniform,11,250,150,105,106,1,0,2051,55.87829597500968
uniform,11,250,150,105,106,1,0,2052,55.92998786101816
uniform,11,250,150,105,106,1,0,2053,55.977218439016724
uniform,11,250,150,105,106,1,0,2054,56.01087670100969
uniform,11,250,150,105,106,1,0,2055,56.051749190024566
uniform,11,250,150,105,106,1,0,2056,56.09898237499874
uniform,11,250,150,105,106,1,0,2057,56.13229866299662
uniform,11,250,150,105,106,1,0,2058,56.16186146301334
uniform,11,250,150,105,106,1,0,2059,56.19367816799786
uniform,11,250,150,105,106,1,0,2060,56.22533304800163
uniform,11,250,150,105,106,1,0,2061,56.25798764202045
uniform,11,250,150,105,106,1,0,2062,56.29088245102321
uniform,11,250,150,105,106,1,0,2063,56.317301244009286
uniform,11,250,150,105,106,1,0,2064,56.343234419007786
uniform,11,250,150,105,106,1,0,2065,56.369057794014225
uniform,11,250,150,105,106,1,0,2066,56.396252625010675
uniform,11,250,150,105,106,1,0,2067,56.42154804902384
uniform,11,250,150,105,106,1,0,2068,56.446631287020864
uniform,11,250,150,105,106,1,0,2069,56.474192554014735
uniform,11,250,150,105,106,1,0,2070,56.49895776199992
uniform,11,250,150,105,106,1,0,2071,56.52474566901219
uniform,11,250,150,105,106,1,0,2072,56.557563533016946
uniform,11,250,150,105,106,1,0,2073,56.5914006929961
uniform,11,250,150,105,106,1,0,2074,56.62978655900224
uniform,11,250,150,105,106,1,0,2075,56.69280597101897
uniform,11,250,150,105,106,1,0,2076,56.75428954500239
uniform,11,250,150,105,106,1,0,2077,56.82638067100197
uniform,11,250,150,105,106,1,0,2078,56.884321504010586
uniform,11,250,150,105,106,1,0,2079,56.9217325260106
uniform,11,250,150,105,106,1,0,2080,56.98782562400447
uniform,11,250,150,105,106,1,0,2081,57.03475510000135
uniform,11,250,150,105,106,1,0,2082,57.09414726201794
uniform,11,250,150,105,106,1,0,2083,57.13731040901621
uniform,11,250,150,105,106,1,0,2084,57.17339544801507
uniform,11,250,150,105,106,1,0,2085,57.21406275901245
uniform,11,250,150,105,106,1,0,2086,57.25121097502415
uniform,11,250,150,105,106,1,0,2087,57.2807872830017
uniform,11,250,150,105,106,1,0,2088,57.343023293011356
uniform,11,250,150,105,106,1,0,2089,57.427479272999335
uniform,11,250,150,105,106,1,0,2090,57.4912287670013
uniform,11,250,150,105,106,1,0,2091,57.56093548302306
uniform,11,250,150,105,106,1,0,2092,57.632634825014975
uniform,11,250,150,105,106,1,0,2093,57.675787964020856
uniform,11,250,150,105,106,1,0,2094,57.711952798999846
uniform,11,250,150,105,106,1,0,2095,57.76376650601742
uniform,11,250,150,105,106,1,0,2096,57.81608542200411
uniform,11,250,150,105,106,1,0,2097,57.87199742702069
uniform,11,250,150,105,106,1,0,2098,57.92807361599989
uniform,11,250,150,105,106,1,0,2099,57.99392604600871
uniform,11,250,150,105,106,1,0,2100,58.07031594502041
uniform,11,250,150,105,106,1,0,2101,58.15637779101962
uniform,11,250,150,105,106,1,0,2102,58.20297259700601
uniform,11,250,150,105,106,1,0,2103,58.24974816601025
uniform,11,250,150,105,106,1,0,2104,58.30231814002036
uniform,11,250,150,105,106,1,0,2105,58.35077009501401
uniform,11,250,150,105,106,1,0,2106,58.403887883003335
uniform,11,250,150,105,106,1,0,2107,58.44612503302051
uniform,11,250,150,105,106,1,0,2108,58.47818454701337
uniform,11,250,150,105,106,1,0,2109,58.50710445200093
uniform,11,250,150,105,106,1,0,2110,58.538826001022244
uniform,11,250,150,105,106,1,0,2111,58.571592969004996
uniform,11,250,150,105,106,1,0,2112,58.609912118001375
uniform,11,250,150,105,106,1,0,2113,58.63989639902138
uniform,11,250,150,105,106,1,0,2114,58.67462977801915
uniform,11,250,150,105,106,1,0,2115,58.703299204004
uniform,11,250,150,105,106,1,0,2116,58.731963121012086
uniform,11,250,150,105,106,1,0,2117,58.76085350199719
uniform,11,250,150,105,106,1,0,2118,58.78812669101171
uniform,11,250,150,105,106,1,0,2119,58.81310118100373
uniform,11,250,150,105,106,1,0,2120,58.840787173016
uniform,11,250,150,105,106,1,0,2121,58.869744238996645
uniform,11,250,150,105,106,1,0,2122,58.89620668202406
uniform,11,250,150,105,106,1,0,2123,58.9266159220133
uniform,11,250,150,105,106,1,0,2124,58.95500353901298
uniform,11,250,150,105,106,1,0,2125,58.984781660023145
uniform,11,250,150,105,106,1,0,2126,59.00926633999916
uniform,11,250,150,105,106,1,0,2127,59.03618684899993
uniform,11,250,150,105,106,1,0,2128,59.062178451014915
uniform,11,250,150,105,106,1,0,2129,59.08868774701841
uniform,11,250,150,105,106,1,0,2130,59.11736645002384
uniform,11,250,150,105,106,1,0,2131,59.147397733002435
uniform,11,250,150,105,106,1,0,2132,59.176781916001346
uniform,11,250,150,105,106,1,0,2133,59.204962001007516
uniform,11,250,150,105,106,1,0,2134,59.23519202400348
uniform,11,250,150,105,106,1,0,2135,59.257750481017865
uniform,11,250,150,105,106,1,0,2136,59.28011759300716
uniform,11,250,150,105,106,1,0,2137,59.30233693300397
uniform,11,250,150,105,106,1,0,2138,59.32656508599757
uniform,11,250,150,105,106,1,0,2139,59.34884248801973
uniform,11,250,150,105,106,1,0,2140,59.37338225901476
uniform,11,250,150,105,106,1,0,2141,59.39556896602153
uniform,11,250,150,105,106,1,0,2142,59.417731900000945
uniform,11,250,150,105,106,1,0,2143,59.440966998023214
uniform,11,250,150,105,106,1,0,2144,59.46596559500904
uniform,11,250,150,105,106,1,0,2145,59.48820118702133
uniform,11,250,150,105,106,1,0,2146,59.5111463330104
uniform,11,250,150,105,106,1,0,2147,59.538696928997524
uniform,11,250,150,105,106,1,0,2148,59.562024511018535
uniform,11,250,150,105,106,1,0,2149,59.58414680400165
uniform,11,250,150,105,106,1,0,2150,59.606198474997655
uniform,11,250,150,105,106,1,0,2151,59.62800759501988
uniform,11,250,150,105,106,1,0,2152,59.65153665901744
uniform,11,250,150,105,106,1,0,2153,59.682079910999164
uniform,11,250,150,105,106,1,0,2154,59.705716481024865
uniform,11,250,150,105,106,1,0,2155,59.72789592499612
uniform,11,250,150,105,106,1,0,2156,59.750294539000606
uniform,11,250,150,105,106,1,0,2157,59.772131799021736
uniform,11,250,150,105,106,1,0,2158,59.79495824701735
uniform,11,250,150,105,106,1,0,2159,59.818215347011574
uniform,11,250,150,105,106,1,0,2160,59.8395005420025
uniform,11,250,150,105,106,1,0,2161,59.86063189100241
uniform,11,250,150,105,106,1,0,2162,59.88188710302347
uniform,11,250,150,105,106,1,0,2163,59.902805161022115
uniform,11,250,150,105,106,1,0,2164,59.926973467023345
uniform,11,250,150,105,106,1,0,2165,59.9507510609983
uniform,11,250,150,105,106,1,0,2166,59.97923644402181
uniform,11,250,150,105,106,1,0,2167,60.01648761401884
uniform,11,250,150,105,106,1,0,2168,60.040287027019076
uniform,11,250,150,105,106,1,0,2169,60.06370953802252
uniform,11,250,150,105,106,1,0,2170,60.086017472000094
uniform,11,250,150,105,106,1,0,2171,60.113005488005
uniform,11,250,150,105,106,1,0,2172,60.14124509002431
uniform,11,250,150,105,106,1,0,2173,60.16495893901447
uniform,11,250,150,105,106,1,0,2174,60.18888347700704
uniform,11,250,150,105,106,1,0,2175,60.210883235005895
uniform,11,250,150,105,106,1,0,2176,60.23282836101134
uniform,11,250,150,105,106,1,0,2177,60.25587806501426
uniform,11,250,150,105,106,1,0,2178,60.2811434220057
uniform,11,250,150,105,106,1,0,2179,60.30698477901751
uniform,11,250,150,105,106,1,0,2180,60.334203864011215
uniform,11,250,150,105,106,1,0,2181,60.356132165004965
uniform,11,250,150,105,106,1,0,2182,60.38039660800132
uniform,11,250,150,105,106,1,0,2183,60.40213370800484
uniform,11,250,150,105,106,1,0,2184,60.426202891016146
uniform,11,250,150,105,106,1,0,2185,60.45151524900575
uniform,11,250,150,105,106,1,0,2186,60.48190125799738
uniform,11,250,150,105,106,1,0,2187,60.5276946540107
uniform,11,250,150,105,106,1,0,2188,60.56496205102303
uniform,11,250,150,105,106,1,0,2189,60.59805893999874
uniform,11,250,150,105,106,1,0,2190,60.64688213201589
uniform,11,250,150,105,106,1,0,2191,60.68751537401113
uniform,11,250,150,105,106,1,0,2192,60.7383291250153
uniform,11,250,150,105,106,1,0,2193,60.79780786600895
uniform,11,250,150,105,106,1,0,2194,60.86181926500285
uniform,11,250,150,105,106,1,0,2195,60.91877133201342
uniform,11,250,150,105,106,1,0,2196,60.9867456050124
uniform,11,250,150,105,106,1,0,2197,61.05374076400767
uniform,11,250,150,105,106,1,0,2198,61.10274384499644
uniform,11,250,150,105,106,1,0,2199,61.13712012799806
uniform,11,250,150,105,106,1,0,2200,61.16478397001629
uniform,11,250,150,105,106,1,0,2201,61.199335593002615
uniform,11,250,150,105,106,1,0,2202,61.230503057013266
uniform,11,250,150,105,106,1,0,2203,61.262546033016406
uniform,11,250,150,105,106,1,0,2204,61.29719511300209
uniform,11,250,150,105,106,1,0,2205,61.32216475601308
uniform,11,250,150,105,106,1,0,2206,61.347177098999964
uniform,11,250,150,105,106,1,0,2207,61.37718858401058
uniform,11,250,150,105,106,1,0,2208,61.406190957000945
uniform,11,250,150,105,106,1,0,2209,61.431284685007995
uniform,11,250,150,105,106,1,0,2210,61.466962630016496
uniform,11,250,150,105,106,1,0,2211,61.504164209996816
uniform,11,250,150,105,106,1,0,2212,61.53044870001031
uniform,11,250,150,105,106,1,0,2213,61.55745166601264
uniform,11,250,150,105,106,1,0,2214,61.59083474101499
uniform,11,250,150,105,106,1,0,2215,61.62771834700834
uniform,11,250,150,105,106,1,0,2216,61.65572920301929
uniform,11,250,150,105,106,1,0,2217,61.70051488300669
uniform,11,250,150,105,106,1,0,2218,61.758774454006925
uniform,11,250,150,105,106,1,0,2219,61.83354914802476
uniform,11,250,150,105,106,1,0,2220,61.88161076902179
uniform,11,250,150,105,106,1,0,2221,61.91345146502135
uniform,11,250,150,105,106,1,0,2222,61.947176121000666
uniform,11,250,150,105,106,1,0,2223,61.97921539400704
uniform,11,250,150,105,106,1,0,2224,62.00733447802486
uniform,11,250,150,105,106,1,0,2225,62.03404961901833
uniform,11,250,150,105,106,1,0,2226,62.06199038901832
uniform,11,250,150,105,106,1,0,2227,62.08894290399621
uniform,11,250,150,105,106,1,0,2228,62.12840658202185
uniform,11,250,150,105,106,1,0,2229,62.15760159600177
uniform,11,250,150,105,106,1,0,2230,62.18582258600509
uniform,11,250,150,105,106,1,0,2231,62.21114576800028
uniform,11,250,150,105,106,1,0,2232,62.23821703100111
uniform,11,250,150,105,106,1,0,2233,62.27611372101819
uniform,11,250,150,105,106,1,0,2234,62.30094947302132
uniform,11,250,150,105,106,1,0,2235,62.324936463002814
uniform,11,250,150,105,106,1,0,2236,62.35251891502412
uniform,11,250,150,105,106,1,0,2237,62.37680108501809
uniform,11,250,150,105,106,1,0,2238,62.40764583100099
uniform,11,250,150,105,106,1,0,2239,62.433671311999205
uniform,11,250,150,105,106,1,0,2240,62.45902311100508
uniform,11,250,150,105,106,1,0,2241,62.487195972003974
uniform,11,250,150,105,106,1,0,2242,62.513487767020706
uniform,11,250,150,105,106,1,0,2243,62.53822790601407
uniform,11,250,150,105,106,1,0,2244,62.56825653402484
uniform,11,250,150,105,106,1,0,2245,62.59722755901748
uniform,11,250,150,105,106,1,0,2246,62.62983857002109
uniform,11,250,150,105,106,1,0,2247,62.65731596000842
uniform,11,250,150,105,106,1,0,2248,62.68744175002212
uniform,11,250,150,105,106,1,0,2249,62.71573093600455
uniform,11,250,150,105,106,1,0,2250,62.742412014020374
uniform,11,250,150,105,106,1,0,2251,62.768914112995844
uniform,11,250,150,105,106,1,0,2252,62.791598320007324
uniform,11,250,150,105,106,1,0,2253,62.822220854024636
uniform,11,250,150,105,106,1,0,2254,62.847368771996116
uniform,11,250,150,105,106,1,0,2255,62.86876082699746
uniform,11,250,150,105,106,1,0,2256,62.896144127007574
uniform,11,250,150,105,106,1,0,2257,62.918991094018565
uniform,11,250,150,105,106,1,0,2258,62.94166964900796
uniform,11,250,150,105,106,1,0,2259,62.9647833360068
uniform,11,250,150,105,106,1,0,2260,62.987462226999924
uniform,11,250,150,105,106,1,0,2261,63.009878712997306
uniform,11,250,150,105,106,1,0,2262,63.032928586006165
uniform,11,250,150,105,106,1,0,2263,63.05551980499877
uniform,11,250,150,105,106,1,0,2264,63.07808781802305
uniform,11,250,150,105,106,1,0,2265,63.106594478012994
uniform,11,250,150,105,106,1,0,2266,63.13100422002026
uniform,11,250,150,105,106,1,0,2267,63.15668420001748
uniform,11,250,150,105,106,1,0,2268,63.18050465499982
uniform,11,250,150,105,106,1,0,2269,63.202011144021526
uniform,11,250,150,105,106,1,0,2270,63.22803206302342
uniform,11,250,150,105,106,1,0,2271,63.25015768400044
uniform,11,250,150,105,106,1,0,2272,63.28084013500484
uniform,11,250,150,105,106,1,0,2273,63.3087881290121
uniform,11,250,150,105,106,1,0,2274,63.335620946018025
uniform,11,250,150,105,106,1,0,2275,63.36031062301481
uniform,11,250,150,105,106,1,0,2276,63.381878423009766
uniform,11,250,150,105,106,1,0,2277,63.403263540007174
uniform,11,250,150,105,106,1,0,2278,63.43022797899903
uniform,11,250,150,105,106,1,0,2279,63.454985731019406
uniform,11,250,150,105,106,1,0,2280,63.47934190102387
uniform,11,250,150,105,106,1,0,2281,63.5014338940091
uniform,11,250,150,105,106,1,0,2282,63.52433819300495
uniform,11,250,150,105,106,1,0,2283,63.54706461902242
uniform,11,250,150,105,106,1,0,2284,63.56954067302286
uniform,11,250,150,105,106,1,0,2285,63.59114766999846
uniform,11,250,150,105,106,1,0,2286,63.616260016016895
uniform,11,250,150,105,106,1,0,2287,63.638481910020346
uniform,11,250,150,105,106,1,0,2288,63.65987907900126
uniform,11,250,150,105,106,1,0,2289,63.68454470401048
uniform,11,250,150,105,106,1,0,2290,63.70751839701552
uniform,11,250,150,105,106,1,0,2291,63.72891543302103
uniform,11,250,150,105,106,1,0,2292,63.75567799300188
uniform,11,250,150,105,106,1,0,2293,63.77984267100692
uniform,11,250,150,105,106,1,0,2294,63.80101036600536
uniform,11,250,150,105,106,1,0,2295,63.82344284601277
uniform,11,250,150,105,106,1,0,2296,63.84523228602484
uniform,11,250,150,105,106,1,0,2297,63.868175372015685
uniform,11,250,150,105,106,1,0,2298,63.88868303401978
uniform,11,250,150,105,106,1,0,2299,63.91107554201153
uniform,11,250,150,105,106,1,0,2300,63.933887221995974
uniform,11,250,150,105,106,1,0,2301,63.9541893400019
uniform,11,250,150,105,106,1,0,2302,63.97452532799798
uniform,11,250,150,105,106,1,0,2303,63.99479027200141
uniform,11,250,150,105,106,1,0,2304,64.01510781000252
uniform,11,250,150,105,106,1,0,2305,64.03809459300828
uniform,11,250,150,105,106,1,0,2306,64.06623176901485
uniform,11,250,150,105,106,1,0,2307,64.09314159300993
uniform,11,250,150,105,106,1,0,2308,64.11927216500044
uniform,11,250,150,105,106,1,0,2309,64.14379939000355
uniform,11,250,150,105,106,1,0,2310,64.1665692210081
uniform,11,250,150,105,106,1,0,2311,64.18967155899736
uniform,11,250,150,105,106,1,0,2312,64.21308751800098
uniform,11,250,150,105,106,1,0,2313,64.23927531001391
uniform,11,250,150,105,106,1,0,2314,64.2664580620185
uniform,11,250,150,105,106,1,0,2315,64.28984752899851
uniform,11,250,150,105,106,1,0,2316,64.31303478500922
uniform,11,250,150,105,106,1,0,2317,64.33841359100188
uniform,11,250,150,105,106,1,0,2318,64.36532402900048
uniform,11,250,150,105,106,1,0,2319,64.3968939309998
uniform,11,250,150,105,106,1,0,2320,64.42417952301912
uniform,11,250,150,105,106,1,0,2321,64.45195995201357
uniform,11,250,150,105,106,1,0,2322,64.4824281570036
uniform,11,250,150,105,106,1,0,2323,64.51240911101922
uniform,11,250,150,105,106,1,0,2324,64.55261482900823
uniform,11,250,150,105,106,1,0,2325,64.59312645101454
uniform,11,250,150,105,106,1,0,2326,64.63909733100445
uniform,11,250,150,105,106,1,0,2327,64.66828251699917
uniform,11,250,150,105,106,1,0,2328,64.70019015402067
uniform,11,250,150,105,106,1,0,2329,64.72660609000013
uniform,11,250,150,105,106,1,0,2330,64.7552810680063
uniform,11,250,150,105,106,1,0,2331,64.78545262000989
uniform,11,250,150,105,106,1,0,2332,64.8144503540243
uniform,11,250,150,105,106,1,0,2333,64.84677728899987
uniform,11,250,150,105,106,1,0,2334,64.87388648302294
uniform,11,250,150,105,106,1,0,2335,64.89644469800987
uniform,11,250,150,105,106,1,0,2336,64.91899385000579
uniform,11,250,150,105,106,1,0,2337,64.94368261902127
uniform,11,250,150,105,106,1,0,2338,64.96595607002382
uniform,11,250,150,105,106,1,0,2339,64.98821825100458
uniform,11,250,150,105,106,1,0,2340,65.01321653500781
uniform,11,250,150,105,106,1,0,2341,65.04268671502359
uniform,11,250,150,105,106,1,0,2342,65.07529546000296
uniform,11,250,150,105,106,1,0,2343,65.10335925599793
uniform,11,250,150,105,106,1,0,2344,65.138096263021
uniform,11,250,150,105,106,1,0,2345,65.17116287801764
uniform,11,250,150,105,106,1,0,2346,65.21313216301496
uniform,11,250,150,105,106,1,0,2347,65.24209083302412
uniform,11,250,150,105,106,1,0,2348,65.26631994100171
uniform,11,250,150,105,106,1,0,2349,65.28899391400046
uniform,11,250,150,105,106,1,0,2350,65.310178817017
uniform,11,250,150,105,106,1,0,2351,65.33146186900558
uniform,11,250,150,105,106,1,0,2352,65.35364978000871
uniform,11,250,150,105,106,1,0,2353,65.37556269601919
uniform,11,250,150,105,106,1,0,2354,65.3994358460186
uniform,11,250,150,105,106,1,0,2355,65.42282582601183
uniform,11,250,150,105,106,1,0,2356,65.44676223600982
uniform,11,250,150,105,106,1,0,2357,65.47114056901773
uniform,11,250,150,105,106,1,0,2358,65.49399149901001
uniform,11,250,150,105,106,1,0,2359,65.51611227201647
uniform,11,250,150,105,106,1,0,2360,65.53765869702329
uniform,11,250,150,105,106,1,0,2361,65.5689235550235
uniform,11,250,150,105,106,1,0,2362,65.62529734201962
uniform,11,250,150,105,106,1,0,2363,65.68748676602263
uniform,11,250,150,105,106,1,0,2364,65.74248462601099
uniform,11,250,150,105,106,1,0,2365,65.78741732100025
uniform,11,250,150,105,106,1,0,2366,65.8551160650095
uniform,11,250,150,105,106,1,0,2367,65.90521521499613
uniform,11,250,150,105,106,1,0,2368,65.98005398601526
uniform,11,250,150,105,106,1,0,2369,66.03274735301966
uniform,11,250,150,105,106,1,0,2370,66.06657770799939
uniform,11,250,150,105,106,1,0,2371,66.0941820970038
uniform,11,250,150,105,106,1,0,2372,66.12704428500729
uniform,11,250,150,105,106,1,0,2373,66.15755251701921
uniform,11,250,150,105,106,1,0,2374,66.1973699980008
uniform,11,250,150,105,106,1,0,2375,66.25095354701625
uniform,11,250,150,105,106,1,0,2376,66.29825036600232
uniform,11,250,150,105,106,1,0,2377,66.34606812000857
uniform,11,250,150,105,106,1,0,2378,66.39403848702204
uniform,11,250,150,105,106,1,0,2379,66.42964502802351
uniform,11,250,150,105,106,1,0,2380,66.45937231101561
uniform,11,250,150,105,106,1,0,2381,66.49787722300971
uniform,11,250,150,105,106,1,0,2382,66.52673339701141
uniform,11,250,150,105,106,1,0,2383,66.55415857100161
uniform,11,250,150,105,106,1,0,2384,66.58126552999602
uniform,11,250,150,105,106,1,0,2385,66.6112786809972
uniform,11,250,150,105,106,1,0,2386,66.63923574701766
uniform,11,250,150,105,106,1,0,2387,66.67909491001046
uniform,11,250,150,105,106,1,0,2388,66.72134959601681
uniform,11,250,150,105,106,1,0,2389,66.78285406902432
uniform,11,250,150,105,106,1,0,2390,66.87388056801865
uniform,11,250,150,105,106,1,0,2391,66.94270966900513
uniform,11,250,150,105,106,1,0,2392,66.99437395101995
uniform,11,250,150,105,106,1,0,2393,67.03103850601474
uniform,11,250,150,105,106,1,0,2394,67.06281778099947
uniform,11,250,150,105,106,1,0,2395,67.11410684100701
uniform,11,250,150,105,106,1,0,2396,67.1634375200083
uniform,11,250,150,105,106,1,0,2397,67.21591637699748
uniform,11,250,150,105,106,1,0,2398,67.24833909800509
uniform,11,250,150,105,106,1,0,2399,67.27773577501648
uniform,11,250,150,105,106,1,0,2400,67.3092131059966
uniform,11,250,150,105,106,1,0,2401,67.33938509301515
uniform,11,250,150,105,106,1,0,2402,67.37396247600554
uniform,11,250,150,105,106,1,0,2403,67.4021704379993
uniform,11,250,150,105,106,1,0,2404,67.43137548700906
uniform,11,250,150,105,106,1,0,2405,67.45730697200634
uniform,11,250,150,105,106,1,0,2406,67.4849370669981
uniform,11,250,150,105,106,1,0,2407,67.51159494000603
uniform,11,250,150,105,106,1,0,2408,67.54425849701511
uniform,11,250,150,105,106,1,0,2409,67.57143069501035
uniform,11,250,150,105,106,1,0,2410,67.5991250060033
uniform,11,250,150,105,106,1,0,2411,67.6379089730035
uniform,11,250,150,105,106,1,0,2412,67.67326271001366
uniform,11,250,150,105,106,1,0,2413,67.7006635130092
uniform,11,250,150,105,106,1,0,2414,67.72979446701356
uniform,11,250,150,105,106,1,0,2415,67.76505698100664
uniform,11,250,150,105,106,1,0,2416,67.79400351800723
uniform,11,250,150,105,106,1,0,2417,67.82343775301706
uniform,11,250,150,105,106,1,0,2418,67.86045411901432
uniform,11,250,150,105,106,1,0,2419,67.89992121700197
uniform,11,250,150,105,106,1,0,2420,67.93925855701673
uniform,11,250,150,105,106,1,0,2421,67.97050602801028
uniform,11,250,150,105,106,1,0,2422,68.00360481301323
uniform,11,250,150,105,106,1,0,2423,68.0380861290032
uniform,11,250,150,105,106,1,0,2424,68.0659738650138
uniform,11,250,150,105,106,1,0,2425,68.09851642799913
uniform,11,250,150,105,106,1,0,2426,68.13563675701153
uniform,11,250,150,105,106,1,0,2427,68.16412109701196
uniform,11,250,150,105,106,1,0,2428,68.19193737499882
uniform,11,250,150,105,106,1,0,2429,68.21922679900308
uniform,11,250,150,105,106,1,0,2430,68.245046526019
uniform,11,250,150,105,106,1,0,2431,68.2746671900095
uniform,11,250,150,105,106,1,0,2432,68.30030434401124
uniform,11,250,150,105,106,1,0,2433,68.32597995499964
uniform,11,250,150,105,106,1,0,2434,68.35601475200383
uniform,11,250,150,105,106,1,0,2435,68.38475642699632
uniform,11,250,150,105,106,1,0,2436,68.41461579801398
uniform,11,250,150,105,106,1,0,2437,68.4417720590136
uniform,11,250,150,105,106,1,0,2438,68.47388487801072
uniform,11,250,150,105,106,1,0,2439,68.49939741301932
uniform,11,250,150,105,106,1,0,2440,68.52933648999897
uniform,11,250,150,105,106,1,0,2441,68.55479946601554
uniform,11,250,150,105,106,1,0,2442,68.57893479400082
uniform,11,250,150,105,106,1,0,2443,68.60510955000063
uniform,11,250,150,105,106,1,0,2444,68.63672541201231
uniform,11,250,150,105,106,1,0,2445,68.66065654801787
uniform,11,250,150,105,106,1,0,2446,68.6845871580008
uniform,11,250,150,105,106,1,0,2447,68.70854405101272
uniform,11,250,150,105,106,1,0,2448,68.7371992370172
uniform,11,250,150,105,106,1,0,2449,68.76156094501493
uniform,11,250,150,105,106,1,0,2450,68.7840878200077
uniform,11,250,150,105,106,1,0,2451,68.80680770002073
uniform,11,250,150,105,106,1,0,2452,68.8275070009986
uniform,11,250,150,105,106,1,0,2453,68.85162880201824
uniform,11,250,150,105,106,1,0,2454,68.87607936700806
uniform,11,250,150,105,106,1,0,2455,68.90001883602235
uniform,11,250,150,105,106,1,0,2456,68.93622884500655
uniform,11,250,150,105,106,1,0,2457,68.96533013699809
uniform,11,250,150,105,106,1,0,2458,68.9913456600043
uniform,11,250,150,105,106,1,0,2459,69.01573299002484
uniform,11,250,150,105,106,1,0,2460,69.03980368899647
uniform,11,250,150,105,106,1,0,2461,69.06144551100442
uniform,11,250,150,105,106,1,0,2462,69.08431430501514
uniform,11,250,150,105,106,1,0,2463,69.10960939401411
uniform,11,250,150,105,106,1,0,2464,69.13776445601252
uniform,11,250,150,105,106,1,0,2465,69.16059039402171
uniform,11,250,150,105,106,1,0,2466,69.18436901899986
uniform,11,250,150,105,106,1,0,2467,69.20861070801038
uniform,11,250,150,105,106,1,0,2468,69.23133368900744
uniform,11,250,150,105,106,1,0,2469,69.25528722899617
uniform,11,250,150,105,106,1,0,2470,69.27800209500128
uniform,11,250,150,105,106,1,0,2471,69.29946434102021
uniform,11,250,150,105,106,1,0,2472,69.32418297801632
uniform,11,250,150,105,106,1,0,2473,69.3639573219989
uniform,11,250,150,105,106,1,0,2474,69.38996196200605
uniform,11,250,150,105,106,1,0,2475,69.41157396501512
uniform,11,250,150,105,106,1,0,2476,69.43547901700367
uniform,11,250,150,105,106,1,0,2477,69.457084898022
uniform,11,250,150,105,106,1,0,2478,69.48403667201637
uniform,11,250,150,105,106,1,0,2479,69.50869459699607
uniform,11,250,150,105,106,1,0,2480,69.53148967001471
uniform,11,250,150,105,106,1,0,2481,69.5545186260133
uniform,11,250,150,105,106,1,0,2482,69.57514083801652
uniform,11,250,150,105,106,1,0,2483,69.59558868300519
uniform,11,250,150,105,106,1,0,2484,69.62338930001715
uniform,11,250,150,105,106,1,0,2485,69.6476007180172
uniform,11,250,150,105,106,1,0,2486,69.66843521400006
uniform,11,250,150,105,106,1,0,2487,69.68949273700127
uniform,11,250,150,105,106,1,0,2488,69.71332117001293
uniform,11,250,150,105,106,1,0,2489,69.73357524201856
uniform,11,250,150,105,106,1,0,2490,69.75681324501056
uniform,11,250,150,105,106,1,0,2491,69.7802374640014
uniform,11,250,150,105,106,1,0,2492,69.80493303900585
uniform,11,250,150,105,106,1,0,2493,69.82571732101496
uniform,11,250,150,105,106,1,0,2494,69.85013030402479
uniform,11,250,150,105,106,1,0,2495,69.87206187500851
uniform,11,250,150,105,106,1,0,2496,69.89369518202147
uniform,11,250,150,105,106,1,0,2497,69.91808148499695
uniform,11,250,150,105,106,1,0,2498,69.94048771201051
uniform,11,250,150,105,106,1,0,2499,69.96086575501249
uniform,11,250,150,105,106,1,0,2500,69.9813426140172
uniform,11,250,150,105,106,1,0,2501,70.00700413499726
uniform,11,250,150,105,106,1,0,2502,70.02956135000568
uniform,11,250,150,105,106,1,0,2503,70.0560765840055
uniform,11,250,150,105,106,1,0,2504,70.07801554101752
uniform,11,250,150,105,106,1,0,2505,70.10391966000316
uniform,11,250,150,105,106,1,0,2506,70.13422230602009
uniform,11,250,150,105,106,1,0,2507,70.15698280499782
uniform,11,250,150,105,106,1,0,2508,70.18539432401303
uniform,11,250,150,105,106,1,0,2509,70.20685973399668
uniform,11,250,150,105,106,1,0,2510,70.22803852902143
uniform,11,250,150,105,106,1,0,2511,70.24933775601676
uniform,11,250,150,105,106,1,0,2512,70.27014839201001
uniform,11,250,150,105,106,1,0,2513,70.29360685800202
uniform,11,250,150,105,106,1,0,2514,70.31386224701419
uniform,11,250,150,105,106,1,0,2515,70.33672770101111
uniform,11,250,150,105,106,1,0,2516,70.36106435701367
uniform,11,250,150,105,106,1,0,2517,70.38418284102227
uniform,11,250,150,105,106,1,0,2518,70.40713971402147
uniform,11,250,150,105,106,1,0,2519,70.42837741901167
uniform,11,250,150,105,106,1,0,2520,70.45433527699788
uniform,11,250,150,105,106,1,0,2521,70.47775918900152
uniform,11,250,150,105,106,1,0,2522,70.50057965199812
uniform,11,250,150,105,106,1,0,2523,70.54348017802113
uniform,11,250,150,105,106,1,0,2524,70.58761579700513
uniform,11,250,150,105,106,1,0,2525,70.63534858601633
uniform,11,250,150,105,106,1,0,2526,70.66850195001462
uniform,11,250,150,105,106,1,0,2527,70.72226690201205
uniform,11,250,150,105,106,1,0,2528,70.75950526702218
uniform,11,250,150,105,106,1,0,2529,70.78413508000085
uniform,11,250,150,105,106,1,0,2530,70.80812571401475
uniform,11,250,150,105,106,1,0,2531,70.83199042300112
uniform,11,250,150,105,106,1,0,2532,70.85479952499736
uniform,11,250,150,105,106,1,0,2533,70.87807719002012
uniform,11,250,150,105,106,1,0,2534,70.90118186100153
uniform,11,250,150,105,106,1,0,2535,70.94526152900653
uniform,11,250,150,105,106,1,0,2536,70.9700841740123
uniform,11,250,150,105,106,1,0,2537,70.99993894400541
uniform,11,250,150,105,106,1,0,2538,71.0265866650152
uniform,11,250,150,105,106,1,0,2539,71.05405630602036
uniform,11,250,150,105,106,1,0,2540,71.07786124601262
uniform,11,250,150,105,106,1,0,2541,71.10090222599683
uniform,11,250,150,105,106,1,0,2542,71.13261888999841
uniform,11,250,150,105,106,1,0,2543,71.15974530001404
uniform,11,250,150,105,106,1,0,2544,71.19683533601346
uniform,11,250,150,105,106,1,0,2545,71.22112633302459
uniform,11,250,150,105,106,1,0,2546,71.24519022001186
uniform,11,250,150,105,106,1,0,2547,71.2715692910133
uniform,11,250,150,105,106,1,0,2548,71.29561861700495
uniform,11,250,150,105,106,1,0,2549,71.32199163699988
uniform,11,250,150,105,106,1,0,2550,71.35081448900746
uniform,11,250,150,105,106,1,0,2551,71.37949978001416
uniform,11,250,150,105,106,1,0,2552,71.40405868901871
uniform,11,250,150,105,106,1,0,2553,71.43987616401864
uniform,11,250,150,105,106,1,0,2554,71.46913767801016
uniform,11,250,150,105,106,1,0,2555,71.49824321601773
uniform,11,250,150,105,106,1,0,2556,71.52679307400831
uniform,11,250,150,105,106,1,0,2557,71.55959737900412
uniform,11,250,150,105,106,1,0,2558,71.58856095501687
uniform,11,250,150,105,106,1,0,2559,71.61996320300386
uniform,11,250,150,105,106,1,0,2560,71.64291100401897
uniform,11,250,150,105,106,1,0,2561,71.6727818850195
uniform,11,250,150,105,106,1,0,2562,71.71717369701946
uniform,11,250,150,105,106,1,0,2563,71.78188708602102
uniform,11,250,150,105,106,1,0,2564,71.83004440300283
uniform,11,250,150,105,106,1,0,2565,71.89158664701972
uniform,11,250,150,105,106,1,0,2566,71.93664672100567
uniform,11,250,150,105,106,1,0,2567,71.96289596601855
uniform,11,250,150,105,106,1,0,2568,71.98750433401437
uniform,11,250,150,105,106,1,0,2569,72.01268990102108
uniform,11,250,150,105,106,1,0,2570,72.03772442101035
uniform,11,250,150,105,106,1,0,2571,72.06214730802458
uniform,11,250,150,105,106,1,0,2572,72.08707543901983
uniform,11,250,150,105,106,1,0,2573,72.12057542800903
uniform,11,250,150,105,106,1,0,2574,72.14655030099675
uniform,11,250,150,105,106,1,0,2575,72.17364552101935
uniform,11,250,150,105,106,1,0,2576,72.20071314601228
uniform,11,250,150,105,106,1,0,2577,72.22535594800138
uniform,11,250,150,105,106,1,0,2578,72.26072485401528
uniform,11,250,150,105,106,1,0,2579,72.29309023401584
uniform,11,250,150,105,106,1,0,2580,72.31861911702435
uniform,11,250,150,105,106,1,0,2581,72.34762630600017
uniform,11,250,150,105,106,1,0,2582,72.37049806400319
uniform,11,250,150,105,106,1,0,2583,72.39371666501393
uniform,11,250,150,105,106,1,0,2584,72.41921371500939
uniform,11,250,150,105,106,1,0,2585,72.44414009500179
uniform,11,250,150,105,106,1,0,2586,72.47140428100829
uniform,11,250,150,105,106,1,0,2587,72.50124199601123
uniform,11,250,150,105,106,1,0,2588,72.53020296202158
uniform,11,250,150,105,106,1,0,2589,72.5539020060096
uniform,11,250,150,105,106,1,0,2590,72.57675702200504
uniform,11,250,150,105,106,1,0,2591,72.603782065009
uniform,11,250,150,105,106,1,0,2592,72.63267690999783
uniform,11,250,150,105,106,1,0,2593,72.65898956599995
uniform,11,250,150,105,106,1,0,2594,72.68850167500204
uniform,11,250,150,105,106,1,0,2595,72.71155280200765
uniform,11,250,150,105,106,1,0,2596,72.73497776401928
uniform,11,250,150,105,106,1,0,2597,72.75800935100415
uniform,11,250,150,105,106,1,0,2598,72.78030987101374
uniform,11,250,150,105,106,1,0,2599,72.80891268100822
uniform,11,250,150,105,106,1,0,2600,72.83120891000726
uniform,11,250,150,105,106,1,0,2601,72.85515217200737
uniform,11,250,150,105,106,1,0,2602,72.88179809600115
uniform,11,250,150,105,106,1,0,2603,72.90624375100015
uniform,11,250,150,105,106,1,0,2604,72.93246551800985
uniform,11,250,150,105,106,1,0,2605,72.95550415001344
uniform,11,250,150,105,106,1,0,2606,72.97892238400527
uniform,11,250,150,105,106,1,0,2607,73.00289346501813
uniform,11,250,150,105,106,1,0,2608,73.02774389300612
uniform,11,250,150,105,106,1,0,2609,73.05153107101796
uniform,11,250,150,105,106,1,0,2610,73.07423207201646
uniform,11,250,150,105,106,1,0,2611,73.09583604801446
uniform,11,250,150,105,106,1,0,2612,73.12079641100718
uniform,11,250,150,105,106,1,0,2613,73.14568433401291
uniform,11,250,150,105,106,1,0,2614,73.16991307202261
uniform,11,250,150,105,106,1,0,2615,73.21437308102031
uniform,11,250,150,105,106,1,0,2616,73.28181365202181
uniform,11,250,150,105,106,1,0,2617,73.32902983101667
uniform,11,250,150,105,106,1,0,2618,73.39090815800591
uniform,11,250,150,105,106,1,0,2619,73.44510947199888
uniform,11,250,150,105,106,1,0,2620,73.47763357800432
uniform,11,250,150,105,106,1,0,2621,73.51211694101221
uniform,11,250,150,105,106,1,0,2622,73.544153705996
uniform,11,250,150,105,106,1,0,2623,73.58465162900393
uniform,11,250,150,105,106,1,0,2624,73.61427087601623
uniform,11,250,150,105,106,1,0,2625,73.64306551401387
uniform,11,250,150,105,106,1,0,2626,73.67057900602231
uniform,11,250,150,105,106,1,0,2627,73.7017046539986
uniform,11,250,150,105,106,1,0,2628,73.72865471601835
uniform,11,250,150,105,106,1,0,2629,73.75313516601454
uniform,11,250,150,105,106,1,0,2630,73.78009866102366
uniform,11,250,150,105,106,1,0,2631,73.80783849401632
uniform,11,250,150,105,106,1,0,2632,73.83141316499677
uniform,11,250,150,105,106,1,0,2633,73.85405666701263
uniform,11,250,150,105,106,1,0,2634,73.87685000401689
uniform,11,250,150,105,106,1,0,2635,73.90060558801633
uniform,11,250,150,105,106,1,0,2636,73.92559313500533
uniform,11,250,150,105,106,1,0,2637,73.94884450102109
uniform,11,250,150,105,106,1,0,2638,73.97154570801649
uniform,11,250,150,105,106,1,0,2639,73.9966205410019
uniform,11,250,150,105,106,1,0,2640,74.0240954059991
uniform,11,250,150,105,106,1,0,2641,74.08668026901432
uniform,11,250,150,105,106,1,0,2642,74.15472087002127
uniform,11,250,150,105,106,1,0,2643,74.19947638802114
uniform,11,250,150,105,106,1,0,2644,74.22828021500027
uniform,11,250,150,105,106,1,0,2645,74.25403079300304
uniform,11,250,150,105,106,1,0,2646,74.27939137202338
uniform,11,250,150,105,106,1,0,2647,74.30568293601391
uniform,11,250,150,105,106,1,0,2648,74.3339094890107
uniform,11,250,150,105,106,1,0,2649,74.36169397400226
uniform,11,250,150,105,106,1,0,2650,74.38649235400953
uniform,11,250,150,105,106,1,0,2651,74.4120541170123
uniform,11,250,150,105,106,1,0,2652,74.43737439601682
uniform,11,250,150,105,106,1,0,2653,74.48011324001709
uniform,11,250,150,105,106,1,0,2654,74.50473065002006
uniform,11,250,150,105,106,1,0,2655,74.52743053200538
uniform,11,250,150,105,106,1,0,2656,74.5499973410042
uniform,11,250,150,105,106,1,0,2657,74.574934460019
uniform,11,250,150,105,106,1,0,2658,74.5981379210134
uniform,11,250,150,105,106,1,0,2659,74.62529220699798
uniform,11,250,150,105,106,1,0,2660,74.64970652601914
uniform,11,250,150,105,106,1,0,2661,74.6722664940171
uniform,11,250,150,105,106,1,0,2662,74.69440170101007
uniform,11,250,150,105,106,1,0,2663,74.7173159920203
uniform,11,250,150,105,106,1,0,2664,74.74075402700691
uniform,11,250,150,105,106,1,0,2665,74.76382730100886
uniform,11,250,150,105,106,1,0,2666,74.78791080001974
uniform,11,250,150,105,106,1,0,2667,74.81010347601841
uniform,11,250,150,105,106,1,0,2668,74.83176596602425
uniform,11,250,150,105,106,1,0,2669,74.85322020101012
uniform,11,250,150,105,106,1,0,2670,74.88275888701901
uniform,11,250,150,105,106,1,0,2671,74.90826258002198
uniform,11,250,150,105,106,1,0,2672,74.93208247801522
uniform,11,250,150,105,106,1,0,2673,74.9549986240163
uniform,11,250,150,105,106,1,0,2674,75.01566307901521
uniform,11,250,150,105,106,1,0,2675,75.07948530602152
uniform,11,250,150,105,106,1,0,2676,75.13673303299583
uniform,11,250,150,105,106,1,0,2677,75.20257654300076
uniform,11,250,150,105,106,1,0,2678,75.27431085600983
uniform,11,250,150,105,106,1,0,2679,75.34825079000439
uniform,11,250,150,105,106,1,0,2680,75.4114222759963
uniform,11,250,150,105,106,1,0,2681,75.4477257100225
uniform,11,250,150,105,106,1,0,2682,75.49297253999976
uniform,11,250,150,105,106,1,0,2683,75.52035487501416
uniform,11,250,150,105,106,1,0,2684,75.55098238002392
uniform,11,250,150,105,106,1,0,2685,75.59375210900907
uniform,11,250,150,105,106,1,0,2686,75.62740225801826
uniform,11,250,150,105,106,1,0,2687,75.65299137000693
uniform,11,250,150,105,106,1,0,2688,75.67732407301082
uniform,11,250,150,105,106,1,0,2689,75.70142156301881
uniform,11,250,150,105,106,1,0,2690,75.73353694900288
uniform,11,250,150,105,106,1,0,2691,75.75977786700241
uniform,11,250,150,105,106,1,0,2692,75.78603728499729
uniform,11,250,150,105,106,1,0,2693,75.8107257290103
uniform,11,250,150,105,106,1,0,2694,75.84169811900938
uniform,11,250,150,105,106,1,0,2695,75.8691929380002
uniform,11,250,150,105,106,1,0,2696,75.89434575100313
uniform,11,250,150,105,106,1,0,2697,75.93232404699665
uniform,11,250,150,105,106,1,0,2698,75.9591781150084
uniform,11,250,150,105,106,1,0,2699,75.99655184301082
uniform,11,250,150,105,106,1,0,2700,76.04348074801965
uniform,11,250,150,105,106,1,0,2701,76.0955445690197
uniform,11,250,150,105,106,1,0,2702,76.14062459600973
uniform,11,250,150,105,106,1,0,2703,76.18315011201776
uniform,11,250,150,105,106,1,0,2704,76.22043807501905
uniform,11,250,150,105,106,1,0,2705,76.26790966899716
uniform,11,250,150,105,106,1,0,2706,76.33290065501933
uniform,11,250,150,105,106,1,0,2707,76.41154728701804
uniform,11,250,150,105,106,1,0,2708,76.47631077902042
uniform,11,250,150,105,106,1,0,2709,76.54283697000938
uniform,11,250,150,105,106,1,0,2710,76.63328934300807
uniform,11,250,150,105,106,1,0,2711,76.68846321399906
uniform,11,250,150,105,106,1,0,2712,76.72336035702028
uniform,11,250,150,105,106,1,0,2713,76.75171722500818
uniform,11,250,150,105,106,1,0,2714,76.78416912502144
uniform,11,250,150,105,106,1,0,2715,76.8108738020237
uniform,11,250,150,105,106,1,0,2716,76.84117068399792
uniform,11,250,150,105,106,1,0,2717,76.86718568700599
uniform,11,250,150,105,106,1,0,2718,76.89449255701038
uniform,11,250,150,105,106,1,0,2719,76.9242345780076
uniform,11,250,150,105,106,1,0,2720,76.95336720801424
uniform,11,250,150,105,106,1,0,2721,76.97953933200915
uniform,11,250,150,105,106,1,0,2722,77.00519168699975
uniform,11,250,150,105,106,1,0,2723,77.03532967201318
uniform,11,250,150,105,106,1,0,2724,77.06593463302124
uniform,11,250,150,105,106,1,0,2725,77.09453683200991
uniform,11,250,150,105,106,1,0,2726,77.1415301010129
uniform,11,250,150,105,106,1,0,2727,77.16884841202409
uniform,11,250,150,105,106,1,0,2728,77.19593183702091
uniform,11,250,150,105,106,1,0,2729,77.22648149399902
uniform,11,250,150,105,106,1,0,2730,77.25549501102068
uniform,11,250,150,105,106,1,0,2731,77.2835032340081
uniform,11,250,150,105,106,1,0,2732,77.31123818701599
uniform,11,250,150,105,106,1,0,2733,77.33925791599904
uniform,11,250,150,105,106,1,0,2734,77.36699114300427
uniform,11,250,150,105,106,1,0,2735,77.39803937100805
uniform,11,250,150,105,106,1,0,2736,77.43207422702108
uniform,11,250,150,105,106,1,0,2737,77.46149002300808
uniform,11,250,150,105,106,1,0,2738,77.49221520402352
uniform,11,250,150,105,106,1,0,2739,77.51957057000254
uniform,11,250,150,105,106,1,0,2740,77.5485681820137
uniform,11,250,150,105,106,1,0,2741,77.58673355501378
uniform,11,250,150,105,106,1,0,2742,77.61432277399581
uniform,11,250,150,105,106,1,0,2743,77.64507486100774
uniform,11,250,150,105,106,1,0,2744,77.67766008301987
uniform,11,250,150,105,106,1,0,2745,77.70457731702481
uniform,11,250,150,105,106,1,0,2746,77.73416989902034
uniform,11,250,150,105,106,1,0,2747,77.75845460200799
uniform,11,250,150,105,106,1,0,2748,77.78512842601049
uniform,11,250,150,105,106,1,0,2749,77.80918436901993
uniform,11,250,150,105,106,1,0,2750,77.83313683001325
uniform,11,250,150,105,106,1,0,2751,77.8578472850204
uniform,11,250,150,105,106,1,0,2752,77.88129355301498
uniform,11,250,150,105,106,1,0,2753,77.9061503999983
uniform,11,250,150,105,106,1,0,2754,77.9342678009998
uniform,11,250,150,105,106,1,0,2755,77.95841565501178
uniform,11,250,150,105,106,1,0,2756,77.98501376900822
uniform,11,250,150,105,106,1,0,2757,78.01132813902223
uniform,11,250,150,105,106,1,0,2758,78.04011089800042
uniform,11,250,150,105,106,1,0,2759,78.06577619901509
uniform,11,250,150,105,106,1,0,2760,78.09573969201301
uniform,11,250,150,105,106,1,0,2761,78.12814273001277
uniform,11,250,150,105,106,1,0,2762,78.15539428201737
uniform,11,250,150,105,106,1,0,2763,78.18546641001012
uniform,11,250,150,105,106,1,0,2764,78.20847698301077
uniform,11,250,150,105,106,1,0,2765,78.23534490700695
uniform,11,250,150,105,106,1,0,2766,78.2587947450229
uniform,11,250,150,105,106,1,0,2767,78.28524101199582
uniform,11,250,150,105,106,1,0,2768,78.3085337220109
uniform,11,250,150,105,106,1,0,2769,78.33625977102201
uniform,11,250,150,105,106,1,0,2770,78.36151638801675
uniform,11,250,150,105,106,1,0,2771,78.38416794600198
uniform,11,250,150,105,106,1,0,2772,78.4110786220117
uniform,11,250,150,105,106,1,0,2773,78.44034846700379
uniform,11,250,150,105,106,1,0,2774,78.46428554999875
uniform,11,250,150,105,106,1,0,2775,78.4869620980171
uniform,11,250,150,105,106,1,0,2776,78.51144810201367
uniform,11,250,150,105,106,1,0,2777,78.53371525701368
uniform,11,250,150,105,106,1,0,2778,78.55519694800023
uniform,11,250,150,105,106,1,0,2779,78.58453792100772
uniform,11,250,150,105,106,1,0,2780,78.62070999201387
uniform,11,250,150,105,106,1,0,2781,78.64680621802108
uniform,11,250,150,105,106,1,0,2782,78.7039215300174
uniform,11,250,150,105,106,1,0,2783,78.77380659899791
uniform,11,250,150,105,106,1,0,2784,78.83097642901703
uniform,11,250,150,105,106,1,0,2785,78.87225085601676
uniform,11,250,150,105,106,1,0,2786,78.89946319401497
uniform,11,250,150,105,106,1,0,2787,78.92935172401485
uniform,11,250,150,105,106,1,0,2788,78.95535443600966
uniform,11,250,150,105,106,1,0,2789,78.99848324499908
uniform,11,250,150,105,106,1,0,2790,79.02631613000995
uniform,11,250,150,105,106,1,0,2791,79.06096969501232
uniform,11,250,150,105,106,1,0,2792,79.10231430301792
uniform,11,250,150,105,106,1,0,2793,79.13076709501911
uniform,11,250,150,105,106,1,0,2794,79.1587109050015
uniform,11,250,150,105,106,1,0,2795,79.18496438700822
uniform,11,250,150,105,106,1,0,2796,79.21164097700967
uniform,11,250,150,105,106,1,0,2797,79.24968060202082
uniform,11,250,150,105,106,1,0,2798,79.29646248099743
uniform,11,250,150,105,106,1,0,2799,79.3591397050186
uniform,11,250,150,105,106,1,0,2800,79.42686830699677
uniform,11,250,150,105,106,1,0,2801,79.4986870700086
uniform,11,250,150,105,106,1,0,2802,79.56856191399856
uniform,11,250,150,105,106,1,0,2803,79.59838512100396
uniform,11,250,150,105,106,1,0,2804,79.63071855402086
uniform,11,250,150,105,106,1,0,2805,79.67310284200357
uniform,11,250,150,105,106,1,0,2806,79.70751407800708
uniform,11,250,150,105,106,1,0,2807,79.73395076399902
uniform,11,250,150,105,106,1,0,2808,79.76326606300427
uniform,11,250,150,105,106,1,0,2809,79.78942341002403
uniform,11,250,150,105,106,1,0,2810,79.81600611002068
uniform,11,250,150,105,106,1,0,2811,79.84324706200277
uniform,11,250,150,105,106,1,0,2812,79.86713931901613
uniform,11,250,150,105,106,1,0,2813,79.894399205019
uniform,11,250,150,105,106,1,0,2814,79.91918952201377
uniform,11,250,150,105,106,1,0,2815,79.94698504402186
uniform,11,250,150,105,106,1,0,2816,79.98617457400542
uniform,11,250,150,105,106,1,0,2817,80.0187364279991
uniform,11,250,150,105,106,1,0,2818,80.06035870302003
uniform,11,250,150,105,106,1,0,2819,80.08920725999633
uniform,11,250,150,105,106,1,0,2820,80.11390409001615
uniform,11,250,150,105,106,1,0,2821,80.13971806500922
uniform,11,250,150,105,106,1,0,2822,80.16629098402336
uniform,11,250,150,105,106,1,0,2823,80.1986718980188
uniform,11,250,150,105,106,1,0,2824,80.22564891801449
uniform,11,250,150,105,106,1,0,2825,80.2527430409973
uniform,11,250,150,105,106,1,0,2826,80.27864379101084
uniform,11,250,150,105,106,1,0,2827,80.3124911840132
uniform,11,250,150,105,106,1,0,2828,80.34157534001861
uniform,11,250,150,105,106,1,0,2829,80.37384053799906
uniform,11,250,150,105,106,1,0,2830,80.4185163610091
uniform,11,250,150,105,106,1,0,2831,80.45386547601083
uniform,11,250,150,105,106,1,0,2832,80.48000534099992
uniform,11,250,150,105,106,1,0,2833,80.51973065701895
uniform,11,250,150,105,106,1,0,2834,80.55504233401734
uniform,11,250,150,105,106,1,0,2835,80.58016458401107
uniform,11,250,150,105,106,1,0,2836,80.61001847300213
uniform,11,250,150,105,106,1,0,2837,80.65776043801452
uniform,11,250,150,105,106,1,0,2838,80.69088439902407
uniform,11,250,150,105,106,1,0,2839,80.71901820300263
uniform,11,250,150,105,106,1,0,2840,80.74937258701539
uniform,11,250,150,105,106,1,0,2841,80.77745467002387
uniform,11,250,150,105,106,1,0,2842,80.80187923202175
uniform,11,250,150,105,106,1,0,2843,80.8254493830027
uniform,11,250,150,105,106,1,0,2844,80.84865694399923
uniform,11,250,150,105,106,1,0,2845,80.87507666900638
uniform,11,250,150,105,106,1,0,2846,80.89935365100973
uniform,11,250,150,105,106,1,0,2847,80.92358679100289
uniform,11,250,150,105,106,1,0,2848,80.94769118100521
uniform,11,250,150,105,106,1,0,2849,80.97539862801204
uniform,11,250,150,105,106,1,0,2850,81.00010823301272
uniform,11,250,150,105,106,1,0,2851,81.02324695899733
uniform,11,250,150,105,106,1,0,2852,81.04811875900486
uniform,11,250,150,105,106,1,0,2853,81.07131403201493
uniform,11,250,150,105,106,1,0,2854,81.09874529100489
uniform,11,250,150,105,106,1,0,2855,81.13258647901239
uniform,11,250,150,105,106,1,0,2856,81.15615632900153
uniform,11,250,150,105,106,1,0,2857,81.1793476860039
uniform,11,250,150,105,106,1,0,2858,81.21318903900101
uniform,11,250,150,105,106,1,0,2859,81.25459983802284
uniform,11,250,150,105,106,1,0,2860,81.2944104160124
uniform,11,250,150,105,106,1,0,2861,81.32242553000106
uniform,11,250,150,105,106,1,0,2862,81.35995692701545
uniform,11,250,150,105,106,1,0,2863,81.39206085100886
uniform,11,250,150,105,106,1,0,2864,81.43230705300812
uniform,11,250,150,105,106,1,0,2865,81.45831740301219
uniform,11,250,150,105,106,1,0,2866,81.48138005600777
uniform,11,250,150,105,106,1,0,2867,81.5079077249975
uniform,11,250,150,105,106,1,0,2868,81.53088694100734
uniform,11,250,150,105,106,1,0,2869,81.56123310301336
uniform,11,250,150,105,106,1,0,2870,81.59602316300152
uniform,11,250,150,105,106,1,0,2871,81.63460635801312
uniform,11,250,150,105,106,1,0,2872,81.6591046200192
uniform,11,250,150,105,106,1,0,2873,81.68964954401599
uniform,11,250,150,105,106,1,0,2874,81.73763621301623
uniform,11,250,150,105,106,1,0,2875,81.76386849299888
uniform,11,250,150,105,106,1,0,2876,81.78908459900413
uniform,11,250,150,105,106,1,0,2877,81.82318937202217
uniform,11,250,150,105,106,1,0,2878,81.84971542301355
uniform,11,250,150,105,106,1,0,2879,81.89125638501719
uniform,11,250,150,105,106,1,0,2880,81.9170081409975
uniform,11,250,150,105,106,1,0,2881,81.94511763099581
uniform,11,250,150,105,106,1,0,2882,81.97191792400554
uniform,11,250,150,105,106,1,0,2883,81.9977524720016
uniform,11,250,150,105,106,1,0,2884,82.02087892300915
uniform,11,250,150,105,106,1,0,2885,82.05759417402442
uniform,11,250,150,105,106,1,0,2886,82.08082014200045
uniform,11,250,150,105,106,1,0,2887,82.10733388201334
uniform,11,250,150,105,106,1,0,2888,82.13861502602231
uniform,11,250,150,105,106,1,0,2889,82.1633593000006
uniform,11,250,150,105,106,1,0,2890,82.18686138899648
uniform,11,250,150,105,106,1,0,2891,82.21017689601285
uniform,11,250,150,105,106,1,0,2892,82.23373491902021
uniform,11,250,150,105,106,1,0,2893,82.25820470400504
uniform,11,250,150,105,106,1,0,2894,82.2822389100038
uniform,11,250,150,105,106,1,0,2895,82.30970914600766
uniform,11,250,150,105,106,1,0,2896,82.33819125400623
uniform,11,250,150,105,106,1,0,2897,82.36134870300884
uniform,11,250,150,105,106,1,0,2898,82.38815306100878
uniform,11,250,150,105,106,1,0,2899,82.41074111300986
uniform,11,250,150,105,106,1,0,2900,82.43570803201874
uniform,11,250,150,105,106,1,0,2901,82.46306199100218
uniform,11,250,150,105,106,1,0,2902,82.48631890901015
uniform,11,250,150,105,106,1,0,2903,82.51148794501205
uniform,11,250,150,105,106,1,0,2904,82.5359598530049
uniform,11,250,150,105,106,1,0,2905,82.56200873700436
uniform,11,250,150,105,106,1,0,2906,82.58773215502151
uniform,11,250,150,105,106,1,0,2907,82.61422207800206
uniform,11,250,150,105,106,1,0,2908,82.63893202401232
uniform,11,250,150,105,106,1,0,2909,82.66671225402388
uniform,11,250,150,105,106,1,0,2910,82.71109985202202
uniform,11,250,150,105,106,1,0,2911,82.78796168701956
uniform,11,250,150,105,106,1,0,2912,82.83151979799732
uniform,11,250,150,105,106,1,0,2913,82.88527784802136
uniform,11,250,150,105,106,1,0,2914,82.94852538200212
uniform,11,250,150,105,106,1,0,2915,83.01248740201117
uniform,11,250,150,105,106,1,0,2916,83.05865118201473
uniform,11,250,150,105,106,1,0,2917,83.10655479400884
uniform,11,250,150,105,106,1,0,2918,83.15730644200812
uniform,11,250,150,105,106,1,0,2919,83.21310272501432
uniform,11,250,150,105,106,1,0,2920,83.26666371201281
uniform,11,250,150,105,106,1,0,2921,83.32211018400267
uniform,11,250,150,105,106,1,0,2922,83.3781802370213
uniform,11,250,150,105,106,1,0,2923,83.44629054699908
uniform,11,250,150,105,106,1,0,2924,83.50323947702418
uniform,11,250,150,105,106,1,0,2925,83.57913532701787
uniform,11,250,150,105,106,1,0,2926,83.64849034699728
uniform,11,250,150,105,106,1,0,2927,83.70961700900807
uniform,11,250,150,105,106,1,0,2928,83.77732240900514
uniform,11,250,150,105,106,1,0,2929,83.8287529440131
uniform,11,250,150,105,106,1,0,2930,83.87459671701072
uniform,11,250,150,105,106,1,0,2931,83.91863984201336
uniform,11,250,150,105,106,1,0,2932,83.94763713900466
uniform,11,250,150,105,106,1,0,2933,83.97723450200283
uniform,11,250,150,105,106,1,0,2934,84.01014988400857
uniform,11,250,150,105,106,1,0,2935,84.04099343900452
uniform,11,250,150,105,106,1,0,2936,84.06962967402069
uniform,11,250,150,105,106,1,0,2937,84.10250685201026
uniform,11,250,150,105,106,1,0,2938,84.13515332702082
uniform,11,250,150,105,106,1,0,2939,84.16246059699915
uniform,11,250,150,105,106,1,0,2940,84.19004248699639
uniform,11,250,150,105,106,1,0,2941,84.22109630701016
uniform,11,250,150,105,106,1,0,2942,84.24939192002057
uniform,11,250,150,105,106,1,0,2943,84.27579514600802
uniform,11,250,150,105,106,1,0,2944,84.3017063169973
uniform,11,250,150,105,106,1,0,2945,84.3291101870127
uniform,11,250,150,105,106,1,0,2946,84.35570240500965
uniform,11,250,150,105,106,1,0,2947,84.3822958630044
uniform,11,250,150,105,106,1,0,2948,84.41084263499943
uniform,11,250,150,105,106,1,0,2949,84.43644859202323
uniform,11,250,150,105,106,1,0,2950,84.46461654102313
uniform,11,250,150,105,106,1,0,2951,84.49039529002039
uniform,11,250,150,105,106,1,0,2952,84.51766839702032
uniform,11,250,150,105,106,1,0,2953,84.54517138100346
uniform,11,250,150,105,106,1,0,2954,84.56924101201002
uniform,11,250,150,105,106,1,0,2955,84.59327462100191
uniform,11,250,150,105,106,1,0,2956,84.62467449501855
uniform,11,250,150,105,106,1,0,2957,84.66119920799974
uniform,11,250,150,105,106,1,0,2958,84.69540887299809
uniform,11,250,150,105,106,1,0,2959,84.73039470700314
uniform,11,250,150,105,106,1,0,2960,84.75514199500321
uniform,11,250,150,105,106,1,0,2961,84.77855532901594
uniform,11,250,150,105,106,1,0,2962,84.80471752400626
uniform,11,250,150,105,106,1,0,2963,84.83157458002097
uniform,11,250,150,105,106,1,0,2964,84.85955225501675
uniform,11,250,150,105,106,1,0,2965,84.88497603702126
uniform,11,250,150,105,106,1,0,2966,84.90910682600224
uniform,11,250,150,105,106,1,0,2967,84.93240489502205
uniform,11,250,150,105,106,1,0,2968,84.95812599902274
uniform,11,250,150,105,106,1,0,2969,84.98387465800624
uniform,11,250,150,105,106,1,0,2970,85.00869505401351
uniform,11,250,150,105,106,1,0,2971,85.03124023001874
uniform,11,250,150,105,106,1,0,2972,85.05504631300573
uniform,11,250,150,105,106,1,0,2973,85.07842288599932
uniform,11,250,150,105,106,1,0,2974,85.11145074499655
uniform,11,250,150,105,106,1,0,2975,85.13703106800676
uniform,11,250,150,105,106,1,0,2976,85.16403301301762
uniform,11,250,150,105,106,1,0,2977,85.1857279560063
uniform,11,250,150,105,106,1,0,2978,85.20873252800084
uniform,11,250,150,105,106,1,0,2979,85.23170329700224
uniform,11,250,150,105,106,1,0,2980,85.25350447499659
uniform,11,250,150,105,106,1,0,2981,85.27519527301774
uniform,11,250,150,105,106,1,0,2982,85.29676379400189
uniform,11,250,150,105,106,1,0,2983,85.31826098900638
uniform,11,250,150,105,106,1,0,2984,85.33974325601594
uniform,11,250,150,105,106,1,0,2985,85.36140755101223
uniform,11,250,150,105,106,1,0,2986,85.38293719600188
uniform,11,250,150,105,106,1,0,2987,85.40878873202018
uniform,11,250,150,105,106,1,0,2988,85.43173123901943
uniform,11,250,150,105,106,1,0,2989,85.45497161202366
uniform,11,250,150,105,106,1,0,2990,85.47859060199698
uniform,11,250,150,105,106,1,0,2991,85.49987482902361
uniform,11,250,150,105,106,1,0,2992,85.52101130501251
uniform,11,250,150,105,106,1,0,2993,85.54636350402143
uniform,11,250,150,105,106,1,0,2994,85.56877616301063
uniform,11,250,150,105,106,1,0,2995,85.59088661600254
uniform,11,250,150,105,106,1,0,2996,85.61913782599731
uniform,11,250,150,105,106,1,0,2997,85.64293496799655
uniform,11,250,150,105,106,1,0,2998,85.66402610801742
uniform,11,250,150,105,106,1,0,2999,85.68487981701037
uniform,11,250,150,105,106,1,0,3000,85.70666199200787
uniform,11,250,150,105,106,1,0,3001,85.73806194801
uniform,11,250,150,105,106,1,0,3002,85.7594710830017
uniform,11,250,150,105,106,1,0,3003,85.78176011302276
uniform,11,250,150,105,106,1,0,3004,85.81067194099887
uniform,11,250,150,105,106,1,0,3005,85.83428977100994
uniform,11,250,150,105,106,1,0,3006,85.85828293301165
uniform,11,250,150,105,106,1,0,3007,85.88388671600842
uniform,11,250,150,105,106,1,0,3008,85.90605065200361
uniform,11,250,150,105,106,1,0,3009,85.92977590800729
uniform,11,250,150,105,106,1,0,3010,85.95054142500157
uniform,11,250,150,105,106,1,0,3011,85.97151433699764
uniform,11,250,150,105,106,1,0,3012,85.99237662201631
uniform,11,250,150,105,106,1,0,3013,86.01562979602022
uniform,11,250,150,105,106,1,0,3014,86.03713194900774
uniform,11,250,150,105,106,1,0,3015,86.06389540201053
uniform,11,250,150,105,106,1,0,3016,86.08765630901325
uniform,11,250,150,105,106,1,0,3017,86.11592489402392
uniform,11,250,150,105,106,1,0,3018,86.13754102200619
uniform,11,250,150,105,106,1,0,3019,86.15844489401206
uniform,11,250,150,105,106,1,0,3020,86.17915712800459
uniform,11,250,150,105,106,1,0,3021,86.20224022801267
uniform,11,250,150,105,106,1,0,3022,86.22425264900085
uniform,11,250,150,105,106,1,0,3023,86.24515436802176
uniform,11,250,150,105,106,1,0,3024,86.26618660101667
uniform,11,250,150,105,106,1,0,3025,86.28892337399884
uniform,11,250,150,105,106,1,0,3026,86.30854742001975
uniform,11,250,150,105,106,1,0,3027,86.33084740201593
uniform,11,250,150,105,106,1,0,3028,86.35542937502032
uniform,11,250,150,105,106,1,0,3029,86.37530597401201
uniform,11,250,150,105,106,1,0,3030,86.3998108789965
uniform,11,250,150,105,106,1,0,3031,86.42442873600521
uniform,11,250,150,105,106,1,0,3032,86.45134748899727
uniform,11,250,150,105,106,1,0,3033,86.47325389602338
uniform,11,250,150,105,106,1,0,3034,86.49493775801966
uniform,11,250,150,105,106,1,0,3035,86.51439077800023
uniform,11,250,150,105,106,1,0,3036,86.53391842902056
uniform,11,250,150,105,106,1,0,3037,86.55307735601673
uniform,11,250,150,105,106,1,0,3038,86.576688199013
uniform,11,250,150,105,106,1,0,3039,86.59817736400873
uniform,11,250,150,105,106,1,0,3040,86.61822238902096
uniform,11,250,150,105,106,1,0,3041,86.63781663699774
uniform,11,250,150,105,106,1,0,3042,86.65718128700973
uniform,11,250,150,105,106,1,0,3043,86.6766682510206
uniform,11,250,150,105,106,1,0,3044,86.70054651200189
uniform,11,250,150,105,106,1,0,3045,86.72484899501433
uniform,11,250,150,105,106,1,0,3046,86.74886262000655
uniform,11,250,150,105,106,1,0,3047,86.7743784430204
uniform,11,250,150,105,106,1,0,3048,86.7946997010149
uniform,11,250,150,105,106,1,0,3049,86.8372013940243
uniform,11,250,150,105,106,1,0,3050,86.87568784301402
uniform,11,250,150,105,106,1,0,3051,86.9293953020242
uniform,11,250,150,105,106,1,0,3052,86.97318855501362
uniform,11,250,150,105,106,1,0,3053,87.01019899500534
uniform,11,250,150,105,106,1,0,3054,87.04056178600877
uniform,11,250,150,105,106,1,0,3055,87.06469594800728
uniform,11,250,150,105,106,1,0,3056,87.08654636100982
uniform,11,250,150,105,106,1,0,3057,87.11163971701171
uniform,11,250,150,105,106,1,0,3058,87.13422884899774
uniform,11,250,150,105,106,1,0,3059,87.16274812401389
uniform,11,250,150,105,106,1,0,3060,87.19202398700872
uniform,11,250,150,105,106,1,0,3061,87.23154183401493
uniform,11,250,150,105,106,1,0,3062,87.25806936400477
uniform,11,250,150,105,106,1,0,3063,87.27965378100635
uniform,11,250,150,105,106,1,0,3064,87.31097152701113
uniform,11,250,150,105,106,1,0,3065,87.33710455300752
uniform,11,250,150,105,106,1,0,3066,87.36139310902217
uniform,11,250,150,105,106,1,0,3067,87.38336681202054
uniform,11,250,150,105,106,1,0,3068,87.40473696999834
uniform,11,250,150,105,106,1,0,3069,87.42860779899638
uniform,11,250,150,105,106,1,0,3070,87.45297113602282
uniform,11,250,150,105,106,1,0,3071,87.4745323950192
uniform,11,250,150,105,106,1,0,3072,87.49612337801955
uniform,11,250,150,105,106,1,0,3073,87.52025761600817
uniform,11,250,150,105,106,1,0,3074,87.54284355000709
uniform,11,250,150,105,106,1,0,3075,87.56524234401877
uniform,11,250,150,105,106,1,0,3076,87.59125535399653
uniform,11,250,150,105,106,1,0,3077,87.61239447401022
uniform,11,250,150,105,106,1,0,3078,87.63316046699765
uniform,11,250,150,105,106,1,0,3079,87.6537809210131
uniform,11,250,150,105,106,1,0,3080,87.6742563600128
uniform,11,250,150,105,106,1,0,3081,87.6968332810211
uniform,11,250,150,105,106,1,0,3082,87.7173818340234
uniform,11,250,150,105,106,1,0,3083,87.73984325901256
uniform,11,250,150,105,106,1,0,3084,87.76155745901633
uniform,11,250,150,105,106,1,0,3085,87.7844218450191
uniform,11,250,150,105,106,1,0,3086,87.80609182800981
uniform,11,250,150,105,106,1,0,3087,87.83069506799802
uniform,11,250,150,105,106,1,0,3088,87.8584364230046
uniform,11,250,150,105,106,1,0,3089,87.88145814201562
uniform,11,250,150,105,106,1,0,3090,87.90189744002419
uniform,11,250,150,105,106,1,0,3091,87.92440277000424
uniform,11,250,150,105,106,1,0,3092,87.94695913299802
uniform,11,250,150,105,106,1,0,3093,87.96780153902364
uniform,11,250,150,105,106,1,0,3094,87.99014241702389
uniform,11,250,150,105,106,1,0,3095,88.0118071080069
uniform,11,250,150,105,106,1,0,3096,88.03292636200786
uniform,11,250,150,105,106,1,0,3097,88.05837997901835
uniform,11,250,150,105,106,1,0,3098,88.08565907299635
uniform,11,250,150,105,106,1,0,3099,88.10761841700878
uniform,11,250,150,105,106,1,0,3100,88.13136100600241
uniform,11,250,150,105,106,1,0,3101,88.15616149100242
uniform,11,250,150,105,106,1,0,3102,88.17893889499828
uniform,11,250,150,105,106,1,0,3103,88.20623934900505
uniform,11,250,150,105,106,1,0,3104,88.22835570201278
uniform,11,250,150,105,106,1,0,3105,88.25216205700417
uniform,11,250,150,105,106,1,0,3106,88.27269787801197
uniform,11,250,150,105,106,1,0,3107,88.29305178500363
uniform,11,250,150,105,106,1,0,3108,88.31327779701678
uniform,11,250,150,105,106,1,0,3109,88.33466638802201
uniform,11,250,150,105,106,1,0,3110,88.35482965401025
uniform,11,250,150,105,106,1,0,3111,88.37518198302132
uniform,11,250,150,105,106,1,0,3112,88.3954068540188
uniform,11,250,150,105,106,1,0,3113,88.415718638018
uniform,11,250,150,105,106,1,0,3114,88.43902007202269
uniform,11,250,150,105,106,1,0,3115,88.45983518601861
uniform,11,250,150,105,106,1,0,3116,88.48130562499864
uniform,11,250,150,105,106,1,0,3117,88.50572045502486
uniform,11,250,150,105,106,1,0,3118,88.52731618602411
uniform,11,250,150,105,106,1,0,3119,88.54886687299586
uniform,11,250,150,105,106,1,0,3120,88.57166720399982
uniform,11,250,150,105,106,1,0,3121,88.5929755679972
uniform,11,250,150,105,106,1,0,3122,88.61549760302296
uniform,11,250,150,105,106,1,0,3123,88.6403198800108
uniform,11,250,150,105,106,1,0,3124,88.67917032900732
uniform,11,250,150,105,106,1,0,3125,88.7200523840147
uniform,11,250,150,105,106,1,0,3126,88.77193739000359
uniform,11,250,150,105,106,1,0,3127,88.80025059200125
uniform,11,250,150,105,106,1,0,3128,88.82823775100405
uniform,11,250,150,105,106,1,0,3129,88.86022644501645
uniform,11,250,150,105,106,1,0,3130,88.91150182200363
uniform,11,250,150,105,106,1,0,3131,88.95738351700129
uniform,11,250,150,105,106,1,0,3132,89.00705434300471
uniform,11,250,150,105,106,1,0,3133,89.08370940000168
uniform,11,250,150,105,106,1,0,3134,89.14283864200115
uniform,11,250,150,105,106,1,0,3135,89.19133009601501
uniform,11,250,150,105,106,1,0,3136,89.25313372100936
uniform,11,250,150,105,106,1,0,3137,89.29029659202206
uniform,11,250,150,105,106,1,0,3138,89.31835446800687
uniform,11,250,150,105,106,1,0,3139,89.36804551302339
uniform,11,250,150,105,106,1,0,3140,89.4353755400225
uniform,11,250,150,105,106,1,0,3141,89.54636470301193
uniform,11,250,150,105,106,1,0,3142,89.60455524802092
uniform,11,250,150,105,106,1,0,3143,89.65764093401958
uniform,11,250,150,105,106,1,0,3144,89.70093974200427
uniform,11,250,150,105,106,1,0,3145,89.73102685401682
uniform,11,250,150,105,106,1,0,3146,89.759041472018
uniform,11,250,150,105,106,1,0,3147,89.79015813602018
uniform,11,250,150,105,106,1,0,3148,89.82572875500773
uniform,11,250,150,105,106,1,0,3149,89.85857763001695
uniform,11,250,150,105,106,1,0,3150,89.89360985701205
uniform,11,250,150,105,106,1,0,3151,89.92076680500759
uniform,11,250,150,105,106,1,0,3152,89.94797709301929
uniform,11,250,150,105,106,1,0,3153,89.97635025001364
uniform,11,250,150,105,106,1,0,3154,90.01401615599752
uniform,11,250,150,105,106,1,0,3155,90.05608997802483
uniform,11,250,150,105,106,1,0,3156,90.11354286799906
uniform,11,250,150,105,106,1,0,3157,90.15273834700929
uniform,11,250,150,105,106,1,0,3158,90.18692248201114
uniform,11,250,150,105,106,1,0,3159,90.22159366801498
uniform,11,250,150,105,106,1,0,3160,90.2508109670016
uniform,11,250,150,105,106,1,0,3161,90.28177924000192
uniform,11,250,150,105,106,1,0,3162,90.30910517199663
uniform,11,250,150,105,106,1,0,3163,90.33394731002045
uniform,11,250,150,105,106,1,0,3164,90.36433163602487
uniform,11,250,150,105,106,1,0,3165,90.40537069400307
uniform,11,250,150,105,106,1,0,3166,90.43172392700217
uniform,11,250,150,105,106,1,0,3167,90.46345011101221
uniform,11,250,150,105,106,1,0,3168,90.49644466800964
uniform,11,250,150,105,106,1,0,3169,90.52524668900878
uniform,11,250,150,105,106,1,0,3170,90.55227748001926
uniform,11,250,150,105,106,1,0,3171,90.58406682600616
uniform,11,250,150,105,106,1,0,3172,90.61213297100039
uniform,11,250,150,105,106,1,0,3173,90.64385490701534
uniform,11,250,150,105,106,1,0,3174,90.67373134099762
uniform,11,250,150,105,106,1,0,3175,90.71263273700606
uniform,11,250,150,105,106,1,0,3176,90.75573710500612
uniform,11,250,150,105,106,1,0,3177,90.78995768801542
uniform,11,250,150,105,106,1,0,3178,90.82770111400168
uniform,11,250,150,105,106,1,0,3179,90.8537620640127
uniform,11,250,150,105,106,1,0,3180,90.89116025599651
uniform,11,250,150,105,106,1,0,3181,90.9168218440027
uniform,11,250,150,105,106,1,0,3182,90.94358328601811
uniform,11,250,150,105,106,1,0,3183,90.97515166501398
uniform,11,250,150,105,106,1,0,3184,90.99908707701252
uniform,11,250,150,105,106,1,0,3185,91.02473133601598
uniform,11,250,150,105,106,1,0,3186,91.05065969499992
uniform,11,250,150,105,106,1,0,3187,91.07627422400401
uniform,11,250,150,105,106,1,0,3188,91.10195963800652
uniform,11,250,150,105,106,1,0,3189,91.13373530301033
uniform,11,250,150,105,106,1,0,3190,91.1607267720101
uniform,11,250,150,105,106,1,0,3191,91.20200349402148
uniform,11,250,150,105,106,1,0,3192,91.23524865301442
uniform,11,250,150,105,106,1,0,3193,91.26798634501756
uniform,11,250,150,105,106,1,0,3194,91.29481611901429
uniform,11,250,150,105,106,1,0,3195,91.31801356200594
uniform,11,250,150,105,106,1,0,3196,91.34164206901914
uniform,11,250,150,105,106,1,0,3197,91.36751643000753
uniform,11,250,150,105,106,1,0,3198,91.39422749201185
uniform,11,250,150,105,106,1,0,3199,91.42870903402218
uniform,11,250,150,105,106,1,0,3200,91.45795586600434
uniform,11,250,150,105,106,1,0,3201,91.48617705699871
uniform,11,250,150,105,106,1,0,3202,91.50917115202174
uniform,11,250,150,105,106,1,0,3203,91.53345351901953
uniform,11,250,150,105,106,1,0,3204,91.5591703300015
uniform,11,250,150,105,106,1,0,3205,91.58072594500845
uniform,11,250,150,105,106,1,0,3206,91.60868453100557
uniform,11,250,150,105,106,1,0,3207,91.64166904601734
uniform,11,250,150,105,106,1,0,3208,91.6673732100171
uniform,11,250,150,105,106,1,0,3209,91.69356192101259
uniform,11,250,150,105,106,1,0,3210,91.71800648001954
uniform,11,250,150,105,106,1,0,3211,91.74346026600688
uniform,11,250,150,105,106,1,0,3212,91.77144936000695
uniform,11,250,150,105,106,1,0,3213,91.79595837602392
uniform,11,250,150,105,106,1,0,3214,91.81770329500432
uniform,11,250,150,105,106,1,0,3215,91.84337585300091
uniform,11,250,150,105,106,1,0,3216,91.86707833199762
uniform,11,250,150,105,106,1,0,3217,91.88887803201214
uniform,11,250,150,105,106,1,0,3218,91.91194720202475
uniform,11,250,150,105,106,1,0,3219,91.93412074801745
uniform,11,250,150,105,106,1,0,3220,91.95967808400746
uniform,11,250,150,105,106,1,0,3221,91.98686852000537
uniform,11,250,150,105,106,1,0,3222,92.02177860500524
uniform,11,250,150,105,106,1,0,3223,92.04945495200809
uniform,11,250,150,105,106,1,0,3224,92.07454770701588
uniform,11,250,150,105,106,1,0,3225,92.10096773400437
uniform,11,250,150,105,106,1,0,3226,92.14376584600541
uniform,11,250,150,105,106,1,0,3227,92.19204295400414
uniform,11,250,150,105,106,1,0,3228,92.2165134230163
uniform,11,250,150,105,106,1,0,3229,92.24174326102366
uniform,11,250,150,105,106,1,0,3230,92.28805351900519
uniform,11,250,150,105,106,1,0,3231,92.31550825299928
uniform,11,250,150,105,106,1,0,3232,92.33930911900825
uniform,11,250,150,105,106,1,0,3233,92.36135894601466
uniform,11,250,150,105,106,1,0,3234,92.38461498700781
uniform,11,250,150,105,106,1,0,3235,92.40778939900338
uniform,11,250,150,105,106,1,0,3236,92.43245785101317
uniform,11,250,150,105,106,1,0,3237,92.4613338150084
uniform,11,250,150,105,106,1,0,3238,92.48470096301753
uniform,11,250,150,105,106,1,0,3239,92.5092115800071
uniform,11,250,150,105,106,1,0,3240,92.53939981301664
uniform,11,250,150,105,106,1,0,3241,92.56171214900678
uniform,11,250,150,105,106,1,0,3242,92.58922339201672
uniform,11,250,150,105,106,1,0,3243,92.62592683400726
uniform,11,250,150,105,106,1,0,3244,92.65633104401059
uniform,11,250,150,105,106,1,0,3245,92.68208664600388
uniform,11,250,150,105,106,1,0,3246,92.70411147500272
uniform,11,250,150,105,106,1,0,3247,92.7329759550048
uniform,11,250,150,105,106,1,0,3248,92.7617936960014
uniform,11,250,150,105,106,1,0,3249,92.78505403801682
uniform,11,250,150,105,106,1,0,3250,92.8083384920028
uniform,11,250,150,105,106,1,0,3251,92.83396538801026
uniform,11,250,150,105,106,1,0,3252,92.85813858301844
uniform,11,250,150,105,106,1,0,3253,92.87922342302045
uniform,11,250,150,105,106,1,0,3254,92.89997675002087
uniform,11,250,150,105,106,1,0,3255,92.92130301901489
uniform,11,250,150,105,106,1,0,3256,92.94529878001777
uniform,11,250,150,105,106,1,0,3257,92.96817762500723
uniform,11,250,150,105,106,1,0,3258,92.98813990299823
uniform,11,250,150,105,106,1,0,3259,93.01345329600736
uniform,11,250,150,105,106,1,0,3260,93.03997154001263
uniform,11,250,150,105,106,1,0,3261,93.06365591101348
uniform,11,250,150,105,106,1,0,3262,93.0846034840215
uniform,11,250,150,105,106,1,0,3263,93.10621877200902
uniform,11,250,150,105,106,1,0,3264,93.13335884801927
uniform,11,250,150,105,106,1,0,3265,93.15971477501444
uniform,11,250,150,105,106,1,0,3266,93.18587115700939
uniform,11,250,150,105,106,1,0,3267,93.21058711002115
uniform,11,250,150,105,106,1,0,3268,93.23312861702289
uniform,11,250,150,105,106,1,0,3269,93.2588606820209
uniform,11,250,150,105,106,1,0,3270,93.28136684000492
uniform,11,250,150,105,106,1,0,3271,93.30422453401843
uniform,11,250,150,105,106,1,0,3272,93.33166497701313
uniform,11,250,150,105,106,1,0,3273,93.35338797801523
uniform,11,250,150,105,106,1,0,3274,93.37535075002233
uniform,11,250,150,105,106,1,0,3275,93.39964541600784
uniform,11,250,150,105,106,1,0,3276,93.42290963302366
uniform,11,250,150,105,106,1,0,3277,93.44428471600986
uniform,11,250,150,105,106,1,0,3278,93.46539457302424
uniform,11,250,150,105,106,1,0,3279,93.49026050500106
uniform,11,250,150,105,106,1,0,3280,93.51327727700118
uniform,11,250,150,105,106,1,0,3281,93.53809014899889
uniform,11,250,150,105,106,1,0,3282,93.56183301800047
uniform,11,250,150,105,106,1,0,3283,93.58375021500979
uniform,11,250,150,105,106,1,0,3284,93.60609540902078
uniform,11,250,150,105,106,1,0,3285,93.6317645930103
uniform,11,250,150,105,106,1,0,3286,93.65528366700164
uniform,11,250,150,105,106,1,0,3287,93.6778907290136
uniform,11,250,150,105,106,1,0,3288,93.70138043400948
uniform,11,250,150,105,106,1,0,3289,93.72613243301748
uniform,11,250,150,105,106,1,0,3290,93.75999089202378
uniform,11,250,150,105,106,1,0,3291,93.78234663500916
uniform,11,250,150,105,106,1,0,3292,93.80379322401132
uniform,11,250,150,105,106,1,0,3293,93.826750704
uniform,11,250,150,105,106,1,0,3294,93.85066600202117
uniform,11,250,150,105,106,1,0,3295,93.87401928001782
uniform,11,250,150,105,106,1,0,3296,93.9027560010145
uniform,11,250,150,105,106,1,0,3297,93.9312636690156
uniform,11,250,150,105,106,1,0,3298,93.95205412601354
uniform,11,250,150,105,106,1,0,3299,93.97685757902218
uniform,11,250,150,105,106,1,0,3300,93.99973828601651
uniform,11,250,150,105,106,1,0,3301,94.02191752500948
uniform,11,250,150,105,106,1,0,3302,94.0462239360204
uniform,11,250,150,105,106,1,0,3303,94.06812015600735
uniform,11,250,150,105,106,1,0,3304,94.09006794000743
uniform,11,250,150,105,106,1,0,3305,94.1160474900098
uniform,11,250,150,105,106,1,0,3306,94.1487029120035
uniform,11,250,150,105,106,1,0,3307,94.17016210700967
uniform,11,250,150,105,106,1,0,3308,94.19378263200633
uniform,11,250,150,105,106,1,0,3309,94.21644197200658
uniform,11,250,150,105,106,1,0,3310,94.24068695202004
uniform,11,250,150,105,106,1,0,3311,94.26344413400511
uniform,11,250,150,105,106,1,0,3312,94.28508020500885
uniform,11,250,150,105,106,1,0,3313,94.30570845201146
uniform,11,250,150,105,106,1,0,3314,94.32880689200829
uniform,11,250,150,105,106,1,0,3315,94.35096257799887
uniform,11,250,150,105,106,1,0,3316,94.37243804702302
uniform,11,250,150,105,106,1,0,3317,94.39740194802289
uniform,11,250,150,105,106,1,0,3318,94.42801641402184
uniform,11,250,150,105,106,1,0,3319,94.4528436390101
uniform,11,250,150,105,106,1,0,3320,94.47370446199784
uniform,11,250,150,105,106,1,0,3321,94.49437305700849
uniform,11,250,150,105,106,1,0,3322,94.51648995900177
uniform,11,250,150,105,106,1,0,3323,94.53862845801632
uniform,11,250,150,105,106,1,0,3324,94.55900734799798
uniform,11,250,150,105,106,1,0,3325,94.57882424601121
uniform,11,250,150,105,106,1,0,3326,94.60678709301283
uniform,11,250,150,105,106,1,0,3327,94.63113291800255
uniform,11,250,150,105,106,1,0,3328,94.654869134014
uniform,11,250,150,105,106,1,0,3329,94.674764994008
uniform,11,250,150,105,106,1,0,3330,94.70220762002282
uniform,11,250,150,105,106,1,0,3331,94.72650795400841
uniform,11,250,150,105,106,1,0,3332,94.74859930601087
uniform,11,250,150,105,106,1,0,3333,94.77050972700818
uniform,11,250,150,105,106,1,0,3334,94.79123166500358
uniform,11,250,150,105,106,1,0,3335,94.81884404300945
uniform,11,250,150,105,106,1,0,3336,94.84340349200647
uniform,11,250,150,105,106,1,0,3337,94.87190709001152
uniform,11,250,150,105,106,1,0,3338,94.89490230701631
uniform,11,250,150,105,106,1,0,3339,94.92194105801173
uniform,11,250,150,105,106,1,0,3340,94.9432232940162
uniform,11,250,150,105,106,1,0,3341,94.96297118099756
uniform,11,250,150,105,106,1,0,3342,94.9842154540238
uniform,11,250,150,105,106,1,0,3343,95.00421807699604
uniform,11,250,150,105,106,1,0,3344,95.0280386969971
uniform,11,250,150,105,106,1,0,3345,95.05172295501688
uniform,11,250,150,105,106,1,0,3346,95.08101279599941
uniform,11,250,150,105,106,1,0,3347,95.10328558500623
uniform,11,250,150,105,106,1,0,3348,95.14344666802208
uniform,11,250,150,105,106,1,0,3349,95.16681954602245
uniform,11,250,150,105,106,1,0,3350,95.19741849700222
uniform,11,250,150,105,106,1,0,3351,95.2231255370134
uniform,11,250,150,105,106,1,0,3352,95.24601021502167
uniform,11,250,150,105,106,1,0,3353,95.27414357999805
uniform,11,250,150,105,106,1,0,3354,95.30556250500376
uniform,11,250,150,105,106,1,0,3355,95.32965550202061
uniform,11,250,150,105,106,1,0,3356,95.35301040601917
uniform,11,250,150,105,106,1,0,3357,95.37651144299889
uniform,11,250,150,105,106,1,0,3358,95.40280277401325
uniform,11,250,150,105,106,1,0,3359,95.4292864370218
uniform,11,250,150,105,106,1,0,3360,95.45662580500357
uniform,11,250,150,105,106,1,0,3361,95.4801093560236
uniform,11,250,150,105,106,1,0,3362,95.50382689700928
uniform,11,250,150,105,106,1,0,3363,95.5256922240078
uniform,11,250,150,105,106,1,0,3364,95.54722571701859
uniform,11,250,150,105,106,1,0,3365,95.56817400400178
uniform,11,250,150,105,106,1,0,3366,95.59089832101017
uniform,11,250,150,105,106,1,0,3367,95.61824983201222
uniform,11,250,150,105,106,1,0,3368,95.64273274000152
uniform,11,250,150,105,106,1,0,3369,95.66443532099947
uniform,11,250,150,105,106,1,0,3370,95.69160470701172
uniform,11,250,150,105,106,1,0,3371,95.71368413700839
uniform,11,250,150,105,106,1,0,3372,95.73814102701726
uniform,11,250,150,105,106,1,0,3373,95.76038319402141
uniform,11,250,150,105,106,1,0,3374,95.78703819602379
uniform,11,250,150,105,106,1,0,3375,95.81481445999816
uniform,11,250,150,105,106,1,0,3376,95.83746109800995
uniform,11,250,150,105,106,1,0,3377,95.85977050301153
uniform,11,250,150,105,106,1,0,3378,95.88716410900815
uniform,11,250,150,105,106,1,0,3379,95.90917099101353
uniform,11,250,150,105,106,1,0,3380,95.93310815401492
uniform,11,250,150,105,106,1,0,3381,95.95658907102188
uniform,11,250,150,105,106,1,0,3382,95.98408296902198
uniform,11,250,150,105,106,1,0,3383,96.00667778600473
uniform,11,250,150,105,106,1,0,3384,96.02923327300232
uniform,11,250,150,105,106,1,0,3385,96.055564986018
uniform,11,250,150,105,106,1,0,3386,96.08307583999704
uniform,11,250,150,105,106,1,0,3387,96.11224481501267
uniform,11,250,150,105,106,1,0,3388,96.13752276499872
uniform,11,250,150,105,106,1,0,3389,96.15904999402119
uniform,11,250,150,105,106,1,0,3390,96.18258317900472
uniform,11,250,150,105,106,1,0,3391,96.20422810700256
uniform,11,250,150,105,106,1,0,3392,96.22873006900772
uniform,11,250,150,105,106,1,0,3393,96.25083608401474
uniform,11,250,150,105,106,1,0,3394,96.27497066900833
uniform,11,250,150,105,106,1,0,3395,96.29601238502073
uniform,11,250,150,105,106,1,0,3396,96.31855697699939
uniform,11,250,150,105,106,1,0,3397,96.34234769901377
uniform,11,250,150,105,106,1,0,3398,96.36478323800839
uniform,11,250,150,105,106,1,0,3399,96.38684181802091
uniform,11,250,150,105,106,1,0,3400,96.41056700301124
uniform,11,250,150,105,106,1,0,3401,96.43155234999722
uniform,11,250,150,105,106,1,0,3402,96.45422979199793
uniform,11,250,150,105,106,1,0,3403,96.47755773802055
uniform,11,250,150,105,106,1,0,3404,96.50203002101625
uniform,11,250,150,105,106,1,0,3405,96.52848023999832
uniform,11,250,150,105,106,1,0,3406,96.54987834801432
uniform,11,250,150,105,106,1,0,3407,96.57308812401607
uniform,11,250,150,105,106,1,0,3408,96.60112398900674
uniform,11,250,150,105,106,1,0,3409,96.63189858201076
uniform,11,250,150,105,106,1,0,3410,96.65696410200326
uniform,11,250,150,105,106,1,0,3411,96.68029014000786
uniform,11,250,150,105,106,1,0,3412,96.71117175600375
uniform,11,250,150,105,106,1,0,3413,96.73338447100832
uniform,11,250,150,105,106,1,0,3414,96.76148624002235
uniform,11,250,150,105,106,1,0,3415,96.80212901200866
uniform,11,250,150,105,106,1,0,3416,96.83494572501513
uniform,11,250,150,105,106,1,0,3417,96.85773510299623
uniform,11,250,150,105,106,1,0,3418,96.88104096901952
uniform,11,250,150,105,106,1,0,3419,96.90272496402031
uniform,11,250,150,105,106,1,0,3420,96.92453317402396
uniform,11,250,150,105,106,1,0,3421,96.94555570100783
uniform,11,250,150,105,106,1,0,3422,96.97070022000116
uniform,11,250,150,105,106,1,0,3423,97.00217051801155
uniform,11,250,150,105,106,1,0,3424,97.03601890499704
uniform,11,250,150,105,106,1,0,3425,97.06029922902235
uniform,11,250,150,105,106,1,0,3426,97.08302696901956
uniform,11,250,150,105,106,1,0,3427,97.10507977701491
uniform,11,250,150,105,106,1,0,3428,97.13305559402215
uniform,11,250,150,105,106,1,0,3429,97.15481730300235
uniform,11,250,150,105,106,1,0,3430,97.17961704201298
uniform,11,250,150,105,106,1,0,3431,97.20206773700193
uniform,11,250,150,105,106,1,0,3432,97.228265001002
uniform,11,250,150,105,106,1,0,3433,97.25302184300381
uniform,11,250,150,105,106,1,0,3434,97.27645511701121
uniform,11,250,150,105,106,1,0,3435,97.31343306801864
uniform,11,250,150,105,106,1,0,3436,97.33593534000101
uniform,11,250,150,105,106,1,0,3437,97.3569555740105
uniform,11,250,150,105,106,1,0,3438,97.38412007302395
uniform,11,250,150,105,106,1,0,3439,97.40538807801204
uniform,11,250,150,105,106,1,0,3440,97.43781495900475
uniform,11,250,150,105,106,1,0,3441,97.46017469800427
uniform,11,250,150,105,106,1,0,3442,97.48222476101364
uniform,11,250,150,105,106,1,0,3443,97.50384860500344
uniform,11,250,150,105,106,1,0,3444,97.52784707699902
uniform,11,250,150,105,106,1,0,3445,97.5498706610233
uniform,11,250,150,105,106,1,0,3446,97.57450586400228
uniform,11,250,150,105,106,1,0,3447,97.59565622202354
uniform,11,250,150,105,106,1,0,3448,97.62120645900723
uniform,11,250,150,105,106,1,0,3449,97.6451564830204
uniform,11,250,150,105,106,1,0,3450,97.66968155300128
uniform,11,250,150,105,106,1,0,3451,97.69726628399803
uniform,11,250,150,105,106,1,0,3452,97.72161017701728
uniform,11,250,150,105,106,1,0,3453,97.74538166500861
uniform,11,250,150,105,106,1,0,3454,97.7673634540115
uniform,11,250,150,105,106,1,0,3455,97.79340244102059
uniform,11,250,150,105,106,1,0,3456,97.82066521601519
uniform,11,250,150,105,106,1,0,3457,97.84186022001086
uniform,11,250,150,105,106,1,0,3458,97.86991761100944
uniform,11,250,150,105,106,1,0,3459,97.89242256100988
uniform,11,250,150,105,106,1,0,3460,97.91989588501747
uniform,11,250,150,105,106,1,0,3461,97.94206655101152
uniform,11,250,150,105,106,1,0,3462,97.96374191102223
uniform,11,250,150,105,106,1,0,3463,97.98502093402203
uniform,11,250,150,105,106,1,0,3464,98.0094831570168
uniform,11,250,150,105,106,1,0,3465,98.03438832401298
uniform,11,250,150,105,106,1,0,3466,98.06562015300733
uniform,11,250,150,105,106,1,0,3467,98.09216693299823
uniform,11,250,150,105,106,1,0,3468,98.14086619499722
uniform,11,250,150,105,106,1,0,3469,98.18675659201108
uniform,11,250,150,105,106,1,0,3470,98.23981292301323
uniform,11,250,150,105,106,1,0,3471,98.28246581502026
uniform,11,250,150,105,106,1,0,3472,98.32548944200971
uniform,11,250,150,105,106,1,0,3473,98.37699457301642
uniform,11,250,150,105,106,1,0,3474,98.41192161300569
uniform,11,250,150,105,106,1,0,3475,98.45645327901002
uniform,11,250,150,105,106,1,0,3476,98.52783470900613
uniform,11,250,150,105,106,1,0,3477,98.5718139600067
uniform,11,250,150,105,106,1,0,3478,98.63591650000308
uniform,11,250,150,105,106,1,0,3479,98.71145936602261
uniform,11,250,150,105,106,1,0,3480,98.77762847402482
uniform,11,250,150,105,106,1,0,3481,98.83401443000184
uniform,11,250,150,105,106,1,0,3482,98.88324035602272
uniform,11,250,150,105,106,1,0,3483,98.92816760900314
uniform,11,250,150,105,106,1,0,3484,98.9690027339966
uniform,11,250,150,105,106,1,0,3485,99.00407001000713
uniform,11,250,150,105,106,1,0,3486,99.03260212001624
uniform,11,250,150,105,106,1,0,3487,99.08554387401091
uniform,11,250,150,105,106,1,0,3488,99.11950038300711
uniform,11,250,150,105,106,1,0,3489,99.15358778100926
uniform,11,250,150,105,106,1,0,3490,99.18339142901823
uniform,11,250,150,105,106,1,0,3491,99.21339044201886
uniform,11,250,150,105,106,1,0,3492,99.2458482060174
uniform,11,250,150,105,106,1,0,3493,99.27343569201184
uniform,11,250,150,105,106,1,0,3494,99.30260630801786
uniform,11,250,150,105,106,1,0,3495,99.33436341502238
uniform,11,250,150,105,106,1,0,3496,99.36189053099952
uniform,11,250,150,105,106,1,0,3497,99.39601986200432
uniform,11,250,150,105,106,1,0,3498,99.42285871799686
uniform,11,250,150,105,106,1,0,3499,99.45069049301674
uniform,11,250,150,105,106,1,0,3500,99.48644795600558
uniform,11,250,150,105,106,1,0,3501,99.52095372101758
uniform,11,250,150,105,106,1,0,3502,99.55083126100362
uniform,11,250,150,105,106,1,0,3503,99.60043238900835
uniform,11,250,150,105,106,1,0,3504,99.65719192899996
uniform,11,250,150,105,106,1,0,3505,99.7150494880043
uniform,11,250,150,105,106,1,0,3506,99.78841721601202
uniform,11,250,150,105,106,1,0,3507,99.8658466800116
uniform,11,250,150,105,106,1,0,3508,99.95008225701167
uniform,11,250,150,105,106,1,0,3509,99.99615202101995
uniform,12,250,150,105,106,1,0,1,0.07006628598901443
uniform,12,250,150,105,106,1,0,2,0.10229171099490486
uniform,12,250,150,105,106,1,0,3,0.1517082320060581
uniform,12,250,150,105,106,1,0,4,0.18364818301051855
uniform,12,250,150,105,106,1,0,5,0.2303290390118491
uniform,12,250,150,105,106,1,0,6,0.28566168301040307
uniform,12,250,150,105,106,1,0,7,0.32209295299253426
uniform,12,250,150,105,106,1,0,8,0.36364519599010237
uniform,12,250,150,105,106,1,0,9,0.40098805201705545
uniform,12,250,150,105,106,1,0,10,0.44366138000623323
uniform,12,250,150,105,106,1,0,11,0.48646837900741957
uniform,12,250,150,105,106,1,0,12,0.517749107995769
uniform,12,250,150,105,106,1,0,13,0.5521933709969744
uniform,12,250,150,105,106,1,0,14,0.5798943760164548
uniform,12,250,150,105,106,1,0,15,0.6163799659989309
uniform,12,250,150,105,106,1,0,16,0.6456221560074482
uniform,12,250,150,105,106,1,0,17,0.6737537650042213
uniform,12,250,150,105,106,1,0,18,0.7005145630100742
uniform,12,250,150,105,106,1,0,19,0.7276722849928774
uniform,12,250,150,105,106,1,0,20,0.7573394899955019
uniform,12,250,150,105,106,1,0,21,0.7883098929887637
uniform,12,250,150,105,106,1,0,22,0.8178720610158052
uniform,12,250,150,105,106,1,0,23,0.8432551340083592
uniform,12,250,150,105,106,1,0,24,0.8691434790089261
uniform,12,250,150,105,106,1,0,25,0.9050624929950573
uniform,12,250,150,105,106,1,0,26,0.9321678400156088
uniform,12,250,150,105,106,1,0,27,0.9601972149976064
uniform,12,250,150,105,106,1,0,28,0.9851997650112025
uniform,12,250,150,105,106,1,0,29,1.011665883997921
uniform,12,250,150,105,106,1,0,30,1.0373919770063367
uniform,12,250,150,105,106,1,0,31,1.0623044770036358
uniform,12,250,150,105,106,1,0,32,1.0863266279920936
uniform,12,250,150,105,106,1,0,33,1.1151250149996486
uniform,12,250,150,105,106,1,0,34,1.1402176120027434
uniform,12,250,150,105,106,1,0,35,1.1656437790079508
uniform,12,250,150,105,106,1,0,36,1.1926314950105734
uniform,12,250,150,105,106,1,0,37,1.2183952759951353
uniform,12,250,150,105,106,1,0,38,1.2441599490121007
uniform,12,250,150,105,106,1,0,39,1.2692482660058886
uniform,12,250,150,105,106,1,0,40,1.2978499089949764
uniform,12,250,150,105,106,1,0,41,1.3305536519910675
uniform,12,250,150,105,106,1,0,42,1.3578339270025026
uniform,12,250,150,105,106,1,0,43,1.3939456329972018
uniform,12,250,150,105,106,1,0,44,1.4190748289984185
uniform,12,250,150,105,106,1,0,45,1.452426200004993
uniform,12,250,150,105,106,1,0,46,1.4798454279953148
uniform,12,250,150,105,106,1,0,47,1.5049634439928923
uniform,12,250,150,105,106,1,0,48,1.5366405000095256
uniform,12,250,150,105,106,1,0,49,1.5630590520158876
uniform,12,250,150,105,106,1,0,50,1.5874444879882503
uniform,12,250,150,105,106,1,0,51,1.6167478790157475
uniform,12,250,150,105,106,1,0,52,1.6399379250069614
uniform,12,250,150,105,106,1,0,53,1.6655994830070995
uniform,12,250,150,105,106,1,0,54,1.694375637016492
uniform,12,250,150,105,106,1,0,55,1.7264380689885002
uniform,12,250,150,105,106,1,0,56,1.7496287839894649
uniform,12,250,150,105,106,1,0,57,1.7730840480071492
uniform,12,250,150,105,106,1,0,58,1.8013435250031762
uniform,12,250,150,105,106,1,0,59,1.8261770560056902
uniform,12,250,150,105,106,1,0,60,1.8486183380009606
uniform,12,250,150,105,106,1,0,61,1.875055937009165
uniform,12,250,150,105,106,1,0,62,1.9028083859884646
uniform,12,250,150,105,106,1,0,63,1.9273539829882793
uniform,12,250,150,105,106,1,0,64,1.9519462850003038
uniform,12,250,150,105,106,1,0,65,1.9758933770062868
uniform,12,250,150,105,106,1,0,66,2.002967901993543
uniform,12,250,150,105,106,1,0,67,2.027475153998239
uniform,12,250,150,105,106,1,0,68,2.051095869013807
uniform,12,250,150,105,106,1,0,69,2.076545473013539
uniform,12,250,150,105,106,1,0,70,2.106516931002261
uniform,12,250,150,105,106,1,0,71,2.1313589430064894
uniform,12,250,150,105,106,1,0,72,2.153704647003906
uniform,12,250,150,105,106,1,0,73,2.1803344119980466
uniform,12,250,150,105,106,1,0,74,2.2035712450160645
uniform,12,250,150,105,106,1,0,75,2.2265357940050308
uniform,12,250,150,105,106,1,0,76,2.259982398012653
uniform,12,250,150,105,106,1,0,77,2.284054566989653
uniform,12,250,150,105,106,1,0,78,2.3063313250022475
uniform,12,250,150,105,106,1,0,79,2.335560545005137
uniform,12,250,150,105,106,1,0,80,2.3610877850151155
uniform,12,250,150,105,106,1,0,81,2.3867391149979085
uniform,12,250,150,105,106,1,0,82,2.4106619069934823
uniform,12,250,150,105,106,1,0,83,2.431415546016069
uniform,12,250,150,105,106,1,0,84,2.453895904996898
uniform,12,250,150,105,106,1,0,85,2.4768181389954407
uniform,12,250,150,105,106,1,0,86,2.5029194279923104
uniform,12,250,150,105,106,1,0,87,2.5291055900161155
uniform,12,250,150,105,106,1,0,88,2.5760115070152096
uniform,12,250,150,105,106,1,0,89,2.605636302003404
uniform,12,250,150,105,106,1,0,90,2.631496307993075
uniform,12,250,150,105,106,1,0,91,2.654621394001879
uniform,12,250,150,105,106,1,0,92,2.6981478790112305
uniform,12,250,150,105,106,1,0,93,2.7397616129892413
uniform,12,250,150,105,106,1,0,94,2.796022771013668
uniform,12,250,150,105,106,1,0,95,2.855440927989548
uniform,12,250,150,105,106,1,0,96,2.9227511690114625
uniform,12,250,150,105,106,1,0,97,2.9988712549966294
uniform,12,250,150,105,106,1,0,98,3.0832222549943253
uniform,12,250,150,105,106,1,0,99,3.1541668839927297
uniform,12,250,150,105,106,1,0,100,3.198605810990557
uniform,12,250,150,105,106,1,0,101,3.2330278610170353
uniform,12,250,150,105,106,1,0,102,3.2743531670130324
uniform,12,250,150,105,106,1,0,103,3.3146604069916066
uniform,12,250,150,105,106,1,0,104,3.369666265003616
uniform,12,250,150,105,106,1,0,105,3.407286244997522
uniform,12,250,150,105,106,1,0,106,3.4422324509941973
uniform,12,250,150,105,106,1,0,107,3.4723103799915407
uniform,12,250,150,105,106,1,0,108,3.5312682779913303
uniform,12,250,150,105,106,1,0,109,3.560103602008894
uniform,12,250,150,105,106,1,0,110,3.5900941349973436
uniform,12,250,150,105,106,1,0,111,3.622167569992598
uniform,12,250,150,105,106,1,0,112,3.6521748049999587
uniform,12,250,150,105,106,1,0,113,3.680154535017209
uniform,12,250,150,105,106,1,0,114,3.7061636710132007
uniform,12,250,150,105,106,1,0,115,3.735447072016541
uniform,12,250,150,105,106,1,0,116,3.7637648599920794
uniform,12,250,150,105,106,1,0,117,3.794304692011792
uniform,12,250,150,105,106,1,0,118,3.8255582159908954
uniform,12,250,150,105,106,1,0,119,3.8531444290129
uniform,12,250,150,105,106,1,0,120,3.8794199000112712
uniform,12,250,150,105,106,1,0,121,3.9064483570109587
uniform,12,250,150,105,106,1,0,122,3.9328170450171456
uniform,12,250,150,105,106,1,0,123,3.96182299501379
uniform,12,250,150,105,106,1,0,124,3.988147760013817
uniform,12,250,150,105,106,1,0,125,4.013731439015828
uniform,12,250,150,105,106,1,0,126,4.04325695100124
uniform,12,250,150,105,106,1,0,127,4.069112524011871
uniform,12,250,150,105,106,1,0,128,4.094180887012044
uniform,12,250,150,105,106,1,0,129,4.130485597008374
uniform,12,250,150,105,106,1,0,130,4.156565659010084
uniform,12,250,150,105,106,1,0,131,4.186398023011861
uniform,12,250,150,105,106,1,0,132,4.215360431990121
uniform,12,250,150,105,106,1,0,133,4.241186118015321
uniform,12,250,150,105,106,1,0,134,4.264815152011579
uniform,12,250,150,105,106,1,0,135,4.295679547009058
uniform,12,250,150,105,106,1,0,136,4.322319127008086
uniform,12,250,150,105,106,1,0,137,4.347043078014394
uniform,12,250,150,105,106,1,0,138,4.37074099201709
uniform,12,250,150,105,106,1,0,139,4.39483224999276
uniform,12,250,150,105,106,1,0,140,4.423789437016239
uniform,12,250,150,105,106,1,0,141,4.452751756994985
uniform,12,250,150,105,106,1,0,142,4.486412785016
uniform,12,250,150,105,106,1,0,143,4.517866114008939
uniform,12,250,150,105,106,1,0,144,4.549388990999432
uniform,12,250,150,105,106,1,0,145,4.579055350011913
uniform,12,250,150,105,106,1,0,146,4.608950833004201
uniform,12,250,150,105,106,1,0,147,4.635287979006534
uniform,12,250,150,105,106,1,0,148,4.658418979000999
uniform,12,250,150,105,106,1,0,149,4.682038733008085
uniform,12,250,150,105,106,1,0,150,4.709156871016603
uniform,12,250,150,105,106,1,0,151,4.7374055570107885
uniform,12,250,150,105,106,1,0,152,4.760810962994583
uniform,12,250,150,105,106,1,0,153,4.785027694015298
uniform,12,250,150,105,106,1,0,154,4.814053672016598
uniform,12,250,150,105,105,0,1,155,4.8385411229974125
uniform,13,1000,150,395,399,4,0,1,0.456566604989348
uniform,13,1000,150,395,398,3,0,2,0.7134409419959411
uniform,13,1000,150,395,397,2,0,3,0.9475388609862421
uniform,13,1000,150,395,397,2,0,4,1.3716830390039831
uniform,13,1000,150,395,397,2,0,5,1.7035917619941756
uniform,13,1000,150,395,397,2,0,6,1.9691163429815788
uniform,13,1000,150,395,397,2,0,7,2.7082104639848694
uniform,13,1000,150,395,397,2,0,8,3.200382754992461
uniform,13,1000,150,395,397,2,0,9,3.728919210989261
uniform,13,1000,150,395,397,2,0,10,4.155299737001769
uniform,13,1000,150,395,397,2,0,11,4.879245560994605
uniform,13,1000,150,395,397,2,0,12,5.216993408976123
uniform,13,1000,150,395,397,2,0,13,5.54307312698802
uniform,13,1000,150,395,397,2,0,14,6.043579231976764
uniform,13,1000,150,395,397,2,0,15,6.321639586996753
uniform,13,1000,150,395,397,2,0,16,6.848917779978365
uniform,13,1000,150,395,397,2,0,17,7.642987857980188
uniform,13,1000,150,395,397,2,0,18,7.99656583298929
uniform,13,1000,150,395,397,2,0,19,8.378608809987782
uniform,13,1000,150,395,397,2,0,20,8.68035401898669
uniform,13,1000,150,395,396,1,0,21,8.96474115899764
uniform,13,1000,150,395,396,1,0,22,9.261745463998523
uniform,13,1000,150,395,396,1,0,23,9.647048219980206
uniform,13,1000,150,395,396,1,0,24,10.0409776159795
uniform,13,1000,150,395,396,1,0,25,10.476016723987414
uniform,13,1000,150,395,396,1,0,26,10.882825951994164
uniform,13,1000,150,395,396,1,0,27,11.158807073981734
uniform,13,1000,150,395,396,1,0,28,11.749428174982313
uniform,13,1000,150,395,396,1,0,29,12.178451583982678
uniform,13,1000,150,395,396,1,0,30,12.449965837004129
uniform,13,1000,150,395,396,1,0,31,12.781814436981222
uniform,13,1000,150,395,396,1,0,32,13.032217575993855
uniform,13,1000,150,395,396,1,0,33,13.280507330986438
uniform,13,1000,150,395,396,1,0,34,13.513889003981603
uniform,13,1000,150,395,396,1,0,35,13.771572070982074
uniform,13,1000,150,395,396,1,0,36,13.995724343985785
uniform,13,1000,150,395,396,1,0,37,14.238200947002042
uniform,13,1000,150,395,396,1,0,38,14.485793428000761
uniform,13,1000,150,395,396,1,0,39,14.728736015997129
uniform,13,1000,150,395,396,1,0,40,14.967925461998675
uniform,13,1000,150,395,396,1,0,41,15.252817448985297
uniform,13,1000,150,395,396,1,0,42,15.53217702297843
uniform,13,1000,150,395,396,1,0,43,15.764330034988234
uniform,13,1000,150,395,396,1,0,44,15.999623682990205
uniform,13,1000,150,395,396,1,0,45,16.237701058998937
uniform,13,1000,150,395,396,1,0,46,16.48637968598632
uniform,13,1000,150,395,396,1,0,47,16.702134313003626
uniform,13,1000,150,395,396,1,0,48,16.93888892198447
uniform,13,1000,150,395,396,1,0,49,17.1624809789937
uniform,13,1000,150,395,396,1,0,50,17.39612485698308
uniform,13,1000,150,395,396,1,0,51,17.609381599992048
uniform,13,1000,150,395,396,1,0,52,17.818875664001098
uniform,13,1000,150,395,396,1,0,53,18.030025315994862
uniform,13,1000,150,395,396,1,0,54,18.25121965899598
uniform,13,1000,150,395,396,1,0,55,18.465489081980195
uniform,13,1000,150,395,396,1,0,56,18.7030979419942
uniform,13,1000,150,395,396,1,0,57,18.929765050997958
uniform,13,1000,150,395,396,1,0,58,19.15581715697772
uniform,13,1000,150,395,396,1,0,59,19.38625673999195
uniform,13,1000,150,395,396,1,0,60,19.596595950977644
uniform,13,1000,150,395,396,1,0,61,19.810904258978553
uniform,13,1000,150,395,396,1,0,62,20.022351558000082
uniform,13,1000,150,395,396,1,0,63,20.236391558981268
uniform,13,1000,150,395,396,1,0,64,20.446708620991558
uniform,13,1000,150,395,396,1,0,65,20.658002222975483
uniform,13,1000,150,395,396,1,0,66,20.87245532599627
uniform,13,1000,150,395,396,1,0,67,21.08451234397944
uniform,13,1000,150,395,396,1,0,68,21.300636245985515
uniform,13,1000,150,395,396,1,0,69,21.511072875000536
uniform,13,1000,150,395,396,1,0,70,21.76239089498995
uniform,13,1000,150,395,396,1,0,71,22.00551745298435
uniform,13,1000,150,395,396,1,0,72,22.24342438299209
uniform,13,1000,150,395,396,1,0,73,22.461906501994235
uniform,13,1000,150,395,396,1,0,74,22.679494953976246
uniform,13,1000,150,395,396,1,0,75,22.936327315983362
uniform,13,1000,150,395,396,1,0,76,23.153178757987916
uniform,13,1000,150,395,396,1,0,77,23.37116840298404
uniform,13,1000,150,395,396,1,0,78,23.609421236993512
uniform,13,1000,150,395,396,1,0,79,23.816746076976415
uniform,13,1000,150,395,396,1,0,80,24.024011995992623
uniform,13,1000,150,395,396,1,0,81,24.23230584198609
uniform,13,1000,150,395,396,1,0,82,24.45458025499829
uniform,13,1000,150,395,396,1,0,83,24.67958419097704
uniform,13,1000,150,395,396,1,0,84,24.899752015975537
uniform,13,1000,150,395,396,1,0,85,25.116652308992343
uniform,13,1000,150,395,396,1,0,86,25.359694405982736
uniform,13,1000,150,395,396,1,0,87,25.603202758997213
uniform,13,1000,150,395,396,1,0,88,25.844626605976373
uniform,13,1000,150,395,396,1,0,89,26.066637058975175
uniform,13,1000,150,395,396,1,0,90,26.30387133199838
uniform,13,1000,150,395,396,1,0,91,26.545701355003985
uniform,13,1000,150,395,396,1,0,92,26.754927075991873
uniform,13,1000,150,395,396,1,0,93,26.98964883000008
uniform,13,1000,150,395,396,1,0,94,27.269417735980824
uniform,13,1000,150,395,396,1,0,95,27.49959667600342
uniform,13,1000,150,395,396,1,0,96,27.743573678977555
uniform,13,1000,150,395,396,1,0,97,27.97330530997715
uniform,13,1000,150,395,396,1,0,98,28.20011570499628
uniform,13,1000,150,395,396,1,0,99,28.441817599989008
uniform,13,1000,150,395,396,1,0,100,28.653410801984137
uniform,13,1000,150,395,396,1,0,101,28.862940364982933
uniform,13,1000,150,395,396,1,0,102,29.069352939986857
uniform,13,1000,150,395,396,1,0,103,29.42207970400341
uniform,13,1000,150,395,395,0,1,104,29.661545404989738
uniform,14,500,150,201,203,2,0,1,0.11419705199659802
uniform,14,500,150,201,203,2,0,2,0.22141908601042815
uniform,14,500,150,201,202,1,0,3,0.2864041599968914
uniform,14,500,150,201,202,1,0,4,0.3664877380069811
uniform,14,500,150,201,202,1,0,5,0.43450309900799766
uniform,14,500,150,201,202,1,0,6,0.5022975350148045
uniform,14,500,150,201,202,1,0,7,0.5651839839993045
uniform,14,500,150,201,202,1,0,8,0.6374378970067482
uniform,14,500,150,201,202,1,0,9,0.7008040590153541
uniform,14,500,150,201,202,1,0,10,0.7658780450001359
uniform,14,500,150,201,202,1,0,11,0.8326041460095439
uniform,14,500,150,201,202,1,0,12,0.8975263010070194
uniform,14,500,150,201,202,1,0,13,0.9641048400080763
uniform,14,500,150,201,202,1,0,14,1.042048674018588
uniform,14,500,150,201,202,1,0,15,1.1044014130020514
uniform,14,500,150,201,202,1,0,16,1.165034124016529
uniform,14,500,150,201,202,1,0,17,1.236477508005919
uniform,14,500,150,201,202,1,0,18,1.310507795016747
uniform,14,500,150,201,202,1,0,19,1.370561435003765
uniform,14,500,150,201,202,1,0,20,1.451363013999071
uniform,14,500,150,201,202,1,0,21,1.5386586420063395
uniform,14,500,150,201,202,1,0,22,1.6107190200127661
uniform,14,500,150,201,202,1,0,23,1.6753646389988717
uniform,14,500,150,201,202,1,0,24,1.7345742210163735
uniform,14,500,150,201,202,1,0,25,1.7974714870215394
uniform,14,500,150,201,202,1,0,26,1.856506561016431
uniform,14,500,150,201,202,1,0,27,1.9170567970140837
uniform,14,500,150,201,202,1,0,28,1.9762341380119324
uniform,14,500,150,201,202,1,0,29,2.0373789769946598
uniform,14,500,150,201,202,1,0,30,2.109641139017185
uniform,14,500,150,201,202,1,0,31,2.1816147420031484
uniform,14,500,150,201,202,1,0,32,2.2505784620007034
uniform,14,500,150,201,202,1,0,33,2.315923592017498
uniform,14,500,150,201,202,1,0,34,2.3860767270089127
uniform,14,500,150,201,202,1,0,35,2.4603942279936746
uniform,14,500,150,201,202,1,0,36,2.5202320819953457
uniform,14,500,150,201,202,1,0,37,2.577980900008697
uniform,14,500,150,201,202,1,0,38,2.6413011040131096
uniform,14,500,150,201,202,1,0,39,2.7129695810144767
uniform,14,500,150,201,202,1,0,40,2.7814731860125903
uniform,14,500,150,201,202,1,0,41,2.8404055240098387
uniform,14,500,150,201,202,1,0,42,2.898807214020053
uniform,14,500,150,201,202,1,0,43,2.9570142349984962
uniform,14,500,150,201,202,1,0,44,3.018443798995577
uniform,14,500,150,201,202,1,0,45,3.0778767940064427
uniform,14,500,150,201,202,1,0,46,3.140981033007847
uniform,14,500,150,201,202,1,0,47,3.2014034840103704
uniform,14,500,150,201,202,1,0,48,3.262098680017516
uniform,14,500,150,201,202,1,0,49,3.3220843310118653
uniform,14,500,150,201,202,1,0,50,3.3952570570108946
uniform,14,500,150,201,202,1,0,51,3.464234672021121
uniform,14,500,150,201,202,1,0,52,3.5313110630086157
uniform,14,500,150,201,202,1,0,53,3.59656054401421
uniform,14,500,150,201,202,1,0,54,3.6607561169948895
uniform,14,500,150,201,202,1,0,55,3.719393861014396
uniform,14,500,150,201,202,1,0,56,3.7821450990159065
uniform,14,500,150,201,202,1,0,57,3.858999780000886
uniform,14,500,150,201,201,0,1,58,3.9208198160049506
uniform,15,250,150,102,104,2,0,1,0.03095413898699917
uniform,15,250,150,102,104,2,0,2,0.05280211797798984
uniform,15,250,150,102,104,2,0,3,0.08404006299679168
uniform,15,250,150,102,103,1,0,4,0.11365877999924123
uniform,15,250,150,102,103,1,0,5,0.13641891299630515
uniform,15,250,150,102,103,1,0,6,0.1718976829724852
uniform,15,250,150,102,103,1,0,7,0.1980025749944616
uniform,15,250,150,102,103,1,0,8,0.21991413499927148
uniform,15,250,150,102,103,1,0,9,0.24379324898472987
uniform,15,250,150,102,103,1,0,10,0.26668880897341296
uniform,15,250,150,102,103,1,0,11,0.28930978299467824
uniform,15,250,150,102,103,1,0,12,0.31471053799032234
uniform,15,250,150,102,103,1,0,13,0.3410654579929542
uniform,15,250,150,102,103,1,0,14,0.36342976699233986
uniform,15,250,150,102,103,1,0,15,0.3860112269758247
uniform,15,250,150,102,103,1,0,16,0.4083947579783853
uniform,15,250,150,102,103,1,0,17,0.4342045829980634
uniform,15,250,150,102,103,1,0,18,0.4585950509936083
uniform,15,250,150,102,103,1,0,19,0.48363831199822016
uniform,15,250,150,102,103,1,0,20,0.513213572994573
uniform,15,250,150,102,103,1,0,21,0.5369408039841801
uniform,15,250,150,102,103,1,0,22,0.5596361409989186
uniform,15,250,150,102,103,1,0,23,0.5833085799822584
uniform,15,250,150,102,103,1,0,24,0.6096999929868616
uniform,15,250,150,102,103,1,0,25,0.6403871469956357
uniform,15,250,150,102,103,1,0,26,0.6672755479812622
uniform,15,250,150,102,103,1,0,27,0.6996355569863226
uniform,15,250,150,102,103,1,0,28,0.7276691389852203
uniform,15,250,150,102,103,1,0,29,0.7494156949978787
uniform,15,250,150,102,103,1,0,30,0.7735428619780578
uniform,15,250,150,102,103,1,0,31,0.7976309299992863
uniform,15,250,150,102,103,1,0,32,0.8219376159831882
uniform,15,250,150,102,103,1,0,33,0.8524703369766939
uniform,15,250,150,102,103,1,0,34,0.8763307059998624
uniform,15,250,150,102,103,1,0,35,0.8980428819777444
uniform,15,250,150,102,103,1,0,36,0.9204302659782115
uniform,15,250,150,102,103,1,0,37,0.9486484789813403
uniform,15,250,150,102,103,1,0,38,0.9751170809904579
uniform,15,250,150,102,103,1,0,39,0.9992656849790365
uniform,15,250,150,102,103,1,0,40,1.0212006699875928
uniform,15,250,150,102,103,1,0,41,1.0424784339847974
uniform,15,250,150,102,103,1,0,42,1.067186991975177
uniform,15,250,150,102,103,1,0,43,1.092675166000845
uniform,15,250,150,102,103,1,0,44,1.1165947769768536
uniform,15,250,150,102,103,1,0,45,1.1382148289994802
uniform,15,250,150,102,103,1,0,46,1.160323364980286
uniform,15,250,150,102,103,1,0,47,1.1842605959973298
uniform,15,250,150,102,103,1,0,48,1.2122262249758933
uniform,15,250,150,102,103,1,0,49,1.2400588789896574
uniform,15,250,150,102,103,1,0,50,1.2633625909802504
uniform,15,250,150,102,103,1,0,51,1.2862033969722688
uniform,15,250,150,102,103,1,0,52,1.3132231009949464
uniform,15,250,150,102,103,1,0,53,1.335674163972726
uniform,15,250,150,102,103,1,0,54,1.3658490309899207
uniform,15,250,150,102,103,1,0,55,1.39612473899615
uniform,15,250,150,102,103,1,0,56,1.4189560069935396
uniform,15,250,150,102,103,1,0,57,1.4461789089837112
uniform,15,250,150,102,103,1,0,58,1.4709674779733177
uniform,15,250,150,102,103,1,0,59,1.5001981189998332
uniform,15,250,150,102,103,1,0,60,1.5266047049954068
uniform,15,250,150,102,103,1,0,61,1.5527396829857025
uniform,15,250,150,102,103,1,0,62,1.5745173849863932
uniform,15,250,150,102,103,1,0,63,1.5967778219783213
uniform,15,250,150,102,103,1,0,64,1.625550138996914
uniform,15,250,150,102,103,1,0,65,1.6488142899761442
uniform,15,250,150,102,103,1,0,66,1.6802870569808874
uniform,15,250,150,102,103,1,0,67,1.706031654990511
uniform,15,250,150,102,103,1,0,68,1.7299345299834386
uniform,15,250,150,102,103,1,0,69,1.7590708829811774
uniform,15,250,150,102,103,1,0,70,1.7865630449960008
uniform,15,250,150,102,103,1,0,71,1.8104372379893903
uniform,15,250,150,102,103,1,0,72,1.8344305369828362
uniform,15,250,150,102,103,1,0,73,1.8577227119822055
uniform,15,250,150,102,103,1,0,74,1.8795075089728925
uniform,15,250,150,102,103,1,0,75,1.911316903977422
uniform,15,250,150,102,103,1,0,76,1.936358125996776
uniform,15,250,150,102,103,1,0,77,1.9624302399752196
uniform,15,250,150,102,103,1,0,78,1.9843211989791598
uniform,15,250,150,102,103,1,0,79,2.006128032982815
uniform,15,250,150,102,103,1,0,80,2.032311276998371
uniform,15,250,150,102,103,1,0,81,2.053482555988012
uniform,15,250,150,102,103,1,0,82,2.077372261992423
uniform,15,250,150,102,103,1,0,83,2.0989782409742475
uniform,15,250,150,102,103,1,0,84,2.122693357989192
uniform,15,250,150,102,103,1,0,85,2.144129564985633
uniform,15,250,150,102,103,1,0,86,2.1734272779722232
uniform,15,250,150,102,103,1,0,87,2.197446232981747
uniform,15,250,150,102,103,1,0,88,2.2192778579774313
uniform,15,250,150,102,103,1,0,89,2.2407063449791167
uniform,15,250,150,102,103,1,0,90,2.2624072679900564
uniform,15,250,150,102,103,1,0,91,2.286761219991604
uniform,15,250,150,102,103,1,0,92,2.318126043974189
uniform,15,250,150,102,103,1,0,93,2.341567960975226
uniform,15,250,150,102,103,1,0,94,2.3629863079986535
uniform,15,250,150,102,103,1,0,95,2.3847521569987293
uniform,15,250,150,102,103,1,0,96,2.410142642998835
uniform,15,250,150,102,103,1,0,97,2.4315425099921413
uniform,15,250,150,102,103,1,0,98,2.4553243379923515
uniform,15,250,150,102,103,1,0,99,2.4817751119844615
uniform,15,250,150,102,103,1,0,100,2.5054202049796004
uniform,15,250,150,102,103,1,0,101,2.5289386449730955
uniform,15,250,150,102,103,1,0,102,2.550365311995847
uniform,15,250,150,102,103,1,0,103,2.5739548019773792
uniform,15,250,150,102,103,1,0,104,2.6004880989785306
uniform,15,250,150,102,103,1,0,105,2.6304215049894992
uniform,15,250,150,102,103,1,0,106,2.6537347339908592
uniform,15,250,150,102,103,1,0,107,2.680815032974351
uniform,15,250,150,102,103,1,0,108,2.7024811309820507
uniform,15,250,150,102,103,1,0,109,2.731073849980021
uniform,15,250,150,102,103,1,0,110,2.757672374980757
uniform,15,250,150,102,103,1,0,111,2.7794993479910772
uniform,15,250,150,102,103,1,0,112,2.803507434000494
uniform,15,250,150,102,103,1,0,113,2.8273554619809147
uniform,15,250,150,102,103,1,0,114,2.848774398997193
uniform,15,250,150,102,103,1,0,115,2.872272429987788
uniform,15,250,150,102,103,1,0,116,2.89501451398246
uniform,15,250,150,102,103,1,0,117,2.918817912985105
uniform,15,250,150,102,103,1,0,118,2.9406400859879795
uniform,15,250,150,102,103,1,0,119,2.961798045987962
uniform,15,250,150,102,103,1,0,120,2.9832492179994006
uniform,15,250,150,102,103,1,0,121,3.0040874729747884
uniform,15,250,150,102,103,1,0,122,3.0254935679840855
uniform,15,250,150,102,103,1,0,123,3.046807340986561
uniform,15,250,150,102,103,1,0,124,3.068047361972276
uniform,15,250,150,102,103,1,0,125,3.091256452986272
uniform,15,250,150,102,103,1,0,126,3.112344483990455
uniform,15,250,150,102,103,1,0,127,3.1339281919936184
uniform,15,250,150,102,103,1,0,128,3.161508502991637
uniform,15,250,150,102,103,1,0,129,3.1845581620000303
uniform,15,250,150,102,103,1,0,130,3.207962113985559
uniform,15,250,150,102,103,1,0,131,3.231253025995102
uniform,15,250,150,102,103,1,0,132,3.252587160997791
uniform,15,250,150,102,103,1,0,133,3.2754168959800154
uniform,15,250,150,102,103,1,0,134,3.3009905669896398
uniform,15,250,150,102,103,1,0,135,3.3317927569733
uniform,15,250,150,102,103,1,0,136,3.3553236279985867
uniform,15,250,150,102,103,1,0,137,3.3779877630004194
uniform,15,250,150,102,103,1,0,138,3.4033778659941163
uniform,15,250,150,102,103,1,0,139,3.427238928998122
uniform,15,250,150,102,103,1,0,140,3.448393563972786
uniform,15,250,150,102,103,1,0,141,3.469039530988084
uniform,15,250,150,102,103,1,0,142,3.494105405989103
uniform,15,250,150,102,103,1,0,143,3.51713128699339
uniform,15,250,150,102,103,1,0,144,3.542902401997708
uniform,15,250,150,102,103,1,0,145,3.5637395219819155
uniform,15,250,150,102,103,1,0,146,3.585304953972809
uniform,15,250,150,102,103,1,0,147,3.6085179389920086
uniform,15,250,150,102,103,1,0,148,3.631437374977395
uniform,15,250,150,102,103,1,0,149,3.654281302995514
uniform,15,250,150,102,103,1,0,150,3.6784750499937218
uniform,15,250,150,102,103,1,0,151,3.7017592869815417
uniform,15,250,150,102,103,1,0,152,3.723593753995374
uniform,15,250,150,102,103,1,0,153,3.7446670979843475
uniform,15,250,150,102,103,1,0,154,3.770922482974129
uniform,15,250,150,102,103,1,0,155,3.7948668879980687
uniform,15,250,150,102,103,1,0,156,3.8303091769921593
uniform,15,250,150,102,103,1,0,157,3.855469006986823
uniform,15,250,150,102,103,1,0,158,3.883291181991808
uniform,15,250,150,102,103,1,0,159,3.9120584899792448
uniform,15,250,150,102,103,1,0,160,3.9431320799922105
uniform,15,250,150,102,103,1,0,161,3.9695230619981885
uniform,15,250,150,102,103,1,0,162,3.9998454039741773
uniform,15,250,150,102,103,1,0,163,4.028983009979129
uniform,15,250,150,102,103,1,0,164,4.061472257977584
uniform,15,250,150,102,103,1,0,165,4.092635162000079
uniform,15,250,150,102,103,1,0,166,4.125962298974628
uniform,15,250,150,102,103,1,0,167,4.173854163993383
uniform,15,250,150,102,103,1,0,168,4.202424461982446
uniform,15,250,150,102,103,1,0,169,4.225383439974394
uniform,15,250,150,102,103,1,0,170,4.253903354983777
uniform,15,250,150,102,103,1,0,171,4.277074310986791
uniform,15,250,150,102,103,1,0,172,4.300243366975337
uniform,15,250,150,102,103,1,0,173,4.328655664983671
uniform,15,250,150,102,103,1,0,174,4.354877184989164
uniform,15,250,150,102,103,1,0,175,4.380542990984395
uniform,15,250,150,102,103,1,0,176,4.409133319975808
uniform,15,250,150,102,103,1,0,177,4.431136504979804
uniform,15,250,150,102,103,1,0,178,4.453477721981471
uniform,15,250,150,102,103,1,0,179,4.47554184999899
uniform,15,250,150,102,103,1,0,180,4.502776131994324
uniform,15,250,150,102,103,1,0,181,4.527923144982196
uniform,15,250,150,102,103,1,0,182,4.550379502994474
uniform,15,250,150,102,103,1,0,183,4.572606436995557
uniform,15,250,150,102,103,1,0,184,4.595417799981078
uniform,15,250,150,102,103,1,0,185,4.620072462974349
uniform,15,250,150,102,103,1,0,186,4.649687246972462
uniform,15,250,150,102,103,1,0,187,4.674029271991458
uniform,15,250,150,102,103,1,0,188,4.69669632599107
uniform,15,250,150,102,103,1,0,189,4.7214121489960235
uniform,15,250,150,102,103,1,0,190,4.756586085975869
uniform,15,250,150,102,103,1,0,191,4.780981672985945
uniform,15,250,150,102,103,1,0,192,4.812392111984082
uniform,15,250,150,102,103,1,0,193,4.834229092986789
uniform,15,250,150,102,103,1,0,194,4.856160667986842
uniform,15,250,150,102,103,1,0,195,4.878146930976072
uniform,15,250,150,102,103,1,0,196,4.903708962985547
uniform,15,250,150,102,103,1,0,197,4.926600052975118
uniform,15,250,150,102,103,1,0,198,4.950665784999728
uniform,15,250,150,102,103,1,0,199,4.974236430978635
uniform,15,250,150,102,103,1,0,200,4.9986068430007435
uniform,15,250,150,102,103,1,0,201,5.023843582981499
uniform,15,250,150,102,103,1,0,202,5.051630781992571
uniform,15,250,150,102,103,1,0,203,5.075981068977853
uniform,15,250,150,102,103,1,0,204,5.100571350980317
uniform,15,250,150,102,103,1,0,205,5.126698480977211
uniform,15,250,150,102,103,1,0,206,5.151260852988344
uniform,15,250,150,102,103,1,0,207,5.1774846549960785
uniform,15,250,150,102,103,1,0,208,5.2042973109928425
uniform,15,250,150,102,103,1,0,209,5.231069571978878
uniform,15,250,150,102,103,1,0,210,5.2534688109881245
uniform,15,250,150,102,103,1,0,211,5.276065513986396
uniform,15,250,150,102,103,1,0,212,5.298536707996391
uniform,15,250,150,102,103,1,0,213,5.320471124985488
uniform,15,250,150,102,103,1,0,214,5.352143049996812
uniform,15,250,150,102,103,1,0,215,5.3820696719922125
uniform,15,250,150,102,103,1,0,216,5.4045268179907
uniform,15,250,150,102,103,1,0,217,5.426695682981517
uniform,15,250,150,102,103,1,0,218,5.449087281973334
uniform,15,250,150,102,103,1,0,219,5.472497923998162
uniform,15,250,150,102,103,1,0,220,5.494197975000134
uniform,15,250,150,102,103,1,0,221,5.515507142990828
uniform,15,250,150,102,103,1,0,222,5.54556807197514
uniform,15,250,150,102,103,1,0,223,5.572300796979107
uniform,15,250,150,102,103,1,0,224,5.595347815979039
uniform,15,250,150,102,103,1,0,225,5.620617610984482
uniform,15,250,150,102,103,1,0,226,5.645312973996624
uniform,15,250,150,102,103,1,0,227,5.669699862977723
uniform,15,250,150,102,103,1,0,228,5.6928887919930276
uniform,15,250,150,102,103,1,0,229,5.71665095697972
uniform,15,250,150,102,103,1,0,230,5.739965625980403
uniform,15,250,150,102,103,1,0,231,5.764234975998988
uniform,15,250,150,102,103,1,0,232,5.787257533986121
uniform,15,250,150,102,103,1,0,233,5.810473886987893
uniform,15,250,150,102,103,1,0,234,5.833652201981749
uniform,15,250,150,102,103,1,0,235,5.856033406977076
uniform,15,250,150,102,103,1,0,236,5.879036357975565
uniform,15,250,150,102,103,1,0,237,5.901130529993679
uniform,15,250,150,102,103,1,0,238,5.926478639972629
uniform,15,250,150,102,103,1,0,239,5.951671117974911
uniform,15,250,150,102,103,1,0,240,5.974159125995357
uniform,15,250,150,102,103,1,0,241,5.998377525975229
uniform,15,250,150,102,103,1,0,242,6.027318681997713
uniform,15,250,150,102,103,1,0,243,6.052471461996902
uniform,15,250,150,102,103,1,0,244,6.074470503983321
uniform,15,250,150,102,103,1,0,245,6.098955194000155
uniform,15,250,150,102,103,1,0,246,6.12062285997672
uniform,15,250,150,102,103,1,0,247,6.146005145972595
uniform,15,250,150,102,103,1,0,248,6.178651254973374
uniform,15,250,150,102,103,1,0,249,6.207764283986762
uniform,15,250,150,102,103,1,0,250,6.237403257982805
uniform,15,250,150,102,103,1,0,251,6.26245843997458
uniform,15,250,150,102,103,1,0,252,6.286737830989296
uniform,15,250,150,102,103,1,0,253,6.31825584199396
uniform,15,250,150,102,103,1,0,254,6.340596096997615
uniform,15,250,150,102,103,1,0,255,6.3624936459818855
uniform,15,250,150,102,103,1,0,256,6.384730185993249
uniform,15,250,150,102,103,1,0,257,6.408702300977893
uniform,15,250,150,102,103,1,0,258,6.433342758973595
uniform,15,250,150,102,103,1,0,259,6.45969768697978
uniform,15,250,150,102,103,1,0,260,6.482366411975818
uniform,15,250,150,102,103,1,0,261,6.503726098977495
uniform,15,250,150,102,103,1,0,262,6.5306874079979025
uniform,15,250,150,102,103,1,0,263,6.558458757994231
uniform,15,250,150,102,103,1,0,264,6.5835711949912366
uniform,15,250,150,102,103,1,0,265,6.609884413977852
uniform,15,250,150,102,103,1,0,266,6.632279552984983
uniform,15,250,150,102,103,1,0,267,6.654200870980276
uniform,15,250,150,102,103,1,0,268,6.685315331997117
uniform,15,250,150,102,103,1,0,269,6.7092532879905775
uniform,15,250,150,102,103,1,0,270,6.731349413981661
uniform,15,250,150,102,103,1,0,271,6.75923490797868
uniform,15,250,150,102,103,1,0,272,6.782284218992572
uniform,15,250,150,102,103,1,0,273,6.8040096379991155
uniform,15,250,150,102,103,1,0,274,6.825677849992644
uniform,15,250,150,102,103,1,0,275,6.847437318996526
uniform,15,250,150,102,103,1,0,276,6.8715131919889245
uniform,15,250,150,102,103,1,0,277,6.898607222974533
uniform,15,250,150,102,103,1,0,278,6.926230802986538
uniform,15,250,150,102,103,1,0,279,6.94917150499532
uniform,15,250,150,102,103,1,0,280,6.971266630978789
uniform,15,250,150,102,103,1,0,281,6.997892120998586
uniform,15,250,150,102,103,1,0,282,7.02299430797575
uniform,15,250,150,102,103,1,0,283,7.050241606979398
uniform,15,250,150,102,103,1,0,284,7.088247085979674
uniform,15,250,150,102,103,1,0,285,7.110078326979419
uniform,15,250,150,102,103,1,0,286,7.133548694982892
uniform,15,250,150,102,103,1,0,287,7.162247483996907
uniform,15,250,150,102,103,1,0,288,7.188933163997717
uniform,15,250,150,102,103,1,0,289,7.209676524973474
uniform,15,250,150,102,103,1,0,290,7.2302425259840675
uniform,15,250,150,102,103,1,0,291,7.255064985976787
uniform,15,250,150,102,103,1,0,292,7.276249410992023
uniform,15,250,150,102,103,1,0,293,7.296298957982799
uniform,15,250,150,102,103,1,0,294,7.323660395981278
uniform,15,250,150,102,103,1,0,295,7.346774352976354
uniform,15,250,150,102,103,1,0,296,7.370227630977752
uniform,15,250,150,102,103,1,0,297,7.3911321939958725
uniform,15,250,150,102,103,1,0,298,7.414231575996382
uniform,15,250,150,102,103,1,0,299,7.435710431978805
uniform,15,250,150,102,103,1,0,300,7.456846172979567
uniform,15,250,150,102,103,1,0,301,7.479723632975947
uniform,15,250,150,102,103,1,0,302,7.502921686973423
uniform,15,250,150,102,103,1,0,303,7.527328982978361
uniform,15,250,150,102,103,1,0,304,7.551100011973176
uniform,15,250,150,102,103,1,0,305,7.574321405991213
uniform,15,250,150,102,103,1,0,306,7.59648783999728
uniform,15,250,150,102,103,1,0,307,7.623930662986822
uniform,15,250,150,102,103,1,0,308,7.646968229993945
uniform,15,250,150,102,103,1,0,309,7.679110480996314
uniform,15,250,150,102,103,1,0,310,7.701255742984358
uniform,15,250,150,102,103,1,0,311,7.724425672990037
uniform,15,250,150,102,103,1,0,312,7.750513348000823
uniform,15,250,150,102,103,1,0,313,7.775095198972849
uniform,15,250,150,102,103,1,0,314,7.79651418197318
uniform,15,250,150,102,103,1,0,315,7.818602182989707
uniform,15,250,150,102,103,1,0,316,7.844170081982156
uniform,15,250,150,102,103,1,0,317,7.8704425409960095
uniform,15,250,150,102,103,1,0,318,7.894918184989365
uniform,15,250,150,102,103,1,0,319,7.9162663809838705
uniform,15,250,150,102,103,1,0,320,7.937521346990252
uniform,15,250,150,102,103,1,0,321,7.962780576985097
uniform,15,250,150,102,103,1,0,322,7.9842764339991845
uniform,15,250,150,102,103,1,0,323,8.01372598198941
uniform,15,250,150,102,103,1,0,324,8.035444949986413
uniform,15,250,150,102,103,1,0,325,8.063840499991784
uniform,15,250,150,102,103,1,0,326,8.090310649975436
uniform,15,250,150,102,103,1,0,327,8.113996574975317
uniform,15,250,150,102,103,1,0,328,8.138222654990386
uniform,15,250,150,102,103,1,0,329,8.168040394986747
uniform,15,250,150,102,103,1,0,330,8.189642003999325
uniform,15,250,150,102,103,1,0,331,8.211758419987746
uniform,15,250,150,102,103,1,0,332,8.23308040999109
uniform,15,250,150,102,103,1,0,333,8.253568902000552
uniform,15,250,150,102,103,1,0,334,8.275841738999588
uniform,15,250,150,102,103,1,0,335,8.302138677972835
uniform,15,250,150,102,103,1,0,336,8.329084400989814
uniform,15,250,150,102,103,1,0,337,8.35278628199012
uniform,15,250,150,102,103,1,0,338,8.376444071996957
uniform,15,250,150,102,103,1,0,339,8.402152807975654
uniform,15,250,150,102,103,1,0,340,8.423451406997629
uniform,15,250,150,102,103,1,0,341,8.444459148973692
uniform,15,250,150,102,103,1,0,342,8.467773340991698
uniform,15,250,150,102,103,1,0,343,8.489888880983926
uniform,15,250,150,102,103,1,0,344,8.520179437997285
uniform,15,250,150,102,103,1,0,345,8.55019105298561
uniform,15,250,150,102,103,1,0,346,8.573451848991681
uniform,15,250,150,102,103,1,0,347,8.595382325991523
uniform,15,250,150,102,103,1,0,348,8.618216569971992
uniform,15,250,150,102,103,1,0,349,8.638918282988016
uniform,15,250,150,102,103,1,0,350,8.66032846897724
uniform,15,250,150,102,103,1,0,351,8.681808711000485
uniform,15,250,150,102,103,1,0,352,8.70279557397589
uniform,15,250,150,102,103,1,0,353,8.724001305992715
uniform,15,250,150,102,103,1,0,354,8.745049985998776
uniform,15,250,150,102,103,1,0,355,8.766733223979827
uniform,15,250,150,102,103,1,0,356,8.788515218999237
uniform,15,250,150,102,103,1,0,357,8.809594004997052
uniform,15,250,150,102,103,1,0,358,8.830774710979313
uniform,15,250,150,102,103,1,0,359,8.851875066000503
uniform,15,250,150,102,103,1,0,360,8.873488173994701
uniform,15,250,150,102,103,1,0,361,8.897086436976679
uniform,15,250,150,102,103,1,0,362,8.918237178993877
uniform,15,250,150,102,103,1,0,363,8.93962491399725
uniform,15,250,150,102,103,1,0,364,8.960736219974933
uniform,15,250,150,102,103,1,0,365,8.981053099996643
uniform,15,250,150,102,103,1,0,366,9.006324549991405
uniform,15,250,150,102,103,1,0,367,9.027370543975849
uniform,15,250,150,102,103,1,0,368,9.04840755398618
uniform,15,250,150,102,103,1,0,369,9.069712511991384
uniform,15,250,150,102,103,1,0,370,9.09304454998346
uniform,15,250,150,102,103,1,0,371,9.113984471972799
uniform,15,250,150,102,103,1,0,372,9.137016096996376
uniform,15,250,150,102,103,1,0,373,9.158527875988511
uniform,15,250,150,102,103,1,0,374,9.180024710978614
uniform,15,250,150,102,103,1,0,375,9.203041437984211
uniform,15,250,150,102,103,1,0,376,9.227211144985631
uniform,15,250,150,102,103,1,0,377,9.248014240991324
uniform,15,250,150,102,103,1,0,378,9.26969699098845
uniform,15,250,150,102,103,1,0,379,9.29084124797373
uniform,15,250,150,102,103,1,0,380,9.314338655996835
uniform,15,250,150,102,103,1,0,381,9.337173305975739
uniform,15,250,150,102,103,1,0,382,9.358297262981068
uniform,15,250,150,102,103,1,0,383,9.381232050975086
uniform,15,250,150,102,103,1,0,384,9.402771416993346
uniform,15,250,150,102,103,1,0,385,9.423711711977376
uniform,15,250,150,102,103,1,0,386,9.444929491990479
uniform,15,250,150,102,103,1,0,387,9.465910869999789
uniform,15,250,150,102,103,1,0,388,9.48753341898555
uniform,15,250,150,102,103,1,0,389,9.509942428994691
uniform,15,250,150,102,103,1,0,390,9.535122982983012
uniform,15,250,150,102,103,1,0,391,9.558971380989533
uniform,15,250,150,102,103,1,0,392,9.58246183898882
uniform,15,250,150,102,103,1,0,393,9.60701440498815
uniform,15,250,150,102,103,1,0,394,9.635287936980603
uniform,15,250,150,102,103,1,0,395,9.667560656991554
uniform,15,250,150,102,103,1,0,396,9.690126656991197
uniform,15,250,150,102,103,1,0,397,9.71160833799513
uniform,15,250,150,102,103,1,0,398,9.733525224000914
uniform,15,250,150,102,103,1,0,399,9.758122828992782
uniform,15,250,150,102,103,1,0,400,9.781475589988986
uniform,15,250,150,102,103,1,0,401,9.802197913988493
uniform,15,250,150,102,103,1,0,402,9.823197750985855
uniform,15,250,150,102,103,1,0,403,9.846964054973796
uniform,15,250,150,102,103,1,0,404,9.87524751998717
uniform,15,250,150,102,103,1,0,405,9.89820216500084
uniform,15,250,150,102,103,1,0,406,9.921176841977285
uniform,15,250,150,102,103,1,0,407,9.94317260797834
uniform,15,250,150,102,103,1,0,408,9.96626423599082
uniform,15,250,150,102,103,1,0,409,9.996908727975097
uniform,15,250,150,102,103,1,0,410,10.036033347976627
uniform,15,250,150,102,103,1,0,411,10.062542283994844
uniform,15,250,150,102,103,1,0,412,10.089273842982948
uniform,15,250,150,102,103,1,0,413,10.111052559979726
uniform,15,250,150,102,103,1,0,414,10.13184852397535
uniform,15,250,150,102,103,1,0,415,10.152515798981767
uniform,15,250,150,102,103,1,0,416,10.174029450980015
uniform,15,250,150,102,103,1,0,417,10.196828489977634
uniform,15,250,150,102,103,1,0,418,10.218717576994095
uniform,15,250,150,102,103,1,0,419,10.241501044976758
uniform,15,250,150,102,103,1,0,420,10.264729585993337
uniform,15,250,150,102,103,1,0,421,10.285229533998063
uniform,15,250,150,102,103,1,0,422,10.30821794498479
uniform,15,250,150,102,103,1,0,423,10.331866478984011
uniform,15,250,150,102,103,1,0,424,10.352647292980691
uniform,15,250,150,102,103,1,0,425,10.375260435976088
uniform,15,250,150,102,103,1,0,426,10.396028691000538
uniform,15,250,150,102,103,1,0,427,10.421312616992509
uniform,15,250,150,102,103,1,0,428,10.442911986989202
uniform,15,250,150,102,103,1,0,429,10.464707023988012
uniform,15,250,150,102,103,1,0,430,10.485639003978577
uniform,15,250,150,102,103,1,0,431,10.506609874981223
uniform,15,250,150,102,103,1,0,432,10.529822007985786
uniform,15,250,150,102,103,1,0,433,10.555195231980179
uniform,15,250,150,102,103,1,0,434,10.579471425997326
uniform,15,250,150,102,103,1,0,435,10.60144456999842
uniform,15,250,150,102,103,1,0,436,10.628538560995366
uniform,15,250,150,102,103,1,0,437,10.658025121985702
uniform,15,250,150,102,103,1,0,438,10.687105844990583
uniform,15,250,150,102,103,1,0,439,10.714113070978783
uniform,15,250,150,102,103,1,0,440,10.734954362997087
uniform,15,250,150,102,103,1,0,441,10.755281808989821
uniform,15,250,150,102,103,1,0,442,10.776098905975232
uniform,15,250,150,102,103,1,0,443,10.799846783978865
uniform,15,250,150,102,103,1,0,444,10.820940749981673
uniform,15,250,150,102,103,1,0,445,10.841284648980945
uniform,15,250,150,102,103,1,0,446,10.867375278990949
uniform,15,250,150,102,103,1,0,447,10.887906507996377
uniform,15,250,150,102,103,1,0,448,10.909669795975788
uniform,15,250,150,102,103,1,0,449,10.932953395997174
uniform,15,250,150,102,103,1,0,450,10.95456843698048
uniform,15,250,150,102,103,1,0,451,10.975194291997468
uniform,15,250,150,102,103,1,0,452,10.995843903976493
uniform,15,250,150,102,103,1,0,453,11.026590525987558
uniform,15,250,150,102,103,1,0,454,11.05273986197426
uniform,15,250,150,102,103,1,0,455,11.076968951994786
uniform,15,250,150,102,103,1,0,456,11.100585383974249
uniform,15,250,150,102,103,1,0,457,11.123424108984182
uniform,15,250,150,102,103,1,0,458,11.151800914987689
uniform,15,250,150,102,103,1,0,459,11.17437904299004
uniform,15,250,150,102,103,1,0,460,11.199062364990823
uniform,15,250,150,102,103,1,0,461,11.222855338972295
uniform,15,250,150,102,103,1,0,462,11.250347940978827
uniform,15,250,150,102,103,1,0,463,11.272327471000608
uniform,15,250,150,102,103,1,0,464,11.296668191993376
uniform,15,250,150,102,103,1,0,465,11.326124553976115
uniform,15,250,150,102,103,1,0,466,11.356319286976941
uniform,15,250,150,102,103,1,0,467,11.379166098980932
uniform,15,250,150,102,103,1,0,468,11.405917512980523
uniform,15,250,150,102,103,1,0,469,11.428159396979026
uniform,15,250,150,102,103,1,0,470,11.4511473379971
uniform,15,250,150,102,103,1,0,471,11.472512267995626
uniform,15,250,150,102,103,1,0,472,11.494870910973987
uniform,15,250,150,102,103,1,0,473,11.52456325199455
uniform,15,250,150,102,103,1,0,474,11.546823905984638
uniform,15,250,150,102,103,1,0,475,11.568768948985962
uniform,15,250,150,102,103,1,0,476,11.595269493991509
uniform,15,250,150,102,103,1,0,477,11.617470925993985
uniform,15,250,150,102,103,1,0,478,11.63870254898211
uniform,15,250,150,102,103,1,0,479,11.665033845987637
uniform,15,250,150,102,103,1,0,480,11.687554425996495
uniform,15,250,150,102,103,1,0,481,11.709831575979479
uniform,15,250,150,102,103,1,0,482,11.73578177698073
uniform,15,250,150,102,103,1,0,483,11.76183970499551
uniform,15,250,150,102,103,1,0,484,11.785105299990391
uniform,15,250,150,102,103,1,0,485,11.806129530974431
uniform,15,250,150,102,103,1,0,486,11.828158417978557
uniform,15,250,150,102,103,1,0,487,11.8499551040004
uniform,15,250,150,102,103,1,0,488,11.878697711974382
uniform,15,250,150,102,103,1,0,489,11.903027379972627
uniform,15,250,150,102,103,1,0,490,11.924775267980294
uniform,15,250,150,102,103,1,0,491,11.947265506983967
uniform,15,250,150,102,103,1,0,492,11.968891056982102
uniform,15,250,150,102,103,1,0,493,11.994320876983693
uniform,15,250,150,102,103,1,0,494,12.018127440998796
uniform,15,250,150,102,103,1,0,495,12.040613080986077
uniform,15,250,150,102,103,1,0,496,12.06089136499213
uniform,15,250,150,102,103,1,0,497,12.081156431988347
uniform,15,250,150,102,103,1,0,498,12.10362572199665
uniform,15,250,150,102,103,1,0,499,12.12541800798499
uniform,15,250,150,102,103,1,0,500,12.147907050995855
uniform,15,250,150,102,103,1,0,501,12.168922003998887
uniform,15,250,150,102,103,1,0,502,12.189718035981059
uniform,15,250,150,102,103,1,0,503,12.212356935982825
uniform,15,250,150,102,103,1,0,504,12.234254737995798
uniform,15,250,150,102,103,1,0,505,12.25420350197237
uniform,15,250,150,102,103,1,0,506,12.274972153973067
uniform,15,250,150,102,103,1,0,507,12.295596047973959
uniform,15,250,150,102,103,1,0,508,12.323168194998289
uniform,15,250,150,102,103,1,0,509,12.343878257990582
uniform,15,250,150,102,103,1,0,510,12.36501701499219
uniform,15,250,150,102,103,1,0,511,12.390105967991985
uniform,15,250,150,102,103,1,0,512,12.419984019972617
uniform,15,250,150,102,103,1,0,513,12.440972032985883
uniform,15,250,150,102,103,1,0,514,12.464121295983205
uniform,15,250,150,102,103,1,0,515,12.485742310993373
uniform,15,250,150,102,103,1,0,516,12.50774598197313
uniform,15,250,150,102,103,1,0,517,12.528915239992784
uniform,15,250,150,102,103,1,0,518,12.553164576995187
uniform,15,250,150,102,103,1,0,519,12.574061802995857
uniform,15,250,150,102,103,1,0,520,12.601090711978031
uniform,15,250,150,102,103,1,0,521,12.623881724983221
uniform,15,250,150,102,103,1,0,522,12.6445420239761
uniform,15,250,150,102,103,1,0,523,12.672545397974318
uniform,15,250,150,102,103,1,0,524,12.694365917996038
uniform,15,250,150,102,103,1,0,525,12.714715703972615
uniform,15,250,150,102,103,1,0,526,12.73535790698952
uniform,15,250,150,102,103,1,0,527,12.75599496497307
uniform,15,250,150,102,103,1,0,528,12.776829727983568
uniform,15,250,150,102,103,1,0,529,12.798185705993092
uniform,15,250,150,102,103,1,0,530,12.821404191985494
uniform,15,250,150,102,103,1,0,531,12.842639226990286
uniform,15,250,150,102,103,1,0,532,12.8672874509939
uniform,15,250,150,102,103,1,0,533,12.889845414989395
uniform,15,250,150,102,103,1,0,534,12.913474082975881
uniform,15,250,150,102,103,1,0,535,12.938851210987195
uniform,15,250,150,102,103,1,0,536,12.961764214996947
uniform,15,250,150,102,103,1,0,537,12.988057559996378
uniform,15,250,150,102,103,1,0,538,13.013441374991089
uniform,15,250,150,102,103,1,0,539,13.034146631980548
uniform,15,250,150,102,103,1,0,540,13.054866184975253
uniform,15,250,150,102,103,1,0,541,13.075549565983238
uniform,15,250,150,102,103,1,0,542,13.096523527987301
uniform,15,250,150,102,103,1,0,543,13.120581424998818
uniform,15,250,150,102,103,1,0,544,13.1413351999945
uniform,15,250,150,102,103,1,0,545,13.163860549975652
uniform,15,250,150,102,103,1,0,546,13.18713075100095
uniform,15,250,150,102,103,1,0,547,13.208905104984296
uniform,15,250,150,102,103,1,0,548,13.230905303993495
uniform,15,250,150,102,103,1,0,549,13.251265835977392
uniform,15,250,150,102,103,1,0,550,13.275652756972704
uniform,15,250,150,102,103,1,0,551,13.299918279983103
uniform,15,250,150,102,103,1,0,552,13.323140522988979
uniform,15,250,150,102,103,1,0,553,13.348354592977557
uniform,15,250,150,102,103,1,0,554,13.373236221988918
uniform,15,250,150,102,103,1,0,555,13.39523878399632
uniform,15,250,150,102,103,1,0,556,13.42029087699484
uniform,15,250,150,102,103,1,0,557,13.441488435986685
uniform,15,250,150,102,103,1,0,558,13.464764047996141
uniform,15,250,150,102,103,1,0,559,13.490358921000734
uniform,15,250,150,102,103,1,0,560,13.51595178397838
uniform,15,250,150,102,103,1,0,561,13.53712087997701
uniform,15,250,150,102,103,1,0,562,13.56184643699089
uniform,15,250,150,102,103,1,0,563,13.584000891976757
uniform,15,250,150,102,103,1,0,564,13.606150482984958
uniform,15,250,150,102,103,1,0,565,13.62736565398518
uniform,15,250,150,102,103,1,0,566,13.654959019972011
uniform,15,250,150,102,103,1,0,567,13.684599820000585
uniform,15,250,150,102,103,1,0,568,13.710676951974165
uniform,15,250,150,102,103,1,0,569,13.732001716998639
uniform,15,250,150,102,103,1,0,570,13.755479008978
uniform,15,250,150,102,103,1,0,571,13.776537401980022
uniform,15,250,150,102,103,1,0,572,13.798375689977547
uniform,15,250,150,102,103,1,0,573,13.8197300809843
uniform,15,250,150,102,103,1,0,574,13.845108878973406
uniform,15,250,150,102,103,1,0,575,13.870826605998445
uniform,15,250,150,102,103,1,0,576,13.895664625975769
uniform,15,250,150,102,103,1,0,577,13.916778465994867
uniform,15,250,150,102,103,1,0,578,13.942843589989934
uniform,15,250,150,102,103,1,0,579,13.964485783973942
uniform,15,250,150,102,103,1,0,580,13.986217215977376
uniform,15,250,150,102,103,1,0,581,14.011532748991158
uniform,15,250,150,102,103,1,0,582,14.032282044994645
uniform,15,250,150,102,103,1,0,583,14.059906718990533
uniform,15,250,150,102,103,1,0,584,14.091156854992732
uniform,15,250,150,102,103,1,0,585,14.116358810977545
uniform,15,250,150,102,103,1,0,586,14.13826089198119
uniform,15,250,150,102,103,1,0,587,14.163141898985486
uniform,15,250,150,102,103,1,0,588,14.185207514994545
uniform,15,250,150,102,103,1,0,589,14.206523626984563
uniform,15,250,150,102,103,1,0,590,14.228199697972741
uniform,15,250,150,102,103,1,0,591,14.248806237999815
uniform,15,250,150,102,103,1,0,592,14.275352328986628
uniform,15,250,150,102,103,1,0,593,14.302956279978389
uniform,15,250,150,102,103,1,0,594,14.327554506977322
uniform,15,250,150,102,103,1,0,595,14.360248096985742
uniform,15,250,150,102,103,1,0,596,14.386910692992387
uniform,15,250,150,102,103,1,0,597,14.410902588977478
uniform,15,250,150,102,103,1,0,598,14.433986610994907
uniform,15,250,150,102,103,1,0,599,14.46044814697234
uniform,15,250,150,102,103,1,0,600,14.485894319979707
uniform,15,250,150,102,103,1,0,601,14.50975507198018
uniform,15,250,150,102,103,1,0,602,14.53524324198952
uniform,15,250,150,102,103,1,0,603,14.556844473991077
uniform,15,250,150,102,103,1,0,604,14.57909591999487
uniform,15,250,150,102,103,1,0,605,14.602145796990953
uniform,15,250,150,102,103,1,0,606,14.62335707899183
uniform,15,250,150,102,103,1,0,607,14.646512076986255
uniform,15,250,150,102,103,1,0,608,14.669254207983613
uniform,15,250,150,102,103,1,0,609,14.693140214978484
uniform,15,250,150,102,103,1,0,610,14.717302482982632
uniform,15,250,150,102,103,1,0,611,14.73889534297632
uniform,15,250,150,102,103,1,0,612,14.760872828977881
uniform,15,250,150,102,103,1,0,613,14.784346091997577
uniform,15,250,150,102,103,1,0,614,14.806596472975798
uniform,15,250,150,102,103,1,0,615,14.83062596298987
uniform,15,250,150,102,103,1,0,616,14.85209028297686
uniform,15,250,150,102,103,1,0,617,14.873283540975535
uniform,15,250,150,102,103,1,0,618,14.895178260980174
uniform,15,250,150,102,103,1,0,619,14.916750635980861
uniform,15,250,150,102,103,1,0,620,14.938197319977917
uniform,15,250,150,102,103,1,0,621,14.959028735989705
uniform,15,250,150,102,103,1,0,622,14.982377862994326
uniform,15,250,150,102,103,1,0,623,15.008611514000222
uniform,15,250,150,102,103,1,0,624,15.03242051199777
uniform,15,250,150,102,103,1,0,625,15.052990851982031
uniform,15,250,150,102,103,1,0,626,15.076147210987983
uniform,15,250,150,102,103,1,0,627,15.096856886986643
uniform,15,250,150,102,103,1,0,628,15.11744551997981
uniform,15,250,150,102,103,1,0,629,15.13789204697241
uniform,15,250,150,102,103,1,0,630,15.161142359982478
uniform,15,250,150,102,103,1,0,631,15.197670843976084
uniform,15,250,150,102,103,1,0,632,15.2189037539938
uniform,15,250,150,102,103,1,0,633,15.239427299995441
uniform,15,250,150,102,103,1,0,634,15.260276639979566
uniform,15,250,150,102,103,1,0,635,15.28239070699783
uniform,15,250,150,102,103,1,0,636,15.308429461991182
uniform,15,250,150,102,103,1,0,637,15.337545317976037
uniform,15,250,150,102,103,1,0,638,15.363159239990637
uniform,15,250,150,102,103,1,0,639,15.389664855989395
uniform,15,250,150,102,103,1,0,640,15.419677722995402
uniform,15,250,150,102,103,1,0,641,15.44115172198508
uniform,15,250,150,102,103,1,0,642,15.462757763976697
uniform,15,250,150,102,103,1,0,643,15.48520823699073
uniform,15,250,150,102,103,1,0,644,15.5102212469792
uniform,15,250,150,102,103,1,0,645,15.534463110991055
uniform,15,250,150,102,103,1,0,646,15.557081738981651
uniform,15,250,150,102,103,1,0,647,15.579480038984912
uniform,15,250,150,102,103,1,0,648,15.602192809979897
uniform,15,250,150,102,103,1,0,649,15.623775216983631
uniform,15,250,150,102,103,1,0,650,15.648675368982367
uniform,15,250,150,102,103,1,0,651,15.672506942995824
uniform,15,250,150,102,103,1,0,652,15.696800734993303
uniform,15,250,150,102,103,1,0,653,15.724207399995066
uniform,15,250,150,102,103,1,0,654,15.76297832999262
uniform,15,250,150,102,103,1,0,655,15.78822835398023
uniform,15,250,150,102,103,1,0,656,15.813325366994832
uniform,15,250,150,102,103,1,0,657,15.83683352798107
uniform,15,250,150,102,103,1,0,658,15.860938022000482
uniform,15,250,150,102,103,1,0,659,15.88533533399459
uniform,15,250,150,102,103,1,0,660,15.908302984986221
uniform,15,250,150,102,103,1,0,661,15.930843527981779
uniform,15,250,150,102,103,1,0,662,15.954399989976082
uniform,15,250,150,102,103,1,0,663,15.976408302987693
uniform,15,250,150,102,103,1,0,664,15.9973216909857
uniform,15,250,150,102,103,1,0,665,16.01917863197741
uniform,15,250,150,102,103,1,0,666,16.04011669999454
uniform,15,250,150,102,103,1,0,667,16.061467921972508
uniform,15,250,150,102,103,1,0,668,16.084011905972147
uniform,15,250,150,102,103,1,0,669,16.105683982983464
uniform,15,250,150,102,103,1,0,670,16.135908063995885
uniform,15,250,150,102,103,1,0,671,16.160529595974367
uniform,15,250,150,102,103,1,0,672,16.183041076990776
uniform,15,250,150,102,103,1,0,673,16.20517704397207
uniform,15,250,150,102,103,1,0,674,16.232612857973436
uniform,15,250,150,102,103,1,0,675,16.257674957974814
uniform,15,250,150,102,103,1,0,676,16.28068902398809
uniform,15,250,150,102,103,1,0,677,16.3057512199739
uniform,15,250,150,102,103,1,0,678,16.32804128798307
uniform,15,250,150,102,103,1,0,679,16.34984506398905
uniform,15,250,150,102,103,1,0,680,16.377907958987635
uniform,15,250,150,102,103,1,0,681,16.400449432985624
uniform,15,250,150,102,103,1,0,682,16.42215999198379
uniform,15,250,150,102,103,1,0,683,16.445009734976338
uniform,15,250,150,102,103,1,0,684,16.47132543497719
uniform,15,250,150,102,103,1,0,685,16.49382392098778
uniform,15,250,150,102,103,1,0,686,16.517258611973375
uniform,15,250,150,102,103,1,0,687,16.541753991972655
uniform,15,250,150,102,103,1,0,688,16.566272480995394
uniform,15,250,150,102,103,1,0,689,16.591938516998198
uniform,15,250,150,102,103,1,0,690,16.615329743974144
uniform,15,250,150,102,103,1,0,691,16.638860016973922
uniform,15,250,150,102,103,1,0,692,16.669272610975895
uniform,15,250,150,102,103,1,0,693,16.694018383976072
uniform,15,250,150,102,103,1,0,694,16.717772077972768
uniform,15,250,150,102,103,1,0,695,16.745799257972976
uniform,15,250,150,102,103,1,0,696,16.77157010199153
uniform,15,250,150,102,103,1,0,697,16.794992310984526
uniform,15,250,150,102,103,1,0,698,16.81877394998446
uniform,15,250,150,102,103,1,0,699,16.846482232998824
uniform,15,250,150,102,103,1,0,700,16.87244930199813
uniform,15,250,150,102,103,1,0,701,16.896037938975496
uniform,15,250,150,102,103,1,0,702,16.92512940999586
uniform,15,250,150,102,103,1,0,703,16.95062563099782
uniform,15,250,150,102,103,1,0,704,16.97576622798806
uniform,15,250,150,102,103,1,0,705,17.005554337985814
uniform,15,250,150,102,103,1,0,706,17.029814061999787
uniform,15,250,150,102,103,1,0,707,17.054896585992537
uniform,15,250,150,102,103,1,0,708,17.079683702992043
uniform,15,250,150,102,103,1,0,709,17.110500784998294
uniform,15,250,150,102,103,1,0,710,17.139857364993077
uniform,15,250,150,102,103,1,0,711,17.17066638797405
uniform,15,250,150,102,103,1,0,712,17.195545978000155
uniform,15,250,150,102,103,1,0,713,17.21961700898828
uniform,15,250,150,102,103,1,0,714,17.24405342398677
uniform,15,250,150,102,103,1,0,715,17.273608946998138
uniform,15,250,150,102,103,1,0,716,17.299629609973636
uniform,15,250,150,102,103,1,0,717,17.324128839973127
uniform,15,250,150,102,103,1,0,718,17.35110880198772
uniform,15,250,150,102,103,1,0,719,17.376626831974136
uniform,15,250,150,102,103,1,0,720,17.404900637979154
uniform,15,250,150,102,103,1,0,721,17.42934141898877
uniform,15,250,150,102,103,1,0,722,17.459160551981768
uniform,15,250,150,102,103,1,0,723,17.48447287097224
uniform,15,250,150,102,103,1,0,724,17.50689433797379
uniform,15,250,150,102,103,1,0,725,17.531373662000988
uniform,15,250,150,102,103,1,0,726,17.554127538984176
uniform,15,250,150,102,103,1,0,727,17.579155835992424
uniform,15,250,150,102,103,1,0,728,17.605291777988896
uniform,15,250,150,102,103,1,0,729,17.631423187995097
uniform,15,250,150,102,103,1,0,730,17.65314715099521
uniform,15,250,150,102,103,1,0,731,17.675483673985582
uniform,15,250,150,102,103,1,0,732,17.69741219197749
uniform,15,250,150,102,103,1,0,733,17.722169549000682
uniform,15,250,150,102,103,1,0,734,17.750397184980102
uniform,15,250,150,102,103,1,0,735,17.773049231996993
uniform,15,250,150,102,103,1,0,736,17.795168058975833
uniform,15,250,150,102,103,1,0,737,17.821249386994168
uniform,15,250,150,102,103,1,0,738,17.843223698990187
uniform,15,250,150,102,103,1,0,739,17.864977078977972
uniform,15,250,150,102,103,1,0,740,17.89046633298858
uniform,15,250,150,102,103,1,0,741,17.914396679989295
uniform,15,250,150,102,103,1,0,742,17.937557784985984
uniform,15,250,150,102,103,1,0,743,17.96070179398521
uniform,15,250,150,102,103,1,0,744,17.98394951998489
uniform,15,250,150,102,103,1,0,745,18.006094219977967
uniform,15,250,150,102,103,1,0,746,18.026843968982575
uniform,15,250,150,102,103,1,0,747,18.05485246697208
uniform,15,250,150,102,103,1,0,748,18.078475657996023
uniform,15,250,150,102,103,1,0,749,18.101545162993716
uniform,15,250,150,102,103,1,0,750,18.124651796999387
uniform,15,250,150,102,103,1,0,751,18.149932378000813
uniform,15,250,150,102,103,1,0,752,18.17621637697448
uniform,15,250,150,102,103,1,0,753,18.196586000995012
uniform,15,250,150,102,103,1,0,754,18.217210410977714
uniform,15,250,150,102,103,1,0,755,18.240106283978093
uniform,15,250,150,102,103,1,0,756,18.268377939995844
uniform,15,250,150,102,103,1,0,757,18.29675141198095
uniform,15,250,150,102,103,1,0,758,18.3183747449948
uniform,15,250,150,102,103,1,0,759,18.358011724980315
uniform,15,250,150,102,103,1,0,760,18.39511246897746
uniform,15,250,150,102,103,1,0,761,18.42183765399386
uniform,15,250,150,102,103,1,0,762,18.444524991995422
uniform,15,250,150,102,103,1,0,763,18.468724748992827
uniform,15,250,150,102,103,1,0,764,18.492276347998995
uniform,15,250,150,102,103,1,0,765,18.52168847597204
uniform,15,250,150,102,103,1,0,766,18.547995884000557
uniform,15,250,150,102,103,1,0,767,18.57234554598108
uniform,15,250,150,102,103,1,0,768,18.601121200976195
uniform,15,250,150,102,103,1,0,769,18.628868417988997
uniform,15,250,150,102,103,1,0,770,18.651984181982698
uniform,15,250,150,102,103,1,0,771,18.67929770098999
uniform,15,250,150,102,103,1,0,772,18.701241841976298
uniform,15,250,150,102,103,1,0,773,18.729402269993443
uniform,15,250,150,102,103,1,0,774,18.75840240798425
uniform,15,250,150,102,103,1,0,775,18.78319519298384
uniform,15,250,150,102,103,1,0,776,18.807899396982975
uniform,15,250,150,102,103,1,0,777,18.83493202200043
uniform,15,250,150,102,103,1,0,778,18.857623398973374
uniform,15,250,150,102,103,1,0,779,18.891262861987343
uniform,15,250,150,102,103,1,0,780,18.916244144988013
uniform,15,250,150,102,103,1,0,781,18.938775227987207
uniform,15,250,150,102,103,1,0,782,18.963673992984695
uniform,15,250,150,102,103,1,0,783,18.988214576995233
uniform,15,250,150,102,103,1,0,784,19.010693794989493
uniform,15,250,150,102,103,1,0,785,19.034948540996993
uniform,15,250,150,102,103,1,0,786,19.057543541974155
uniform,15,250,150,102,103,1,0,787,19.084716095996555
uniform,15,250,150,102,103,1,0,788,19.10833310597809
uniform,15,250,150,102,103,1,0,789,19.132239659986226
uniform,15,250,150,102,103,1,0,790,19.158973582991166
uniform,15,250,150,102,103,1,0,791,19.18322120598168
uniform,15,250,150,102,103,1,0,792,19.20650656998623
uniform,15,250,150,102,103,1,0,793,19.22808255397831
uniform,15,250,150,102,103,1,0,794,19.25261681198026
uniform,15,250,150,102,103,1,0,795,19.27465828199638
uniform,15,250,150,102,103,1,0,796,19.296538323978893
uniform,15,250,150,102,103,1,0,797,19.32346097199479
uniform,15,250,150,102,103,1,0,798,19.351339657994686
uniform,15,250,150,102,103,1,0,799,19.372367090982152
uniform,15,250,150,102,103,1,0,800,19.402305161987897
uniform,15,250,150,102,103,1,0,801,19.422706143988762
uniform,15,250,150,102,103,1,0,802,19.443473620980512
uniform,15,250,150,102,103,1,0,803,19.464234401995782
uniform,15,250,150,102,103,1,0,804,19.48495764299878
uniform,15,250,150,102,103,1,0,805,19.505259238998406
uniform,15,250,150,102,103,1,0,806,19.528320318990154
uniform,15,250,150,102,103,1,0,807,19.550208371976623
uniform,15,250,150,102,103,1,0,808,19.570977694995236
uniform,15,250,150,102,103,1,0,809,19.591686631989432
uniform,15,250,150,102,103,1,0,810,19.617511242977343
uniform,15,250,150,102,103,1,0,811,19.638345202984056
uniform,15,250,150,102,103,1,0,812,19.674038648983696
uniform,15,250,150,102,103,1,0,813,19.700721643981524
uniform,15,250,150,102,103,1,0,814,19.726785245991778
uniform,15,250,150,102,103,1,0,815,19.75006474700058
uniform,15,250,150,102,103,1,0,816,19.772322104981868
uniform,15,250,150,102,103,1,0,817,19.794851063983515
uniform,15,250,150,102,103,1,0,818,19.819269356987206
uniform,15,250,150,102,103,1,0,819,19.84155049698893
uniform,15,250,150,102,103,1,0,820,19.864335192978615
uniform,15,250,150,102,103,1,0,821,19.892130187974544
uniform,15,250,150,102,103,1,0,822,19.91760639997665
uniform,15,250,150,102,103,1,0,823,19.940679754974553
uniform,15,250,150,102,103,1,0,824,19.96752829098841
uniform,15,250,150,102,103,1,0,825,19.988922600983642
uniform,15,250,150,102,103,1,0,826,20.009768583986443
uniform,15,250,150,102,103,1,0,827,20.040923723980086
uniform,15,250,150,102,103,1,0,828,20.062827227986418
uniform,15,250,150,102,103,1,0,829,20.08670181897469
uniform,15,250,150,102,103,1,0,830,20.10648609197233
uniform,15,250,150,102,103,1,0,831,20.130440283974167
uniform,15,250,150,102,103,1,0,832,20.151887624000665
uniform,15,250,150,102,103,1,0,833,20.18097270297585
uniform,15,250,150,102,103,1,0,834,20.202516876976006
uniform,15,250,150,102,103,1,0,835,20.223945514997467
uniform,15,250,150,102,103,1,0,836,20.249778281984618
uniform,15,250,150,102,103,1,0,837,20.270656470995164
uniform,15,250,150,102,103,1,0,838,20.29578068398405
uniform,15,250,150,102,103,1,0,839,20.31888211297337
uniform,15,250,150,102,103,1,0,840,20.344252442999277
uniform,15,250,150,102,103,1,0,841,20.36608681298094
uniform,15,250,150,102,103,1,0,842,20.39110415597679
uniform,15,250,150,102,103,1,0,843,20.41341799797374
uniform,15,250,150,102,103,1,0,844,20.437476090999553
uniform,15,250,150,102,103,1,0,845,20.461080681998283
uniform,15,250,150,102,103,1,0,846,20.48614845398697
uniform,15,250,150,102,103,1,0,847,20.50959032497485
uniform,15,250,150,102,103,1,0,848,20.53469848097302
uniform,15,250,150,102,103,1,0,849,20.558517887984635
uniform,15,250,150,102,103,1,0,850,20.583228962990688
uniform,15,250,150,102,103,1,0,851,20.60628405297757
uniform,15,250,150,102,103,1,0,852,20.633752421999816
uniform,15,250,150,102,103,1,0,853,20.654798245988786
uniform,15,250,150,102,103,1,0,854,20.676698487979593
uniform,15,250,150,102,103,1,0,855,20.703968748974148
uniform,15,250,150,102,103,1,0,856,20.72956270497525
uniform,15,250,150,102,103,1,0,857,20.75249804899795
uniform,15,250,150,102,103,1,0,858,20.77575755599537
uniform,15,250,150,102,103,1,0,859,20.797895361989504
uniform,15,250,150,102,103,1,0,860,20.819189413974527
uniform,15,250,150,102,103,1,0,861,20.84763243899215
uniform,15,250,150,102,103,1,0,862,20.87134437999339
uniform,15,250,150,102,103,1,0,863,20.893174418975832
uniform,15,250,150,102,103,1,0,864,20.917800900992006
uniform,15,250,150,102,103,1,0,865,20.94050009397324
uniform,15,250,150,102,103,1,0,866,20.97363105698605
uniform,15,250,150,102,103,1,0,867,20.99689617299009
uniform,15,250,150,102,103,1,0,868,21.019795618980424
uniform,15,250,150,102,103,1,0,869,21.040554695995525
uniform,15,250,150,102,103,1,0,870,21.065288260986563
uniform,15,250,150,102,103,1,0,871,21.08590798699879
uniform,15,250,150,102,103,1,0,872,21.10721690999344
uniform,15,250,150,102,103,1,0,873,21.12945672997739
uniform,15,250,150,102,103,1,0,874,21.15079761299421
uniform,15,250,150,102,103,1,0,875,21.17929576599272
uniform,15,250,150,102,103,1,0,876,21.200476065976545
uniform,15,250,150,102,103,1,0,877,21.223106637975434
uniform,15,250,150,102,103,1,0,878,21.244307889981428
uniform,15,250,150,102,103,1,0,879,21.265946586994687
uniform,15,250,150,102,103,1,0,880,21.28822040997329
uniform,15,250,150,102,103,1,0,881,21.3091537229775
uniform,15,250,150,102,103,1,0,882,21.33074262799346
uniform,15,250,150,102,103,1,0,883,21.352844371984247
uniform,15,250,150,102,103,1,0,884,21.377026039990596
uniform,15,250,150,102,103,1,0,885,21.40821206898545
uniform,15,250,150,102,103,1,0,886,21.43144195099012
uniform,15,250,150,102,103,1,0,887,21.453093445976265
uniform,15,250,150,102,103,1,0,888,21.474419983976986
uniform,15,250,150,102,103,1,0,889,21.496858041995438
uniform,15,250,150,102,103,1,0,890,21.522099533991423
uniform,15,250,150,102,103,1,0,891,21.549575261975406
uniform,15,250,150,102,103,1,0,892,21.571020813978976
uniform,15,250,150,102,103,1,0,893,21.597400574974017
uniform,15,250,150,102,103,1,0,894,21.62109357098234
uniform,15,250,150,102,103,1,0,895,21.644728064973606
uniform,15,250,150,102,103,1,0,896,21.666686542972457
uniform,15,250,150,102,103,1,0,897,21.687961057992652
uniform,15,250,150,102,103,1,0,898,21.71810601998004
uniform,15,250,150,102,103,1,0,899,21.742109308979707
uniform,15,250,150,102,103,1,0,900,21.763576742989244
uniform,15,250,150,102,103,1,0,901,21.78462836597464
uniform,15,250,150,102,103,1,0,902,21.808640087983804
uniform,15,250,150,102,103,1,0,903,21.83462075999705
uniform,15,250,150,102,103,1,0,904,21.86403197297477
uniform,15,250,150,102,103,1,0,905,21.88821808298235
uniform,15,250,150,102,103,1,0,906,21.91713957398315
uniform,15,250,150,102,103,1,0,907,21.94246520899469
uniform,15,250,150,102,103,1,0,908,21.96369483298622
uniform,15,250,150,102,103,1,0,909,21.984756064979592
uniform,15,250,150,102,103,1,0,910,22.01189971299027
uniform,15,250,150,102,103,1,0,911,22.036063330975594
uniform,15,250,150,102,103,1,0,912,22.059552923979936
uniform,15,250,150,102,103,1,0,913,22.08326253897394
uniform,15,250,150,102,103,1,0,914,22.104503902985016
uniform,15,250,150,102,103,1,0,915,22.127317332982784
uniform,15,250,150,102,103,1,0,916,22.148499778995756
uniform,15,250,150,102,103,1,0,917,22.17404619997251
uniform,15,250,150,102,103,1,0,918,22.200221273989882
uniform,15,250,150,102,103,1,0,919,22.224483280995628
uniform,15,250,150,102,103,1,0,920,22.2457126279769
uniform,15,250,150,102,103,1,0,921,22.266414706973592
uniform,15,250,150,102,103,1,0,922,22.287629492988344
uniform,15,250,150,102,103,1,0,923,22.31345002099988
uniform,15,250,150,102,103,1,0,924,22.339377490978222
uniform,15,250,150,102,103,1,0,925,22.36657580899191
uniform,15,250,150,102,103,1,0,926,22.39260850797291
uniform,15,250,150,102,103,1,0,927,22.41538760898402
uniform,15,250,150,102,103,1,0,928,22.437519779981812
uniform,15,250,150,102,103,1,0,929,22.460191451973515
uniform,15,250,150,102,103,1,0,930,22.483556551975198
uniform,15,250,150,102,103,1,0,931,22.509270652983105
uniform,15,250,150,102,103,1,0,932,22.533042962983018
uniform,15,250,150,102,103,1,0,933,22.554249852983048
uniform,15,250,150,102,103,1,0,934,22.585434377979254
uniform,15,250,150,102,103,1,0,935,22.60683889198117
uniform,15,250,150,102,103,1,0,936,22.62856029899558
uniform,15,250,150,102,103,1,0,937,22.654309621982975
uniform,15,250,150,102,103,1,0,938,22.68324390699854
uniform,15,250,150,102,103,1,0,939,22.70708197299973
uniform,15,250,150,102,103,1,0,940,22.7289288789907
uniform,15,250,150,102,103,1,0,941,22.751377866981784
uniform,15,250,150,102,103,1,0,942,22.773423290986102
uniform,15,250,150,102,103,1,0,943,22.799038301978726
uniform,15,250,150,102,103,1,0,944,22.826606699993135
uniform,15,250,150,102,103,1,0,945,22.847201332973782
uniform,15,250,150,102,103,1,0,946,22.868865826982073
uniform,15,250,150,102,103,1,0,947,22.893484130996512
uniform,15,250,150,102,103,1,0,948,22.918585889972746
uniform,15,250,150,102,103,1,0,949,22.94647118699504
uniform,15,250,150,102,103,1,0,950,22.97069404699141
uniform,15,250,150,102,103,1,0,951,22.993044510978507
uniform,15,250,150,102,103,1,0,952,23.015661353972973
uniform,15,250,150,102,103,1,0,953,23.03733508498408
uniform,15,250,150,102,103,1,0,954,23.059972070972435
uniform,15,250,150,102,103,1,0,955,23.084428373986157
uniform,15,250,150,102,103,1,0,956,23.105158775986638
uniform,15,250,150,102,103,1,0,957,23.12610833699
uniform,15,250,150,102,103,1,0,958,23.1470221769996
uniform,15,250,150,102,103,1,0,959,23.173379146988736
uniform,15,250,150,102,103,1,0,960,23.19608007799252
uniform,15,250,150,102,103,1,0,961,23.21861444998649
uniform,15,250,150,102,103,1,0,962,23.239409427973442
uniform,15,250,150,102,103,1,0,963,23.260106868983712
uniform,15,250,150,102,103,1,0,964,23.28232181299245
uniform,15,250,150,102,103,1,0,965,23.304187959991395
uniform,15,250,150,102,103,1,0,966,23.327252757997485
uniform,15,250,150,102,103,1,0,967,23.349341193999862
uniform,15,250,150,102,103,1,0,968,23.370182702987222
uniform,15,250,150,102,103,1,0,969,23.390459399000974
uniform,15,250,150,102,103,1,0,970,23.41115721699316
uniform,15,250,150,102,103,1,0,971,23.4447429899883
uniform,15,250,150,102,103,1,0,972,23.467755872989073
uniform,15,250,150,102,103,1,0,973,23.490611963992706
uniform,15,250,150,102,103,1,0,974,23.51438531797612
uniform,15,250,150,102,103,1,0,975,23.536261229979573
uniform,15,250,150,102,103,1,0,976,23.560967434983468
uniform,15,250,150,102,103,1,0,977,23.58339615998557
uniform,15,250,150,102,103,1,0,978,23.60529028798919
uniform,15,250,150,102,103,1,0,979,23.631283080991125
uniform,15,250,150,102,103,1,0,980,23.652718277997337
uniform,15,250,150,102,103,1,0,981,23.674721599993063
uniform,15,250,150,102,103,1,0,982,23.70272256300086
uniform,15,250,150,102,103,1,0,983,23.727660495991586
uniform,15,250,150,102,103,1,0,984,23.753031076979823
uniform,15,250,150,102,103,1,0,985,23.79185317197698
uniform,15,250,150,102,103,1,0,986,23.82354261598084
uniform,15,250,150,102,103,1,0,987,23.86444552798639
uniform,15,250,150,102,103,1,0,988,23.899652589985635
uniform,15,250,150,102,103,1,0,989,23.930782816983992
uniform,15,250,150,102,103,1,0,990,23.961779604986077
uniform,15,250,150,102,103,1,0,991,23.99710913497256
uniform,15,250,150,102,103,1,0,992,24.0290326049726
uniform,15,250,150,102,103,1,0,993,24.050524747988675
uniform,15,250,150,102,103,1,0,994,24.07354833499994
uniform,15,250,150,102,103,1,0,995,24.099991678987863
uniform,15,250,150,102,103,1,0,996,24.124581309995847
uniform,15,250,150,102,103,1,0,997,24.14855472499039
uniform,15,250,150,102,103,1,0,998,24.17744266198133
uniform,15,250,150,102,103,1,0,999,24.20248423999874
uniform,15,250,150,102,103,1,0,1000,24.228823494981043
uniform,15,250,150,102,103,1,0,1001,24.250843057991005
uniform,15,250,150,102,103,1,0,1002,24.273707830987405
uniform,15,250,150,102,103,1,0,1003,24.29555516198161
uniform,15,250,150,102,103,1,0,1004,24.322274688980542
uniform,15,250,150,102,103,1,0,1005,24.34494897397235
uniform,15,250,150,102,103,1,0,1006,24.373395333997905
uniform,15,250,150,102,103,1,0,1007,24.39642098499462
uniform,15,250,150,102,103,1,0,1008,24.41938642997411
uniform,15,250,150,102,103,1,0,1009,24.445806896983413
uniform,15,250,150,102,103,1,0,1010,24.47254839897505
uniform,15,250,150,102,103,1,0,1011,24.5001111140009
uniform,15,250,150,102,103,1,0,1012,24.522462320979685
uniform,15,250,150,102,103,1,0,1013,24.543953110987786
uniform,15,250,150,102,103,1,0,1014,24.5672460939968
uniform,15,250,150,102,103,1,0,1015,24.59043510298943
uniform,15,250,150,102,103,1,0,1016,24.61526275097276
uniform,15,250,150,102,103,1,0,1017,24.640495625993935
uniform,15,250,150,102,103,1,0,1018,24.66610166997998
uniform,15,250,150,102,103,1,0,1019,24.689359598996816
uniform,15,250,150,102,103,1,0,1020,24.718401355989045
uniform,15,250,150,102,103,1,0,1021,24.746371982997516
uniform,15,250,150,102,103,1,0,1022,24.7713028449798
uniform,15,250,150,102,103,1,0,1023,24.794266474986216
uniform,15,250,150,102,103,1,0,1024,24.818870092974976
uniform,15,250,150,102,103,1,0,1025,24.844666091987165
uniform,15,250,150,102,103,1,0,1026,24.86763513198821
uniform,15,250,150,102,103,1,0,1027,24.89451098299469
uniform,15,250,150,102,103,1,0,1028,24.91717447899282
uniform,15,250,150,102,103,1,0,1029,24.94243796597584
uniform,15,250,150,102,103,1,0,1030,24.965054767992115
uniform,15,250,150,102,103,1,0,1031,24.989099658996565
uniform,15,250,150,102,103,1,0,1032,25.01882356099668
uniform,15,250,150,102,103,1,0,1033,25.043418399000075
uniform,15,250,150,102,103,1,0,1034,25.06536449198029
uniform,15,250,150,102,103,1,0,1035,25.087600275990553
uniform,15,250,150,102,103,1,0,1036,25.10978396999417
uniform,15,250,150,102,103,1,0,1037,25.133737295982428
uniform,15,250,150,102,103,1,0,1038,25.1584717349906
uniform,15,250,150,102,103,1,0,1039,25.180528278986458
uniform,15,250,150,102,103,1,0,1040,25.20541456399951
uniform,15,250,150,102,103,1,0,1041,25.231478834990412
uniform,15,250,150,102,103,1,0,1042,25.256422295991797
uniform,15,250,150,102,103,1,0,1043,25.28094119997695
uniform,15,250,150,102,103,1,0,1044,25.305198766989633
uniform,15,250,150,102,103,1,0,1045,25.326933092990657
uniform,15,250,150,102,103,1,0,1046,25.34896607097471
uniform,15,250,150,102,103,1,0,1047,25.372158909973223
uniform,15,250,150,102,103,1,0,1048,25.394174314977136
uniform,15,250,150,102,103,1,0,1049,25.420193313999334
uniform,15,250,150,102,103,1,0,1050,25.442568336991826
uniform,15,250,150,102,103,1,0,1051,25.469155923987273
uniform,15,250,150,102,103,1,0,1052,25.491357498976868
uniform,15,250,150,102,103,1,0,1053,25.51496554899495
uniform,15,250,150,102,103,1,0,1054,25.537822788988706
uniform,15,250,150,102,103,1,0,1055,25.561466375977034
uniform,15,250,150,102,103,1,0,1056,25.58395074098371
uniform,15,250,150,102,103,1,0,1057,25.605233938986203
uniform,15,250,150,102,103,1,0,1058,25.62740927399136
uniform,15,250,150,102,103,1,0,1059,25.65100977299153
uniform,15,250,150,102,103,1,0,1060,25.67809911299264
uniform,15,250,150,102,103,1,0,1061,25.70006343399291
uniform,15,250,150,102,103,1,0,1062,25.721528704976663
uniform,15,250,150,102,103,1,0,1063,25.742815975972917
uniform,15,250,150,102,103,1,0,1064,25.76395219998085
uniform,15,250,150,102,103,1,0,1065,25.78493019499001
uniform,15,250,150,102,103,1,0,1066,25.806609355000546
uniform,15,250,150,102,103,1,0,1067,25.839627354987897
uniform,15,250,150,102,103,1,0,1068,25.86139867498423
uniform,15,250,150,102,103,1,0,1069,25.8848102609918
uniform,15,250,150,102,103,1,0,1070,25.90712616898236
uniform,15,250,150,102,103,1,0,1071,25.928474408981856
uniform,15,250,150,102,103,1,0,1072,25.952455982973333
uniform,15,250,150,102,103,1,0,1073,25.977702547999797
uniform,15,250,150,102,103,1,0,1074,25.99929852297646
uniform,15,250,150,102,103,1,0,1075,26.02364247699734
uniform,15,250,150,102,103,1,0,1076,26.049971389991697
uniform,15,250,150,102,103,1,0,1077,26.080752006993862
uniform,15,250,150,102,103,1,0,1078,26.103228114981903
uniform,15,250,150,102,103,1,0,1079,26.126953377999598
uniform,15,250,150,102,103,1,0,1080,26.149368102982407
uniform,15,250,150,102,103,1,0,1081,26.170771148987114
uniform,15,250,150,102,103,1,0,1082,26.19337352999719
uniform,15,250,150,102,103,1,0,1083,26.214451705978718
uniform,15,250,150,102,103,1,0,1084,26.235644982982194
uniform,15,250,150,102,103,1,0,1085,26.257766502996674
uniform,15,250,150,102,103,1,0,1086,26.28251349600032
uniform,15,250,150,102,103,1,0,1087,26.306986605981365
uniform,15,250,150,102,103,1,0,1088,26.329629058978753
uniform,15,250,150,102,103,1,0,1089,26.350363924982958
uniform,15,250,150,102,103,1,0,1090,26.37764148597489
uniform,15,250,150,102,103,1,0,1091,26.407789646997117
uniform,15,250,150,102,103,1,0,1092,26.435179050982697
uniform,15,250,150,102,103,1,0,1093,26.458281343977433
uniform,15,250,150,102,103,1,0,1094,26.48161325097317
uniform,15,250,150,102,103,1,0,1095,26.502722981997067
uniform,15,250,150,102,103,1,0,1096,26.524185242975364
uniform,15,250,150,102,103,1,0,1097,26.551931659982074
uniform,15,250,150,102,103,1,0,1098,26.57411354998476
uniform,15,250,150,102,103,1,0,1099,26.60465156598366
uniform,15,250,150,102,103,1,0,1100,26.630402232985944
uniform,15,250,150,102,103,1,0,1101,26.65839437500108
uniform,15,250,150,102,103,1,0,1102,26.687817521975376
uniform,15,250,150,102,103,1,0,1103,26.709587542980444
uniform,15,250,150,102,103,1,0,1104,26.734891187981702
uniform,15,250,150,102,103,1,0,1105,26.762802478973754
uniform,15,250,150,102,103,1,0,1106,26.785661140980665
uniform,15,250,150,102,103,1,0,1107,26.806599764997372
uniform,15,250,150,102,103,1,0,1108,26.827733710000757
uniform,15,250,150,102,103,1,0,1109,26.851469226996414
uniform,15,250,150,102,103,1,0,1110,26.8766776729899
uniform,15,250,150,102,103,1,0,1111,26.89785995899001
uniform,15,250,150,102,103,1,0,1112,26.922114124987274
uniform,15,250,150,102,103,1,0,1113,26.946944335999433
uniform,15,250,150,102,103,1,0,1114,26.969256012991536
uniform,15,250,150,102,103,1,0,1115,26.99017433699919
uniform,15,250,150,102,103,1,0,1116,27.012973697972484
uniform,15,250,150,102,103,1,0,1117,27.03615659798379
uniform,15,250,150,102,103,1,0,1118,27.061256718996447
uniform,15,250,150,102,103,1,0,1119,27.084412289987085
uniform,15,250,150,102,103,1,0,1120,27.108283637993736
uniform,15,250,150,102,103,1,0,1121,27.128594018984586
uniform,15,250,150,102,103,1,0,1122,27.149348505976377
uniform,15,250,150,102,103,1,0,1123,27.176154721993953
uniform,15,250,150,102,103,1,0,1124,27.197216411994305
uniform,15,250,150,102,103,1,0,1125,27.217894171975786
uniform,15,250,150,102,103,1,0,1126,27.23859434397309
uniform,15,250,150,102,103,1,0,1127,27.26140188498539
uniform,15,250,150,102,103,1,0,1128,27.283162993990118
uniform,15,250,150,102,103,1,0,1129,27.305159851995995
uniform,15,250,150,102,103,1,0,1130,27.330512707994785
uniform,15,250,150,102,103,1,0,1131,27.351926213974366
uniform,15,250,150,102,103,1,0,1132,27.373658262979006
uniform,15,250,150,102,103,1,0,1133,27.396311778982636
uniform,15,250,150,102,103,1,0,1134,27.424979168979917
uniform,15,250,150,102,103,1,0,1135,27.448999736981932
uniform,15,250,150,102,103,1,0,1136,27.470391276990995
uniform,15,250,150,102,103,1,0,1137,27.495302811992588
uniform,15,250,150,102,103,1,0,1138,27.51851257699309
uniform,15,250,150,102,103,1,0,1139,27.54810515997815
uniform,15,250,150,102,103,1,0,1140,27.572085079998942
uniform,15,250,150,102,103,1,0,1141,27.594280038989382
uniform,15,250,150,102,103,1,0,1142,27.616475786984665
uniform,15,250,150,102,103,1,0,1143,27.64202362098149
uniform,15,250,150,102,103,1,0,1144,27.667860101995757
uniform,15,250,150,102,103,1,0,1145,27.688412180985324
uniform,15,250,150,102,103,1,0,1146,27.71254141899408
uniform,15,250,150,102,103,1,0,1147,27.733657702978235
uniform,15,250,150,102,103,1,0,1148,27.754446590988664
uniform,15,250,150,102,103,1,0,1149,27.775025717972312
uniform,15,250,150,102,103,1,0,1150,27.800408671988407
uniform,15,250,150,102,103,1,0,1151,27.830841001996305
uniform,15,250,150,102,103,1,0,1152,27.85574326699134
uniform,15,250,150,102,103,1,0,1153,27.877363200997934
uniform,15,250,150,102,103,1,0,1154,27.901261671999237
uniform,15,250,150,102,103,1,0,1155,27.926073662994895
uniform,15,250,150,102,103,1,0,1156,27.949998678988777
uniform,15,250,150,102,103,1,0,1157,27.972718545992393
uniform,15,250,150,102,103,1,0,1158,27.995731161994627
uniform,15,250,150,102,103,1,0,1159,28.018986807001056
uniform,15,250,150,102,103,1,0,1160,28.043411005986854
uniform,15,250,150,102,103,1,0,1161,28.06448522899882
uniform,15,250,150,102,103,1,0,1162,28.086513593996642
uniform,15,250,150,102,103,1,0,1163,28.109872614993947
uniform,15,250,150,102,103,1,0,1164,28.137510949978605
uniform,15,250,150,102,103,1,0,1165,28.16421414198703
uniform,15,250,150,102,103,1,0,1166,28.186602397996467
uniform,15,250,150,102,103,1,0,1167,28.21514921099879
uniform,15,250,150,102,103,1,0,1168,28.240811809984734
uniform,15,250,150,102,103,1,0,1169,28.265088405983988
uniform,15,250,150,102,103,1,0,1170,28.295916158996988
uniform,15,250,150,102,103,1,0,1171,28.324371263996
uniform,15,250,150,102,103,1,0,1172,28.350917293981183
uniform,15,250,150,102,103,1,0,1173,28.380770407995442
uniform,15,250,150,102,103,1,0,1174,28.402849502977915
uniform,15,250,150,102,103,1,0,1175,28.425898978981422
uniform,15,250,150,102,103,1,0,1176,28.45476147197769
uniform,15,250,150,102,103,1,0,1177,28.484145035996335
uniform,15,250,150,102,103,1,0,1178,28.505601476994343
uniform,15,250,150,102,103,1,0,1179,28.53201355197234
uniform,15,250,150,102,103,1,0,1180,28.553397817973746
uniform,15,250,150,102,103,1,0,1181,28.576807496981928
uniform,15,250,150,102,103,1,0,1182,28.5996924819774
uniform,15,250,150,102,103,1,0,1183,28.625197091983864
uniform,15,250,150,102,103,1,0,1184,28.655069858999923
uniform,15,250,150,102,103,1,0,1185,28.68820920799044
uniform,15,250,150,102,103,1,0,1186,28.710461840993958
uniform,15,250,150,102,103,1,0,1187,28.73831163297291
uniform,15,250,150,102,103,1,0,1188,28.761408073973143
uniform,15,250,150,102,103,1,0,1189,28.790879794978537
uniform,15,250,150,102,103,1,0,1190,28.815750000998378
uniform,15,250,150,102,103,1,0,1191,28.84347776399227
uniform,15,250,150,102,103,1,0,1192,28.8654888929741
uniform,15,250,150,102,103,1,0,1193,28.891836324997712
uniform,15,250,150,102,103,1,0,1194,28.913745691999793
uniform,15,250,150,102,103,1,0,1195,28.940135861979797
uniform,15,250,150,102,103,1,0,1196,28.96584990998963
uniform,15,250,150,102,103,1,0,1197,28.99320815198007
uniform,15,250,150,102,103,1,0,1198,29.016891080973437
uniform,15,250,150,102,103,1,0,1199,29.044142114988063
uniform,15,250,150,102,103,1,0,1200,29.068834796984447
uniform,15,250,150,102,103,1,0,1201,29.095071753981756
uniform,15,250,150,102,103,1,0,1202,29.128516847995343
uniform,15,250,150,102,103,1,0,1203,29.150483638979495
uniform,15,250,150,102,103,1,0,1204,29.17589394398965
uniform,15,250,150,102,103,1,0,1205,29.200047094986076
uniform,15,250,150,102,103,1,0,1206,29.223738523985958
uniform,15,250,150,102,103,1,0,1207,29.246674924972467
uniform,15,250,150,102,103,1,0,1208,29.27078408599482
uniform,15,250,150,102,103,1,0,1209,29.297509187977994
uniform,15,250,150,102,103,1,0,1210,29.32115370797692
uniform,15,250,150,102,103,1,0,1211,29.346295253984863
uniform,15,250,150,102,103,1,0,1212,29.367792961973464
uniform,15,250,150,102,103,1,0,1213,29.389556276990334
uniform,15,250,150,102,103,1,0,1214,29.413650913978927
uniform,15,250,150,102,103,1,0,1215,29.43889257198316
uniform,15,250,150,102,103,1,0,1216,29.46239119497477
uniform,15,250,150,102,103,1,0,1217,29.48417021697969
uniform,15,250,150,102,103,1,0,1218,29.504884299996775
uniform,15,250,150,102,103,1,0,1219,29.532149311999092
uniform,15,250,150,102,103,1,0,1220,29.571878034999827
uniform,15,250,150,102,103,1,0,1221,29.647669986996334
uniform,15,250,150,102,103,1,0,1222,29.693931016983697
uniform,15,250,150,102,103,1,0,1223,29.720688342989888
uniform,15,250,150,102,103,1,0,1224,29.747630551981274
uniform,15,250,150,102,103,1,0,1225,29.773363360000076
uniform,15,250,150,102,103,1,0,1226,29.79517122398829
uniform,15,250,150,102,103,1,0,1227,29.81809683397296
uniform,15,250,150,102,103,1,0,1228,29.840027045982424
uniform,15,250,150,102,103,1,0,1229,29.865019075979944
uniform,15,250,150,102,103,1,0,1230,29.89431113799219
uniform,15,250,150,102,103,1,0,1231,29.91854271898046
uniform,15,250,150,102,103,1,0,1232,29.94170819799183
uniform,15,250,150,102,103,1,0,1233,29.967192409996642
uniform,15,250,150,102,103,1,0,1234,29.990485077985795
uniform,15,250,150,102,103,1,0,1235,30.016183950996492
uniform,15,250,150,102,103,1,0,1236,30.04720162198646
uniform,15,250,150,102,103,1,0,1237,30.073700271983398
uniform,15,250,150,102,103,1,0,1238,30.098683757998515
uniform,15,250,150,102,103,1,0,1239,30.12709947899566
uniform,15,250,150,102,103,1,0,1240,30.149327974999323
uniform,15,250,150,102,103,1,0,1241,30.1742967509781
uniform,15,250,150,102,103,1,0,1242,30.204803864995483
uniform,15,250,150,102,103,1,0,1243,30.232325385994045
uniform,15,250,150,102,103,1,0,1244,30.25653504297952
uniform,15,250,150,102,103,1,0,1245,30.28181725597824
uniform,15,250,150,102,103,1,0,1246,30.304734679986723
uniform,15,250,150,102,103,1,0,1247,30.325178723986028
uniform,15,250,150,102,103,1,0,1248,30.347170047985855
uniform,15,250,150,102,103,1,0,1249,30.37096562999068
uniform,15,250,150,102,103,1,0,1250,30.398142088990426
uniform,15,250,150,102,103,1,0,1251,30.422689704981167
uniform,15,250,150,102,103,1,0,1252,30.444341167982202
uniform,15,250,150,102,103,1,0,1253,30.469135824998375
uniform,15,250,150,102,103,1,0,1254,30.496219605993247
uniform,15,250,150,102,103,1,0,1255,30.519906682980945
uniform,15,250,150,102,103,1,0,1256,30.544649922987446
uniform,15,250,150,102,103,1,0,1257,30.573438389983494
uniform,15,250,150,102,103,1,0,1258,30.601180764992023
uniform,15,250,150,102,103,1,0,1259,30.633379647973925
uniform,15,250,150,102,103,1,0,1260,30.657860820996575
uniform,15,250,150,102,103,1,0,1261,30.680108248983743
uniform,15,250,150,102,103,1,0,1262,30.701548844983336
uniform,15,250,150,102,103,1,0,1263,30.72380250398419
uniform,15,250,150,102,103,1,0,1264,30.74597094897763
uniform,15,250,150,102,103,1,0,1265,30.77400336798746
uniform,15,250,150,102,103,1,0,1266,30.79837049197522
uniform,15,250,150,102,103,1,0,1267,30.82298457698198
uniform,15,250,150,102,103,1,0,1268,30.846334081987152
uniform,15,250,150,102,103,1,0,1269,30.87584516897914
uniform,15,250,150,102,103,1,0,1270,30.89841705499566
uniform,15,250,150,102,103,1,0,1271,30.931954833999043
uniform,15,250,150,102,103,1,0,1272,30.95395550999092
uniform,15,250,150,102,103,1,0,1273,30.978593889973126
uniform,15,250,150,102,103,1,0,1274,31.0013095579925
uniform,15,250,150,102,103,1,0,1275,31.026364043995272
uniform,15,250,150,102,103,1,0,1276,31.04798504797509
uniform,15,250,150,102,103,1,0,1277,31.071243501995923
uniform,15,250,150,102,103,1,0,1278,31.097820132999914
uniform,15,250,150,102,103,1,0,1279,31.123318296973594
uniform,15,250,150,102,103,1,0,1280,31.14588793599978
uniform,15,250,150,102,103,1,0,1281,31.174803353991592
uniform,15,250,150,102,103,1,0,1282,31.198470195988193
uniform,15,250,150,102,103,1,0,1283,31.22218654997414
uniform,15,250,150,102,103,1,0,1284,31.2438052649959
uniform,15,250,150,102,103,1,0,1285,31.265086930972757
uniform,15,250,150,102,103,1,0,1286,31.285409821983194
uniform,15,250,150,102,103,1,0,1287,31.307038232975174
uniform,15,250,150,102,103,1,0,1288,31.330058132996783
uniform,15,250,150,102,103,1,0,1289,31.353778408985818
uniform,15,250,150,102,103,1,0,1290,31.374803258979227
uniform,15,250,150,102,103,1,0,1291,31.39659170198138
uniform,15,250,150,102,103,1,0,1292,31.41969687398523
uniform,15,250,150,102,103,1,0,1293,31.44394125699182
uniform,15,250,150,102,103,1,0,1294,31.46394304797286
uniform,15,250,150,102,103,1,0,1295,31.48778239497915
uniform,15,250,150,102,103,1,0,1296,31.50913603999652
uniform,15,250,150,102,103,1,0,1297,31.530061420984566
uniform,15,250,150,102,103,1,0,1298,31.55515394799295
uniform,15,250,150,102,103,1,0,1299,31.579323969985126
uniform,15,250,150,102,103,1,0,1300,31.60639101298875
uniform,15,250,150,102,103,1,0,1301,31.629666307999287
uniform,15,250,150,102,103,1,0,1302,31.649724144983338
uniform,15,250,150,102,103,1,0,1303,31.677561126998626
uniform,15,250,150,102,103,1,0,1304,31.697702798992395
uniform,15,250,150,102,103,1,0,1305,31.71877207898069
uniform,15,250,150,102,103,1,0,1306,31.740965088974917
uniform,15,250,150,102,103,1,0,1307,31.769515734980814
uniform,15,250,150,102,103,1,0,1308,31.794620704982663
uniform,15,250,150,102,103,1,0,1309,31.816826673981268
uniform,15,250,150,102,103,1,0,1310,31.840179893973982
uniform,15,250,150,102,103,1,0,1311,31.86242713298998
uniform,15,250,150,102,103,1,0,1312,31.8838979289867
uniform,15,250,150,102,103,1,0,1313,31.904679532977752
uniform,15,250,150,102,103,1,0,1314,31.92483557999367
uniform,15,250,150,102,103,1,0,1315,31.947814567975
uniform,15,250,150,102,103,1,0,1316,31.96997141497559
uniform,15,250,150,102,103,1,0,1317,31.99707276499248
uniform,15,250,150,102,103,1,0,1318,32.02632781199645
uniform,15,250,150,102,103,1,0,1319,32.051475153974025
uniform,15,250,150,102,103,1,0,1320,32.07147205597721
uniform,15,250,150,102,103,1,0,1321,32.096432901977096
uniform,15,250,150,102,103,1,0,1322,32.11849839697243
uniform,15,250,150,102,103,1,0,1323,32.141707234986825
uniform,15,250,150,102,103,1,0,1324,32.169166881998535
uniform,15,250,150,102,103,1,0,1325,32.196312007989036
uniform,15,250,150,102,103,1,0,1326,32.22121440898627
uniform,15,250,150,102,103,1,0,1327,32.24517227799515
uniform,15,250,150,102,103,1,0,1328,32.27129578299355
uniform,15,250,150,102,103,1,0,1329,32.29405844898429
uniform,15,250,150,102,103,1,0,1330,32.31632788898423
uniform,15,250,150,102,103,1,0,1331,32.33878755697515
uniform,15,250,150,102,103,1,0,1332,32.36413107797853
uniform,15,250,150,102,103,1,0,1333,32.3888193469902
uniform,15,250,150,102,103,1,0,1334,32.40999201798695
uniform,15,250,150,102,103,1,0,1335,32.43194770399714
uniform,15,250,150,102,103,1,0,1336,32.45269281297806
uniform,15,250,150,102,103,1,0,1337,32.47588076299871
uniform,15,250,150,102,103,1,0,1338,32.497197211981984
uniform,15,250,150,102,103,1,0,1339,32.519545831979485
uniform,15,250,150,102,103,1,0,1340,32.5461577809765
uniform,15,250,150,102,103,1,0,1341,32.5707946959883
uniform,15,250,150,102,103,1,0,1342,32.59676629898604
uniform,15,250,150,102,103,1,0,1343,32.61770892099594
uniform,15,250,150,102,103,1,0,1344,32.63780250097625
uniform,15,250,150,102,103,1,0,1345,32.66064688898041
uniform,15,250,150,102,103,1,0,1346,32.68310443099472
uniform,15,250,150,102,103,1,0,1347,32.70604560599895
uniform,15,250,150,102,103,1,0,1348,32.726166574982926
uniform,15,250,150,102,103,1,0,1349,32.750796469976194
uniform,15,250,150,102,103,1,0,1350,32.772381729999324
uniform,15,250,150,102,103,1,0,1351,32.79954428199562
uniform,15,250,150,102,103,1,0,1352,32.82322743997793
uniform,15,250,150,102,103,1,0,1353,32.84468844498042
uniform,15,250,150,102,103,1,0,1354,32.86466338500031
uniform,15,250,150,102,103,1,0,1355,32.890366316976724
uniform,15,250,150,102,103,1,0,1356,32.91396576797706
uniform,15,250,150,102,103,1,0,1357,32.93760606998694
uniform,15,250,150,102,103,1,0,1358,32.958895967982244
uniform,15,250,150,102,103,1,0,1359,32.98386485798983
uniform,15,250,150,102,103,1,0,1360,33.0058278029901
uniform,15,250,150,102,103,1,0,1361,33.02967656200053
uniform,15,250,150,102,103,1,0,1362,33.052160102990456
uniform,15,250,150,102,103,1,0,1363,33.080096218996914
uniform,15,250,150,102,103,1,0,1364,33.10674956298317
uniform,15,250,150,102,103,1,0,1365,33.14044821297284
uniform,15,250,150,102,103,1,0,1366,33.17626255998039
uniform,15,250,150,102,103,1,0,1367,33.2052028439939
uniform,15,250,150,102,103,1,0,1368,33.23433759398176
uniform,15,250,150,102,103,1,0,1369,33.26156178797828
uniform,15,250,150,102,103,1,0,1370,33.287479942984646
uniform,15,250,150,102,103,1,0,1371,33.31950593797956
uniform,15,250,150,102,103,1,0,1372,33.351596591994166
uniform,15,250,150,102,103,1,0,1373,33.37540597000043
uniform,15,250,150,102,103,1,0,1374,33.40021690199501
uniform,15,250,150,102,103,1,0,1375,33.43736047198763
uniform,15,250,150,102,103,1,0,1376,33.46117723398493
uniform,15,250,150,102,103,1,0,1377,33.488732573983725
uniform,15,250,150,102,103,1,0,1378,33.51236407097895
uniform,15,250,150,102,103,1,0,1379,33.53567601100076
uniform,15,250,150,102,103,1,0,1380,33.560573763999855
uniform,15,250,150,102,103,1,0,1381,33.58373133398709
uniform,15,250,150,102,103,1,0,1382,33.609733157994924
uniform,15,250,150,102,103,1,0,1383,33.63434155198047
uniform,15,250,150,102,103,1,0,1384,33.658572160988115
uniform,15,250,150,102,103,1,0,1385,33.684430888999486
uniform,15,250,150,102,103,1,0,1386,33.70616706999135
uniform,15,250,150,102,103,1,0,1387,33.729116698988946
uniform,15,250,150,102,103,1,0,1388,33.753397073975066
uniform,15,250,150,102,103,1,0,1389,33.77895980500034
uniform,15,250,150,102,103,1,0,1390,33.80088236698066
uniform,15,250,150,102,103,1,0,1391,33.82714701700024
uniform,15,250,150,102,103,1,0,1392,33.8514477199933
uniform,15,250,150,102,103,1,0,1393,33.87422946098377
uniform,15,250,150,102,103,1,0,1394,33.89981648698449
uniform,15,250,150,102,103,1,0,1395,33.92617780499859
uniform,15,250,150,102,103,1,0,1396,33.95168335697963
uniform,15,250,150,102,103,1,0,1397,33.97837235798943
uniform,15,250,150,102,103,1,0,1398,34.000656839984
uniform,15,250,150,102,103,1,0,1399,34.02507147297729
uniform,15,250,150,102,103,1,0,1400,34.049121506977826
uniform,15,250,150,102,103,1,0,1401,34.074037817976205
uniform,15,250,150,102,103,1,0,1402,34.09553867098293
uniform,15,250,150,102,103,1,0,1403,34.12016731299809
uniform,15,250,150,102,103,1,0,1404,34.147153622994665
uniform,15,250,150,102,103,1,0,1405,34.17172848197515
uniform,15,250,150,102,103,1,0,1406,34.1946615689958
uniform,15,250,150,102,103,1,0,1407,34.22576682898216
uniform,15,250,150,102,103,1,0,1408,34.24690816400107
uniform,15,250,150,102,103,1,0,1409,34.27124607699807
uniform,15,250,150,102,103,1,0,1410,34.29362032597419
uniform,15,250,150,102,103,1,0,1411,34.320770609978354
uniform,15,250,150,102,103,1,0,1412,34.34369066299405
uniform,15,250,150,102,103,1,0,1413,34.372217936994275
uniform,15,250,150,102,103,1,0,1414,34.393920186994364
uniform,15,250,150,102,103,1,0,1415,34.4181707839889
uniform,15,250,150,102,103,1,0,1416,34.44409317098325
uniform,15,250,150,102,103,1,0,1417,34.470120702986605
uniform,15,250,150,102,103,1,0,1418,34.49883966098423
uniform,15,250,150,102,103,1,0,1419,34.52064815798076
uniform,15,250,150,102,103,1,0,1420,34.54196790297283
uniform,15,250,150,102,103,1,0,1421,34.57028951798566
uniform,15,250,150,102,103,1,0,1422,34.595139841985656
uniform,15,250,150,102,103,1,0,1423,34.61745785397943
uniform,15,250,150,102,103,1,0,1424,34.642523582995636
uniform,15,250,150,102,103,1,0,1425,34.66391602999647
uniform,15,250,150,102,103,1,0,1426,34.68501172098331
uniform,15,250,150,102,103,1,0,1427,34.70449056199868
uniform,15,250,150,102,103,1,0,1428,34.73027081898181
uniform,15,250,150,102,103,1,0,1429,34.75178772700019
uniform,15,250,150,102,103,1,0,1430,34.7731313459808
uniform,15,250,150,102,103,1,0,1431,34.79480398798478
uniform,15,250,150,102,103,1,0,1432,34.818656492978334
uniform,15,250,150,102,103,1,0,1433,34.841171471984126
uniform,15,250,150,102,103,1,0,1434,34.86445898897364
uniform,15,250,150,102,103,1,0,1435,34.88595574797364
uniform,15,250,150,102,103,1,0,1436,34.90924998698756
uniform,15,250,150,102,103,1,0,1437,34.933044101984706
uniform,15,250,150,102,103,1,0,1438,34.95369904799736
uniform,15,250,150,102,103,1,0,1439,34.97553631599294
uniform,15,250,150,102,103,1,0,1440,34.996330067981035
uniform,15,250,150,102,103,1,0,1441,35.018380290974164
uniform,15,250,150,102,103,1,0,1442,35.03946290598833
uniform,15,250,150,102,103,1,0,1443,35.06310589297209
uniform,15,250,150,102,103,1,0,1444,35.08603103397763
uniform,15,250,150,102,103,1,0,1445,35.11460806298419
uniform,15,250,150,102,103,1,0,1446,35.13732175799669
uniform,15,250,150,102,103,1,0,1447,35.16176491897204
uniform,15,250,150,102,103,1,0,1448,35.18482653598767
uniform,15,250,150,102,103,1,0,1449,35.206520943989744
uniform,15,250,150,102,103,1,0,1450,35.227428583981236
uniform,15,250,150,102,103,1,0,1451,35.255608734994894
uniform,15,250,150,102,103,1,0,1452,35.27860904097906
uniform,15,250,150,102,103,1,0,1453,35.30536720599048
uniform,15,250,150,102,103,1,0,1454,35.33081796797342
uniform,15,250,150,102,103,1,0,1455,35.35507365397643
uniform,15,250,150,102,103,1,0,1456,35.376189090980915
uniform,15,250,150,102,103,1,0,1457,35.39746692997869
uniform,15,250,150,102,103,1,0,1458,35.42020217899699
uniform,15,250,150,102,103,1,0,1459,35.441617529984796
uniform,15,250,150,102,103,1,0,1460,35.46194556399132
uniform,15,250,150,102,103,1,0,1461,35.48736398798064
uniform,15,250,150,102,103,1,0,1462,35.512361328990664
uniform,15,250,150,102,103,1,0,1463,35.54242256798898
uniform,15,250,150,102,103,1,0,1464,35.56831091598724
uniform,15,250,150,102,103,1,0,1465,35.59288209999795
uniform,15,250,150,102,103,1,0,1466,35.61365525299334
uniform,15,250,150,102,103,1,0,1467,35.64007612399291
uniform,15,250,150,102,103,1,0,1468,35.66928447599639
uniform,15,250,150,102,103,1,0,1469,35.6928648139874
uniform,15,250,150,102,103,1,0,1470,35.71551111098961
uniform,15,250,150,102,103,1,0,1471,35.739723603997845
uniform,15,250,150,102,103,1,0,1472,35.7685952920001
uniform,15,250,150,102,103,1,0,1473,35.79028128599748
uniform,15,250,150,102,103,1,0,1474,35.815316845983034
uniform,15,250,150,102,103,1,0,1475,35.841031972988276
uniform,15,250,150,102,103,1,0,1476,35.863199827988865
uniform,15,250,150,102,103,1,0,1477,35.88721745199291
uniform,15,250,150,102,103,1,0,1478,35.91104632097995
uniform,15,250,150,102,103,1,0,1479,35.93549446199904
uniform,15,250,150,102,103,1,0,1480,35.95780512498459
uniform,15,250,150,102,103,1,0,1481,35.979288200993324
uniform,15,250,150,102,103,1,0,1482,35.99942732398631
uniform,15,250,150,102,103,1,0,1483,36.03139696299331
uniform,15,250,150,102,103,1,0,1484,36.05369726099889
uniform,15,250,150,102,103,1,0,1485,36.07586519498727
uniform,15,250,150,102,103,1,0,1486,36.10026227598428
uniform,15,250,150,102,103,1,0,1487,36.12372673797654
uniform,15,250,150,102,103,1,0,1488,36.15025685398723
uniform,15,250,150,102,103,1,0,1489,36.17349552898668
uniform,15,250,150,102,103,1,0,1490,36.19954232298187
uniform,15,250,150,102,103,1,0,1491,36.22347358497791
uniform,15,250,150,102,103,1,0,1492,36.24859331699554
uniform,15,250,150,102,103,1,0,1493,36.27191511497949
uniform,15,250,150,102,103,1,0,1494,36.292782084987266
uniform,15,250,150,102,103,1,0,1495,36.31611550797243
uniform,15,250,150,102,103,1,0,1496,36.33933669098769
uniform,15,250,150,102,103,1,0,1497,36.36167007099721
uniform,15,250,150,102,103,1,0,1498,36.382191511977
uniform,15,250,150,102,103,1,0,1499,36.40325546299573
uniform,15,250,150,102,103,1,0,1500,36.42347072198754
uniform,15,250,150,102,103,1,0,1501,36.4456691230007
uniform,15,250,150,102,103,1,0,1502,36.47204818399041
uniform,15,250,150,102,103,1,0,1503,36.49907774099847
uniform,15,250,150,102,103,1,0,1504,36.5222529929888
uniform,15,250,150,102,103,1,0,1505,36.54453584499424
uniform,15,250,150,102,103,1,0,1506,36.56557560499641
uniform,15,250,150,102,103,1,0,1507,36.58905605299515
uniform,15,250,150,102,103,1,0,1508,36.609826428990345
uniform,15,250,150,102,103,1,0,1509,36.63190080199274
uniform,15,250,150,102,103,1,0,1510,36.65297173397266
uniform,15,250,150,102,103,1,0,1511,36.678014262986835
uniform,15,250,150,102,103,1,0,1512,36.702617445989745
uniform,15,250,150,102,103,1,0,1513,36.724924656999065
uniform,15,250,150,102,103,1,0,1514,36.74586447799811
uniform,15,250,150,102,103,1,0,1515,36.76997481597937
uniform,15,250,150,102,103,1,0,1516,36.797273753996706
uniform,15,250,150,102,103,1,0,1517,36.82740444899537
uniform,15,250,150,102,103,1,0,1518,36.852782584988745
uniform,15,250,150,102,103,1,0,1519,36.876160201994935
uniform,15,250,150,102,103,1,0,1520,36.90042439199169
uniform,15,250,150,102,103,1,0,1521,36.92500504097552
uniform,15,250,150,102,103,1,0,1522,36.94665750899003
uniform,15,250,150,102,103,1,0,1523,36.96919532798347
uniform,15,250,150,102,103,1,0,1524,36.99438067898154
uniform,15,250,150,102,103,1,0,1525,37.01636016997509
uniform,15,250,150,102,103,1,0,1526,37.03692208198481
uniform,15,250,150,102,103,1,0,1527,37.059009027987486
uniform,15,250,150,102,103,1,0,1528,37.08062845398672
uniform,15,250,150,102,103,1,0,1529,37.102954825997585
uniform,15,250,150,102,103,1,0,1530,37.12441467997269
uniform,15,250,150,102,103,1,0,1531,37.14590350398794
uniform,15,250,150,102,103,1,0,1532,37.168029719992774
uniform,15,250,150,102,103,1,0,1533,37.191905811982
uniform,15,250,150,102,103,1,0,1534,37.21298838898656
uniform,15,250,150,102,103,1,0,1535,37.23936237799353
uniform,15,250,150,102,103,1,0,1536,37.26035576098366
uniform,15,250,150,102,103,1,0,1537,37.285098322987324
uniform,15,250,150,102,103,1,0,1538,37.310537612996995
uniform,15,250,150,102,103,1,0,1539,37.33198982998147
uniform,15,250,150,102,103,1,0,1540,37.3528133519867
uniform,15,250,150,102,103,1,0,1541,37.38006049799151
uniform,15,250,150,102,103,1,0,1542,37.40271955699427
uniform,15,250,150,102,103,1,0,1543,37.42498708097264
uniform,15,250,150,102,103,1,0,1544,37.45070945797488
uniform,15,250,150,102,103,1,0,1545,37.47237600997323
uniform,15,250,150,102,103,1,0,1546,37.49530218797736
uniform,15,250,150,102,103,1,0,1547,37.51897576497868
uniform,15,250,150,102,103,1,0,1548,37.548030287987785
uniform,15,250,150,102,103,1,0,1549,37.57274412899278
uniform,15,250,150,102,103,1,0,1550,37.60189708598773
uniform,15,250,150,102,103,1,0,1551,37.62294916898827
uniform,15,250,150,102,103,1,0,1552,37.645832845999394
uniform,15,250,150,102,103,1,0,1553,37.67008696097764
uniform,15,250,150,102,103,1,0,1554,37.69230294798035
uniform,15,250,150,102,103,1,0,1555,37.713644077972276
uniform,15,250,150,102,103,1,0,1556,37.73409292398719
uniform,15,250,150,102,103,1,0,1557,37.75511741999071
uniform,15,250,150,102,103,1,0,1558,37.77794649099815
uniform,15,250,150,102,103,1,0,1559,37.80593972399947
uniform,15,250,150,102,103,1,0,1560,37.82912788397516
uniform,15,250,150,102,103,1,0,1561,37.85484008298954
uniform,15,250,150,102,103,1,0,1562,37.88124598999275
uniform,15,250,150,102,103,1,0,1563,37.90244320000056
uniform,15,250,150,102,103,1,0,1564,37.9229617069941
uniform,15,250,150,102,103,1,0,1565,37.94383018100052
uniform,15,250,150,102,103,1,0,1566,37.96403906098567
uniform,15,250,150,102,103,1,0,1567,37.98517159197945
uniform,15,250,150,102,103,1,0,1568,38.00506577899796
uniform,15,250,150,102,103,1,0,1569,38.0261551529984
uniform,15,250,150,102,103,1,0,1570,38.046223409997765
uniform,15,250,150,102,103,1,0,1571,38.07302201699349
uniform,15,250,150,102,103,1,0,1572,38.09319346299162
uniform,15,250,150,102,103,1,0,1573,38.115248764981516
uniform,15,250,150,102,103,1,0,1574,38.14304762799293
uniform,15,250,150,102,103,1,0,1575,38.16849567799363
uniform,15,250,150,102,103,1,0,1576,38.191396616981365
uniform,15,250,150,102,103,1,0,1577,38.21455613797298
uniform,15,250,150,102,103,1,0,1578,38.23526323697297
uniform,15,250,150,102,103,1,0,1579,38.25843078599428
uniform,15,250,150,102,103,1,0,1580,38.28334304198506
uniform,15,250,150,102,103,1,0,1581,38.30565437398036
uniform,15,250,150,102,103,1,0,1582,38.33022801199695
uniform,15,250,150,102,103,1,0,1583,38.35385364497779
uniform,15,250,150,102,103,1,0,1584,38.37424967298284
uniform,15,250,150,102,103,1,0,1585,38.39747530099703
uniform,15,250,150,102,103,1,0,1586,38.41903820997686
uniform,15,250,150,102,103,1,0,1587,38.44030723697506
uniform,15,250,150,102,103,1,0,1588,38.46356904198183
uniform,15,250,150,102,103,1,0,1589,38.49379262397997
uniform,15,250,150,102,103,1,0,1590,38.51870640399284
uniform,15,250,150,102,103,1,0,1591,38.54199925297871
uniform,15,250,150,102,103,1,0,1592,38.56580640899483
uniform,15,250,150,102,103,1,0,1593,38.58886222000001
uniform,15,250,150,102,103,1,0,1594,38.610915011988254
uniform,15,250,150,102,103,1,0,1595,38.634321704972535
uniform,15,250,150,102,103,1,0,1596,38.65695251399302
uniform,15,250,150,102,103,1,0,1597,38.68070676198113
uniform,15,250,150,102,103,1,0,1598,38.701571689976845
uniform,15,250,150,102,103,1,0,1599,38.731336295983056
uniform,15,250,150,102,103,1,0,1600,38.75202975899447
uniform,15,250,150,102,103,1,0,1601,38.77329833697877
uniform,15,250,150,102,103,1,0,1602,38.79456017099437
uniform,15,250,150,102,103,1,0,1603,38.81863391699153
uniform,15,250,150,102,103,1,0,1604,38.83965277299285
uniform,15,250,150,102,103,1,0,1605,38.860855637991335
uniform,15,250,150,102,103,1,0,1606,38.882137859996874
uniform,15,250,150,102,103,1,0,1607,38.90573361798306
uniform,15,250,150,102,103,1,0,1608,38.92876761997468
uniform,15,250,150,102,103,1,0,1609,38.95459889198537
uniform,15,250,150,102,103,1,0,1610,38.98236635499052
uniform,15,250,150,102,103,1,0,1611,39.005643189972034
uniform,15,250,150,102,103,1,0,1612,39.02996444597375
uniform,15,250,150,102,103,1,0,1613,39.05246757599525
uniform,15,250,150,102,103,1,0,1614,39.07533350997255
uniform,15,250,150,102,103,1,0,1615,39.10516352299601
uniform,15,250,150,102,103,1,0,1616,39.12680236197775
uniform,15,250,150,102,103,1,0,1617,39.158681017986964
uniform,15,250,150,102,103,1,0,1618,39.1843702949991
uniform,15,250,150,102,103,1,0,1619,39.21137780099525
uniform,15,250,150,102,103,1,0,1620,39.23670951198437
uniform,15,250,150,102,103,1,0,1621,39.2586769189802
uniform,15,250,150,102,103,1,0,1622,39.2831479269953
uniform,15,250,150,102,103,1,0,1623,39.30702329298947
uniform,15,250,150,102,103,1,0,1624,39.333321721991524
uniform,15,250,150,102,103,1,0,1625,39.35758177298703
uniform,15,250,150,102,103,1,0,1626,39.37836450198665
uniform,15,250,150,102,103,1,0,1627,39.39991619598004
uniform,15,250,150,102,103,1,0,1628,39.42083433197695
uniform,15,250,150,102,103,1,0,1629,39.444002592994366
uniform,15,250,150,102,103,1,0,1630,39.46469735598657
uniform,15,250,150,102,103,1,0,1631,39.490726739983074
uniform,15,250,150,102,103,1,0,1632,39.51384049199987
uniform,15,250,150,102,103,1,0,1633,39.54268917898298
uniform,15,250,150,102,103,1,0,1634,39.56728143899818
uniform,15,250,150,102,103,1,0,1635,39.59229632798815
uniform,15,250,150,102,103,1,0,1636,39.61574109297362
uniform,15,250,150,102,103,1,0,1637,39.642128129984485
uniform,15,250,150,102,103,1,0,1638,39.66762994998135
uniform,15,250,150,102,103,1,0,1639,39.692696040990995
uniform,15,250,150,102,103,1,0,1640,39.719786024972564
uniform,15,250,150,102,103,1,0,1641,39.74581513198791
uniform,15,250,150,102,103,1,0,1642,39.77010326998425
uniform,15,250,150,102,103,1,0,1643,39.796754382987274
uniform,15,250,150,102,103,1,0,1644,39.818588930997066
uniform,15,250,150,102,103,1,0,1645,39.842305378988385
uniform,15,250,150,102,103,1,0,1646,39.863040998985525
uniform,15,250,150,102,103,1,0,1647,39.88484478497412
uniform,15,250,150,102,103,1,0,1648,39.90570632799063
uniform,15,250,150,102,103,1,0,1649,39.92935404297896
uniform,15,250,150,102,103,1,0,1650,39.952119829977164
uniform,15,250,150,102,103,1,0,1651,39.97446806798689
uniform,15,250,150,102,103,1,0,1652,39.99538530697464
uniform,15,250,150,102,103,1,0,1653,40.01692316899425
uniform,15,250,150,102,103,1,0,1654,40.03830943198409
uniform,15,250,150,102,103,1,0,1655,40.06048828197527
uniform,15,250,150,102,103,1,0,1656,40.08160953698098
uniform,15,250,150,102,103,1,0,1657,40.10580408398528
uniform,15,250,150,102,103,1,0,1658,40.12757667698315
uniform,15,250,150,102,103,1,0,1659,40.15098225197289
uniform,15,250,150,102,103,1,0,1660,40.17429606098449
uniform,15,250,150,102,103,1,0,1661,40.20445490197744
uniform,15,250,150,102,103,1,0,1662,40.22951430498506
uniform,15,250,150,102,103,1,0,1663,40.2542975829856
uniform,15,250,150,102,103,1,0,1664,40.27617990298313
uniform,15,250,150,102,103,1,0,1665,40.30732690898003
uniform,15,250,150,102,103,1,0,1666,40.33119832898956
uniform,15,250,150,102,103,1,0,1667,40.359371953993104
uniform,15,250,150,102,103,1,0,1668,40.38025503300014
uniform,15,250,150,102,103,1,0,1669,40.40411222798866
uniform,15,250,150,102,103,1,0,1670,40.424961520999204
uniform,15,250,150,102,103,1,0,1671,40.44680762299686
uniform,15,250,150,102,103,1,0,1672,40.47029568097787
uniform,15,250,150,102,103,1,0,1673,40.49490647399216
uniform,15,250,150,102,103,1,0,1674,40.515751090977574
uniform,15,250,150,102,103,1,0,1675,40.53869526498602
uniform,15,250,150,102,103,1,0,1676,40.55999588299892
uniform,15,250,150,102,103,1,0,1677,40.58453154200106
uniform,15,250,150,102,103,1,0,1678,40.60911366099026
uniform,15,250,150,102,103,1,0,1679,40.64482453497476
uniform,15,250,150,102,103,1,0,1680,40.67170414800057
uniform,15,250,150,102,103,1,0,1681,40.69465093300096
uniform,15,250,150,102,103,1,0,1682,40.72013352398062
uniform,15,250,150,102,103,1,0,1683,40.74662739899941
uniform,15,250,150,102,103,1,0,1684,40.77009004499996
uniform,15,250,150,102,103,1,0,1685,40.794812662992626
uniform,15,250,150,102,103,1,0,1686,40.817809545987984
uniform,15,250,150,102,103,1,0,1687,40.84340356697794
uniform,15,250,150,102,103,1,0,1688,40.86841646299581
uniform,15,250,150,102,103,1,0,1689,40.89511062897509
uniform,15,250,150,102,103,1,0,1690,40.919643526984146
uniform,15,250,150,102,103,1,0,1691,40.943928846972995
uniform,15,250,150,102,103,1,0,1692,40.96928591397591
uniform,15,250,150,102,103,1,0,1693,40.99408179699094
uniform,15,250,150,102,103,1,0,1694,41.020094236999284
uniform,15,250,150,102,103,1,0,1695,41.04331615997944
uniform,15,250,150,102,103,1,0,1696,41.06686516897753
uniform,15,250,150,102,103,1,0,1697,41.090243669983465
uniform,15,250,150,102,103,1,0,1698,41.114959533995716
uniform,15,250,150,102,103,1,0,1699,41.140128681989154
uniform,15,250,150,102,103,1,0,1700,41.17936421697959
uniform,15,250,150,102,103,1,0,1701,41.20218266299344
uniform,15,250,150,102,103,1,0,1702,41.225977777998196
uniform,15,250,150,102,103,1,0,1703,41.25110896700062
uniform,15,250,150,102,103,1,0,1704,41.274752800993156
uniform,15,250,150,102,103,1,0,1705,41.29855022698757
uniform,15,250,150,102,103,1,0,1706,41.3196965129755
uniform,15,250,150,102,103,1,0,1707,41.344537804980064
uniform,15,250,150,102,103,1,0,1708,41.369991547981044
uniform,15,250,150,102,103,1,0,1709,41.39804885198828
uniform,15,250,150,102,103,1,0,1710,41.419712402974255
uniform,15,250,150,102,103,1,0,1711,41.44408195198048
uniform,15,250,150,102,103,1,0,1712,41.46960610797396
uniform,15,250,150,102,103,1,0,1713,41.494038984994404
uniform,15,250,150,102,103,1,0,1714,41.51604557799874
uniform,15,250,150,102,103,1,0,1715,41.54065557397553
uniform,15,250,150,102,103,1,0,1716,41.5647879219905
uniform,15,250,150,102,103,1,0,1717,41.59073259498109
uniform,15,250,150,102,103,1,0,1718,41.613681850983994
uniform,15,250,150,102,103,1,0,1719,41.63923018198693
uniform,15,250,150,102,103,1,0,1720,41.66741415398428
uniform,15,250,150,102,103,1,0,1721,41.70092967298115
uniform,15,250,150,102,103,1,0,1722,41.72347357298713
uniform,15,250,150,102,103,1,0,1723,41.74811899199267
uniform,15,250,150,102,103,1,0,1724,41.77205309498822
uniform,15,250,150,102,103,1,0,1725,41.79742312699091
uniform,15,250,150,102,103,1,0,1726,41.822769640974
uniform,15,250,150,102,103,1,0,1727,41.84551496698987
uniform,15,250,150,102,103,1,0,1728,41.867905213992344
uniform,15,250,150,102,103,1,0,1729,41.891140035993885
uniform,15,250,150,102,103,1,0,1730,41.91546839298098
uniform,15,250,150,102,103,1,0,1731,41.9387591839768
uniform,15,250,150,102,103,1,0,1732,41.96604059799574
uniform,15,250,150,102,103,1,0,1733,41.99462445298559
uniform,15,250,150,102,103,1,0,1734,42.01732193797943
uniform,15,250,150,102,103,1,0,1735,42.03928236098727
uniform,15,250,150,102,103,1,0,1736,42.06031528298627
uniform,15,250,150,102,103,1,0,1737,42.08241099398583
uniform,15,250,150,102,103,1,0,1738,42.105654177983524
uniform,15,250,150,102,103,1,0,1739,42.12913139499142
uniform,15,250,150,102,103,1,0,1740,42.150120053993305
uniform,15,250,150,102,103,1,0,1741,42.177826663973974
uniform,15,250,150,102,103,1,0,1742,42.1990959289833
uniform,15,250,150,102,103,1,0,1743,42.22099604198593
uniform,15,250,150,102,103,1,0,1744,42.243202024983475
uniform,15,250,150,102,103,1,0,1745,42.27149391997955
uniform,15,250,150,102,103,1,0,1746,42.297628239990445
uniform,15,250,150,102,103,1,0,1747,42.32194475198048
uniform,15,250,150,102,103,1,0,1748,42.34381850398495
uniform,15,250,150,102,103,1,0,1749,42.37139874699642
uniform,15,250,150,102,103,1,0,1750,42.39147377098561
uniform,15,250,150,102,103,1,0,1751,42.41641871997854
uniform,15,250,150,102,103,1,0,1752,42.43889273298555
uniform,15,250,150,102,103,1,0,1753,42.46140272699995
uniform,15,250,150,102,103,1,0,1754,42.48545551497955
uniform,15,250,150,102,103,1,0,1755,42.512893243983854
uniform,15,250,150,102,103,1,0,1756,42.53377194897621
uniform,15,250,150,102,103,1,0,1757,42.555410390981706
uniform,15,250,150,102,103,1,0,1758,42.58078099499107
uniform,15,250,150,102,103,1,0,1759,42.60518390199286
uniform,15,250,150,102,103,1,0,1760,42.62591626899666
uniform,15,250,150,102,103,1,0,1761,42.6496315409895
uniform,15,250,150,102,103,1,0,1762,42.67476089799311
uniform,15,250,150,102,103,1,0,1763,42.696495657990454
uniform,15,250,150,102,103,1,0,1764,42.71957098398707
uniform,15,250,150,102,103,1,0,1765,42.74442143997294
uniform,15,250,150,102,103,1,0,1766,42.767130917985924
uniform,15,250,150,102,103,1,0,1767,42.7900006849959
uniform,15,250,150,102,103,1,0,1768,42.82700871099951
uniform,15,250,150,102,103,1,0,1769,42.85537838097662
uniform,15,250,150,102,103,1,0,1770,42.87642882397631
uniform,15,250,150,102,103,1,0,1771,42.89779156897566
uniform,15,250,150,102,103,1,0,1772,42.92267290697782
uniform,15,250,150,102,103,1,0,1773,42.94412373797968
uniform,15,250,150,102,103,1,0,1774,42.96468044698122
uniform,15,250,150,102,103,1,0,1775,42.987504062999506
uniform,15,250,150,102,103,1,0,1776,43.00800347598852
uniform,15,250,150,102,103,1,0,1777,43.03570699499687
uniform,15,250,150,102,103,1,0,1778,43.05632774397964
uniform,15,250,150,102,103,1,0,1779,43.08370286299032
uniform,15,250,150,102,103,1,0,1780,43.10652515897527
uniform,15,250,150,102,103,1,0,1781,43.1286404109851
uniform,15,250,150,102,103,1,0,1782,43.151398673973745
uniform,15,250,150,102,103,1,0,1783,43.180433854984585
uniform,15,250,150,102,103,1,0,1784,43.203511309984606
uniform,15,250,150,102,103,1,0,1785,43.22459657298168
uniform,15,250,150,102,103,1,0,1786,43.24599672399927
uniform,15,250,150,102,103,1,0,1787,43.27311230098712
uniform,15,250,150,102,103,1,0,1788,43.29585747598321
uniform,15,250,150,102,103,1,0,1789,43.32496549899224
uniform,15,250,150,102,103,1,0,1790,43.345505414996296
uniform,15,250,150,102,103,1,0,1791,43.37210130697349
uniform,15,250,150,102,103,1,0,1792,43.39589655099553
uniform,15,250,150,102,103,1,0,1793,43.42076806598925
uniform,15,250,150,102,103,1,0,1794,43.44179903299664
uniform,15,250,150,102,103,1,0,1795,43.46510147297522
uniform,15,250,150,102,103,1,0,1796,43.49017483697389
uniform,15,250,150,102,103,1,0,1797,43.512347366980975
uniform,15,250,150,102,103,1,0,1798,43.533945889997995
uniform,15,250,150,102,103,1,0,1799,43.55842704299721
uniform,15,250,150,102,103,1,0,1800,43.58457777299918
uniform,15,250,150,102,103,1,0,1801,43.61480752698844
uniform,15,250,150,102,103,1,0,1802,43.65208322997205
uniform,15,250,150,102,103,1,0,1803,43.69424758799141
uniform,15,250,150,102,103,1,0,1804,43.7296796249866
uniform,15,250,150,102,103,1,0,1805,43.75809596799081
uniform,15,250,150,102,103,1,0,1806,43.79110630298965
uniform,15,250,150,102,103,1,0,1807,43.816468131000875
uniform,15,250,150,102,103,1,0,1808,43.84052371099824
uniform,15,250,150,102,103,1,0,1809,43.86623578699073
uniform,15,250,150,102,103,1,0,1810,43.888995873974636
uniform,15,250,150,102,103,1,0,1811,43.912688848999096
uniform,15,250,150,102,103,1,0,1812,43.938124568987405
uniform,15,250,150,102,103,1,0,1813,43.963846833998105
uniform,15,250,150,102,103,1,0,1814,43.98670524597401
uniform,15,250,150,102,103,1,0,1815,44.00961402297253
uniform,15,250,150,102,103,1,0,1816,44.03222121397266
uniform,15,250,150,102,103,1,0,1817,44.05642684898339
uniform,15,250,150,102,103,1,0,1818,44.08093529799953
uniform,15,250,150,102,103,1,0,1819,44.10621940699639
uniform,15,250,150,102,103,1,0,1820,44.13158863398712
uniform,15,250,150,102,103,1,0,1821,44.16670219798107
uniform,15,250,150,102,103,1,0,1822,44.192987181973876
uniform,15,250,150,102,103,1,0,1823,44.216166728991084
uniform,15,250,150,102,103,1,0,1824,44.241581761976704
uniform,15,250,150,102,103,1,0,1825,44.264990417985246
uniform,15,250,150,102,103,1,0,1826,44.28649854197283
uniform,15,250,150,102,103,1,0,1827,44.31130621698685
uniform,15,250,150,102,103,1,0,1828,44.33565138099948
uniform,15,250,150,102,103,1,0,1829,44.3579434119747
uniform,15,250,150,102,103,1,0,1830,44.38133791499422
uniform,15,250,150,102,103,1,0,1831,44.40526478399988
uniform,15,250,150,102,103,1,0,1832,44.426275559992064
uniform,15,250,150,102,103,1,0,1833,44.452684579999186
uniform,15,250,150,102,103,1,0,1834,44.47822851999081
uniform,15,250,150,102,103,1,0,1835,44.50013584297267
uniform,15,250,150,102,103,1,0,1836,44.52358568299678
uniform,15,250,150,102,103,1,0,1837,44.55040201297379
uniform,15,250,150,102,103,1,0,1838,44.57312322498183
uniform,15,250,150,102,103,1,0,1839,44.595654773991555
uniform,15,250,150,102,103,1,0,1840,44.616753382986644
uniform,15,250,150,102,103,1,0,1841,44.63912684697425
uniform,15,250,150,102,103,1,0,1842,44.670414697000524
uniform,15,250,150,102,103,1,0,1843,44.696669790981105
uniform,15,250,150,102,103,1,0,1844,44.72664087297744
uniform,15,250,150,102,103,1,0,1845,44.760398509999504
uniform,15,250,150,102,103,1,0,1846,44.79170942399651
uniform,15,250,150,102,103,1,0,1847,44.83068709797226
uniform,15,250,150,102,103,1,0,1848,44.86251492597512
uniform,15,250,150,102,103,1,0,1849,44.88710192797589
uniform,15,250,150,102,103,1,0,1850,44.90961989297648
uniform,15,250,150,102,103,1,0,1851,44.9316513609956
uniform,15,250,150,102,103,1,0,1852,44.954628749983385
uniform,15,250,150,102,103,1,0,1853,44.97651973000029
uniform,15,250,150,102,103,1,0,1854,44.9973720459966
uniform,15,250,150,102,103,1,0,1855,45.019361112994375
uniform,15,250,150,102,103,1,0,1856,45.048308552999515
uniform,15,250,150,102,103,1,0,1857,45.07130759599386
uniform,15,250,150,102,103,1,0,1858,45.09339671599446
uniform,15,250,150,102,103,1,0,1859,45.11870100599481
uniform,15,250,150,102,103,1,0,1860,45.14090805599699
uniform,15,250,150,102,103,1,0,1861,45.16446440698928
uniform,15,250,150,102,103,1,0,1862,45.18681223699241
uniform,15,250,150,102,103,1,0,1863,45.228891299979296
uniform,15,250,150,102,103,1,0,1864,45.25128431498888
uniform,15,250,150,102,103,1,0,1865,45.277547071978915
uniform,15,250,150,102,103,1,0,1866,45.2997241569974
uniform,15,250,150,102,103,1,0,1867,45.32610659999773
uniform,15,250,150,102,103,1,0,1868,45.3484495409939
uniform,15,250,150,102,103,1,0,1869,45.37482360898866
uniform,15,250,150,102,103,1,0,1870,45.39702450798359
uniform,15,250,150,102,103,1,0,1871,45.425343301991234
uniform,15,250,150,102,103,1,0,1872,45.45276178297354
uniform,15,250,150,102,103,1,0,1873,45.477989142993465
uniform,15,250,150,102,103,1,0,1874,45.50119576699217
uniform,15,250,150,102,103,1,0,1875,45.53110298200045
uniform,15,250,150,102,103,1,0,1876,45.55510665997281
uniform,15,250,150,102,103,1,0,1877,45.58156274299836
uniform,15,250,150,102,103,1,0,1878,45.61179761798121
uniform,15,250,150,102,103,1,0,1879,45.63482591297361
uniform,15,250,150,102,103,1,0,1880,45.65753151799436
uniform,15,250,150,102,103,1,0,1881,45.68671596297645
uniform,15,250,150,102,103,1,0,1882,45.70780603599269
uniform,15,250,150,102,103,1,0,1883,45.73300132798613
uniform,15,250,150,102,103,1,0,1884,45.75332694299868
uniform,15,250,150,102,103,1,0,1885,45.77475419398979
uniform,15,250,150,102,103,1,0,1886,45.79924637899967
uniform,15,250,150,102,103,1,0,1887,45.825031030981336
uniform,15,250,150,102,103,1,0,1888,45.84686247998616
uniform,15,250,150,102,103,1,0,1889,45.86798046898912
uniform,15,250,150,102,103,1,0,1890,45.88812776899431
uniform,15,250,150,102,103,1,0,1891,45.91123976398376
uniform,15,250,150,102,103,1,0,1892,45.941448646975914
uniform,15,250,150,102,103,1,0,1893,45.97105559997726
uniform,15,250,150,102,103,1,0,1894,45.99426547298208
uniform,15,250,150,102,103,1,0,1895,46.01540385498083
uniform,15,250,150,102,103,1,0,1896,46.038107536995085
uniform,15,250,150,102,103,1,0,1897,46.059769780986244
uniform,15,250,150,102,103,1,0,1898,46.088662707974436
uniform,15,250,150,102,103,1,0,1899,46.11273977498058
uniform,15,250,150,102,103,1,0,1900,46.134287435997976
uniform,15,250,150,102,103,1,0,1901,46.16480091298581
uniform,15,250,150,102,103,1,0,1902,46.18866229598643
uniform,15,250,150,102,103,1,0,1903,46.2103270929947
uniform,15,250,150,102,103,1,0,1904,46.23071369199897
uniform,15,250,150,102,103,1,0,1905,46.25180457299575
uniform,15,250,150,102,103,1,0,1906,46.27746734197717
uniform,15,250,150,102,103,1,0,1907,46.29947055099183
uniform,15,250,150,102,103,1,0,1908,46.32083344599232
uniform,15,250,150,102,103,1,0,1909,46.34412533399882
uniform,15,250,150,102,103,1,0,1910,46.365823683998315
uniform,15,250,150,102,103,1,0,1911,46.387060169974575
uniform,15,250,150,102,103,1,0,1912,46.409639411984244
uniform,15,250,150,102,103,1,0,1913,46.43589592698845
uniform,15,250,150,102,103,1,0,1914,46.4561867909797
uniform,15,250,150,102,103,1,0,1915,46.48140664197854
uniform,15,250,150,102,103,1,0,1916,46.50240362697514
uniform,15,250,150,102,103,1,0,1917,46.53139597098925
uniform,15,250,150,102,103,1,0,1918,46.553104190999875
uniform,15,250,150,102,103,1,0,1919,46.57434192899382
uniform,15,250,150,102,103,1,0,1920,46.60058500699233
uniform,15,250,150,102,103,1,0,1921,46.62444020298426
uniform,15,250,150,102,103,1,0,1922,46.649804744985886
uniform,15,250,150,102,103,1,0,1923,46.69045869098045
uniform,15,250,150,102,103,1,0,1924,46.71379287698073
uniform,15,250,150,102,103,1,0,1925,46.741523093980504
uniform,15,250,150,102,103,1,0,1926,46.762391723983455
uniform,15,250,150,102,103,1,0,1927,46.78497469300055
uniform,15,250,150,102,103,1,0,1928,46.80771963499137
uniform,15,250,150,102,103,1,0,1929,46.831287227978464
uniform,15,250,150,102,103,1,0,1930,46.85329740997986
uniform,15,250,150,102,103,1,0,1931,46.87539058297989
uniform,15,250,150,102,103,1,0,1932,46.899792509997496
uniform,15,250,150,102,103,1,0,1933,46.92434625298483
uniform,15,250,150,102,103,1,0,1934,46.94469853598275
uniform,15,250,150,102,103,1,0,1935,46.96819568797946
uniform,15,250,150,102,103,1,0,1936,46.98850793999736
uniform,15,250,150,102,103,1,0,1937,47.01766436698381
uniform,15,250,150,102,103,1,0,1938,47.04084425600013
uniform,15,250,150,102,103,1,0,1939,47.07132600698969
uniform,15,250,150,102,103,1,0,1940,47.094232175993966
uniform,15,250,150,102,103,1,0,1941,47.11552905399003
uniform,15,250,150,102,103,1,0,1942,47.13907282697619
uniform,15,250,150,102,103,1,0,1943,47.16744374297559
uniform,15,250,150,102,103,1,0,1944,47.187986111996
uniform,15,250,150,102,103,1,0,1945,47.212466393975774
uniform,15,250,150,102,103,1,0,1946,47.23289088398451
uniform,15,250,150,102,103,1,0,1947,47.25635099198553
uniform,15,250,150,102,103,1,0,1948,47.27690296797664
uniform,15,250,150,102,103,1,0,1949,47.29840258997865
uniform,15,250,150,102,103,1,0,1950,47.31996478597284
uniform,15,250,150,102,103,1,0,1951,47.34247050798149
uniform,15,250,150,102,103,1,0,1952,47.37039528298192
uniform,15,250,150,102,103,1,0,1953,47.39518257798045
uniform,15,250,150,102,103,1,0,1954,47.416536462988006
uniform,15,250,150,102,103,1,0,1955,47.440146724984515
uniform,15,250,150,102,103,1,0,1956,47.4615585069987
uniform,15,250,150,102,103,1,0,1957,47.485879907995695
uniform,15,250,150,102,103,1,0,1958,47.51035896598478
uniform,15,250,150,102,103,1,0,1959,47.534502256981796
uniform,15,250,150,102,103,1,0,1960,47.55487522398471
uniform,15,250,150,102,103,1,0,1961,47.57668544497574
uniform,15,250,150,102,103,1,0,1962,47.596847102977335
uniform,15,250,150,102,103,1,0,1963,47.61814958899049
uniform,15,250,150,102,103,1,0,1964,47.63958141999319
uniform,15,250,150,102,103,1,0,1965,47.664632100000745
uniform,15,250,150,102,103,1,0,1966,47.69034907099558
uniform,15,250,150,102,103,1,0,1967,47.71962348598754
uniform,15,250,150,102,103,1,0,1968,47.741328353993595
uniform,15,250,150,102,103,1,0,1969,47.76572553999722
uniform,15,250,150,102,103,1,0,1970,47.787137751991395
uniform,15,250,150,102,103,1,0,1971,47.80887019899092
uniform,15,250,150,102,103,1,0,1972,47.83077977198991
uniform,15,250,150,102,103,1,0,1973,47.854339915997116
uniform,15,250,150,102,103,1,0,1974,47.878121099987766
uniform,15,250,150,102,103,1,0,1975,47.90666096098721
uniform,15,250,150,102,103,1,0,1976,47.93058272099006
uniform,15,250,150,102,103,1,0,1977,47.95331558899488
uniform,15,250,150,102,103,1,0,1978,47.981385982973734
uniform,15,250,150,102,103,1,0,1979,48.008814027998596
uniform,15,250,150,102,103,1,0,1980,48.03803009499097
uniform,15,250,150,102,103,1,0,1981,48.0649496059923
uniform,15,250,150,102,103,1,0,1982,48.09176460499293
uniform,15,250,150,102,103,1,0,1983,48.11731833498925
uniform,15,250,150,102,103,1,0,1984,48.14123624700005
uniform,15,250,150,102,103,1,0,1985,48.168544078973355
uniform,15,250,150,102,103,1,0,1986,48.1919532379834
uniform,15,250,150,102,103,1,0,1987,48.22277245798614
uniform,15,250,150,102,103,1,0,1988,48.247941554000136
uniform,15,250,150,102,103,1,0,1989,48.27178540098248
uniform,15,250,150,102,103,1,0,1990,48.29299627
uniform,15,250,150,102,103,1,0,1991,48.31979863799643
uniform,15,250,150,102,103,1,0,1992,48.35390081998776
uniform,15,250,150,102,103,1,0,1993,48.38751727598719
uniform,15,250,150,102,103,1,0,1994,48.41802140997606
uniform,15,250,150,102,103,1,0,1995,48.44505229097558
uniform,15,250,150,102,103,1,0,1996,48.468857504980406
uniform,15,250,150,102,103,1,0,1997,48.49916352098808
uniform,15,250,150,102,103,1,0,1998,48.522283980972134
uniform,15,250,150,102,103,1,0,1999,48.54844701199909
uniform,15,250,150,102,103,1,0,2000,48.574372792994836
uniform,15,250,150,102,103,1,0,2001,48.601424542983295
uniform,15,250,150,102,103,1,0,2002,48.6264826169936
uniform,15,250,150,102,103,1,0,2003,48.65193628097768
uniform,15,250,150,102,103,1,0,2004,48.675178795994725
uniform,15,250,150,102,103,1,0,2005,48.69958860197221
uniform,15,250,150,102,103,1,0,2006,48.72355768198031
uniform,15,250,150,102,103,1,0,2007,48.75015240799985
uniform,15,250,150,102,103,1,0,2008,48.774018058989896
uniform,15,250,150,102,103,1,0,2009,48.79478015497443
uniform,15,250,150,102,103,1,0,2010,48.81702451698948
uniform,15,250,150,102,103,1,0,2011,48.84180423998623
uniform,15,250,150,102,103,1,0,2012,48.86634691999643
uniform,15,250,150,102,103,1,0,2013,48.88876913397689
uniform,15,250,150,102,103,1,0,2014,48.910028642974794
uniform,15,250,150,102,103,1,0,2015,48.936864605988376
uniform,15,250,150,102,103,1,0,2016,48.96033033897402
uniform,15,250,150,102,103,1,0,2017,48.98295381999924
uniform,15,250,150,102,103,1,0,2018,49.00373776999186
uniform,15,250,150,102,103,1,0,2019,49.02666598599171
uniform,15,250,150,102,103,1,0,2020,49.04901626199717
uniform,15,250,150,102,103,1,0,2021,49.07658908198937
uniform,15,250,150,102,103,1,0,2022,49.104769616998965
uniform,15,250,150,102,103,1,0,2023,49.1297342129983
uniform,15,250,150,102,103,1,0,2024,49.15127667799243
uniform,15,250,150,102,103,1,0,2025,49.17477164597949
uniform,15,250,150,102,103,1,0,2026,49.1967977679742
uniform,15,250,150,102,103,1,0,2027,49.21984594198875
uniform,15,250,150,102,103,1,0,2028,49.24340439599473
uniform,15,250,150,102,103,1,0,2029,49.26849664299516
uniform,15,250,150,102,103,1,0,2030,49.28940010498627
uniform,15,250,150,102,103,1,0,2031,49.31249358897912
uniform,15,250,150,102,103,1,0,2032,49.334080593980616
uniform,15,250,150,102,103,1,0,2033,49.35598642597324
uniform,15,250,150,102,103,1,0,2034,49.37752205398283
uniform,15,250,150,102,103,1,0,2035,49.3994133049855
uniform,15,250,150,102,103,1,0,2036,49.42446815400035
uniform,15,250,150,102,103,1,0,2037,49.4512847919832
uniform,15,250,150,102,103,1,0,2038,49.47449408398825
uniform,15,250,150,102,103,1,0,2039,49.49819311598549
uniform,15,250,150,102,103,1,0,2040,49.522406162985135
uniform,15,250,150,102,103,1,0,2041,49.5460602339881
uniform,15,250,150,102,103,1,0,2042,49.5690212979971
uniform,15,250,150,102,103,1,0,2043,49.5942289189843
uniform,15,250,150,102,103,1,0,2044,49.617794604972005
uniform,15,250,150,102,103,1,0,2045,49.63999934997992
uniform,15,250,150,102,103,1,0,2046,49.661305811983766
uniform,15,250,150,102,103,1,0,2047,49.68376419498236
uniform,15,250,150,102,103,1,0,2048,49.705138543999055
uniform,15,250,150,102,103,1,0,2049,49.727557451988105
uniform,15,250,150,102,103,1,0,2050,49.75084995100042
uniform,15,250,150,102,103,1,0,2051,49.77865864499472
uniform,15,250,150,102,103,1,0,2052,49.80459448299371
uniform,15,250,150,102,103,1,0,2053,49.82658203699975
uniform,15,250,150,102,103,1,0,2054,49.846821456972975
uniform,15,250,150,102,103,1,0,2055,49.87232302798657
uniform,15,250,150,102,103,1,0,2056,49.89832471997943
uniform,15,250,150,102,103,1,0,2057,49.929854937974596
uniform,15,250,150,102,103,1,0,2058,49.952457675972255
uniform,15,250,150,102,103,1,0,2059,49.97425116499653
uniform,15,250,150,102,103,1,0,2060,49.997442419989966
uniform,15,250,150,102,103,1,0,2061,50.02186033499311
uniform,15,250,150,102,103,1,0,2062,50.051215641986346
uniform,15,250,150,102,103,1,0,2063,50.081047022977145
uniform,15,250,150,102,103,1,0,2064,50.1036768219783
uniform,15,250,150,102,103,1,0,2065,50.12570093199611
uniform,15,250,150,102,103,1,0,2066,50.1517571429722
uniform,15,250,150,102,103,1,0,2067,50.18391274797614
uniform,15,250,150,102,103,1,0,2068,50.20502555297571
uniform,15,250,150,102,103,1,0,2069,50.225993248983286
uniform,15,250,150,102,103,1,0,2070,50.24616928899195
uniform,15,250,150,102,103,1,0,2071,50.27045993998763
uniform,15,250,150,102,103,1,0,2072,50.30526099598501
uniform,15,250,150,102,103,1,0,2073,50.328753025998594
uniform,15,250,150,102,103,1,0,2074,50.350881810998544
uniform,15,250,150,102,103,1,0,2075,50.3729688229796
uniform,15,250,150,102,103,1,0,2076,50.396945794986095
uniform,15,250,150,102,103,1,0,2077,50.42196558698197
uniform,15,250,150,102,103,1,0,2078,50.443919958983315
uniform,15,250,150,102,103,1,0,2079,50.47011147197918
uniform,15,250,150,102,103,1,0,2080,50.49611633797758
uniform,15,250,150,102,103,1,0,2081,50.52174342999933
uniform,15,250,150,102,103,1,0,2082,50.546604541974375
uniform,15,250,150,102,103,1,0,2083,50.569728136993945
uniform,15,250,150,102,103,1,0,2084,50.5924552269862
uniform,15,250,150,102,103,1,0,2085,50.61999604199082
uniform,15,250,150,102,103,1,0,2086,50.641898763977224
uniform,15,250,150,102,103,1,0,2087,50.66890810598852
uniform,15,250,150,102,103,1,0,2088,50.68937965299119
uniform,15,250,150,102,103,1,0,2089,50.71239751999383
uniform,15,250,150,102,103,1,0,2090,50.733036676974734
uniform,15,250,150,102,103,1,0,2091,50.754640134982765
uniform,15,250,150,102,103,1,0,2092,50.77647799998522
uniform,15,250,150,102,103,1,0,2093,50.80249261399149
uniform,15,250,150,102,103,1,0,2094,50.82578311898396
uniform,15,250,150,102,103,1,0,2095,50.84754050997435
uniform,15,250,150,102,103,1,0,2096,50.87002519398811
uniform,15,250,150,102,103,1,0,2097,50.89352549999603
uniform,15,250,150,102,103,1,0,2098,50.92244148399914
uniform,15,250,150,102,103,1,0,2099,50.94885977398371
uniform,15,250,150,102,103,1,0,2100,50.974434106989065
uniform,15,250,150,102,103,1,0,2101,50.99836050099111
uniform,15,250,150,102,103,1,0,2102,51.02012924099108
uniform,15,250,150,102,103,1,0,2103,51.046576972992625
uniform,15,250,150,102,103,1,0,2104,51.0697882079985
uniform,15,250,150,102,103,1,0,2105,51.09564821299864
uniform,15,250,150,102,103,1,0,2106,51.11619602199062
uniform,15,250,150,102,103,1,0,2107,51.1431373609812
uniform,15,250,150,102,103,1,0,2108,51.17420264298562
uniform,15,250,150,102,103,1,0,2109,51.19877951397211
uniform,15,250,150,102,103,1,0,2110,51.22049053199589
uniform,15,250,150,102,103,1,0,2111,51.2468637439888
uniform,15,250,150,102,103,1,0,2112,51.275712923990795
uniform,15,250,150,102,103,1,0,2113,51.298623559996486
uniform,15,250,150,102,103,1,0,2114,51.3190154399781
uniform,15,250,150,102,103,1,0,2115,51.345402556995396
uniform,15,250,150,102,103,1,0,2116,51.371481894981116
uniform,15,250,150,102,103,1,0,2117,51.39499533697381
uniform,15,250,150,102,103,1,0,2118,51.41807758799405
uniform,15,250,150,102,103,1,0,2119,51.44527825998375
uniform,15,250,150,102,103,1,0,2120,51.46881569898687
uniform,15,250,150,102,103,1,0,2121,51.49096671998268
uniform,15,250,150,102,103,1,0,2122,51.51373743699514
uniform,15,250,150,102,103,1,0,2123,51.53532481598086
uniform,15,250,150,102,103,1,0,2124,51.55655003499123
uniform,15,250,150,102,103,1,0,2125,51.58136990797357
uniform,15,250,150,102,103,1,0,2126,51.60168616997544
uniform,15,250,150,102,103,1,0,2127,51.62264549799147
uniform,15,250,150,102,103,1,0,2128,51.64726857098867
uniform,15,250,150,102,103,1,0,2129,51.67150792697794
uniform,15,250,150,102,103,1,0,2130,51.69435843999963
uniform,15,250,150,102,103,1,0,2131,51.716031626972836
uniform,15,250,150,102,103,1,0,2132,51.74226880198694
uniform,15,250,150,102,103,1,0,2133,51.764202293998096
uniform,15,250,150,102,103,1,0,2134,51.78484529699199
uniform,15,250,150,102,103,1,0,2135,51.80644193597254
uniform,15,250,150,102,103,1,0,2136,51.82820625999011
uniform,15,250,150,102,103,1,0,2137,51.851084855996305
uniform,15,250,150,102,103,1,0,2138,51.87135092599783
uniform,15,250,150,102,103,1,0,2139,51.892892702977406
uniform,15,250,150,102,103,1,0,2140,51.91544100199826
uniform,15,250,150,102,103,1,0,2141,51.937956162990304
uniform,15,250,150,102,103,1,0,2142,51.958286977984244
uniform,15,250,150,102,103,1,0,2143,51.98260091597331
uniform,15,250,150,102,103,1,0,2144,52.00286661498831
uniform,15,250,150,102,103,1,0,2145,52.03117590898182
uniform,15,250,150,102,103,1,0,2146,52.05721391100087
uniform,15,250,150,102,103,1,0,2147,52.083205366972834
uniform,15,250,150,102,103,1,0,2148,52.1109638089838
uniform,15,250,150,102,103,1,0,2149,52.13495158799924
uniform,15,250,150,102,103,1,0,2150,52.16054933599662
uniform,15,250,150,102,103,1,0,2151,52.18324486998608
uniform,15,250,150,102,103,1,0,2152,52.20832853199681
uniform,15,250,150,102,103,1,0,2153,52.23082711099414
uniform,15,250,150,102,103,1,0,2154,52.25251935599954
uniform,15,250,150,102,103,1,0,2155,52.2776232729957
uniform,15,250,150,102,103,1,0,2156,52.30129513799329
uniform,15,250,150,102,103,1,0,2157,52.32964893299504
uniform,15,250,150,102,103,1,0,2158,52.35122564097401
uniform,15,250,150,102,103,1,0,2159,52.37439642800018
uniform,15,250,150,102,103,1,0,2160,52.39570843297406
uniform,15,250,150,102,103,1,0,2161,52.41987533000065
uniform,15,250,150,102,103,1,0,2162,52.442493808979634
uniform,15,250,150,102,103,1,0,2163,52.47005981198163
uniform,15,250,150,102,103,1,0,2164,52.49311052297708
uniform,15,250,150,102,103,1,0,2165,52.51942999300081
uniform,15,250,150,102,103,1,0,2166,52.54147003099206
uniform,15,250,150,102,103,1,0,2167,52.56555923598353
uniform,15,250,150,102,103,1,0,2168,52.59057531299186
uniform,15,250,150,102,103,1,0,2169,52.61292281898204
uniform,15,250,150,102,103,1,0,2170,52.637731974973576
uniform,15,250,150,102,103,1,0,2171,52.66163377399789
uniform,15,250,150,102,103,1,0,2172,52.686358622973785
uniform,15,250,150,102,103,1,0,2173,52.712958605989115
uniform,15,250,150,102,103,1,0,2174,52.736265227984404
uniform,15,250,150,102,103,1,0,2175,52.75953883299371
uniform,15,250,150,102,103,1,0,2176,52.782101567980135
uniform,15,250,150,102,103,1,0,2177,52.80594572197879
uniform,15,250,150,102,103,1,0,2178,52.832315346982796
uniform,15,250,150,102,103,1,0,2179,52.85705809298088
uniform,15,250,150,102,103,1,0,2180,52.87963534798473
uniform,15,250,150,102,103,1,0,2181,52.90827259197249
uniform,15,250,150,102,103,1,0,2182,52.93317587199272
uniform,15,250,150,102,103,1,0,2183,52.96069513398106
uniform,15,250,150,102,103,1,0,2184,52.99159849897842
uniform,15,250,150,102,103,1,0,2185,53.01446826697793
uniform,15,250,150,102,103,1,0,2186,53.036086980981054
uniform,15,250,150,102,103,1,0,2187,53.06258543799049
uniform,15,250,150,102,103,1,0,2188,53.09562884099432
uniform,15,250,150,102,103,1,0,2189,53.119035800977144
uniform,15,250,150,102,103,1,0,2190,53.14252966499771
uniform,15,250,150,102,103,1,0,2191,53.16646724799648
uniform,15,250,150,102,103,1,0,2192,53.189942968980176
uniform,15,250,150,102,103,1,0,2193,53.218640571984
uniform,15,250,150,102,103,1,0,2194,53.245018050976796
uniform,15,250,150,102,103,1,0,2195,53.269671793997986
uniform,15,250,150,102,103,1,0,2196,53.29488742098329
uniform,15,250,150,102,103,1,0,2197,53.325208037975244
uniform,15,250,150,102,103,1,0,2198,53.347754543996416
uniform,15,250,150,102,103,1,0,2199,53.37493565498153
uniform,15,250,150,102,103,1,0,2200,53.397770310984924
uniform,15,250,150,102,103,1,0,2201,53.42298919399036
uniform,15,250,150,102,103,1,0,2202,53.44633779398282
uniform,15,250,150,102,103,1,0,2203,53.468379378988175
uniform,15,250,150,102,103,1,0,2204,53.49194786598673
uniform,15,250,150,102,103,1,0,2205,53.514394832978724
uniform,15,250,150,102,103,1,0,2206,53.53819494598429
uniform,15,250,150,102,103,1,0,2207,53.56163392699091
uniform,15,250,150,102,103,1,0,2208,53.583866094995756
uniform,15,250,150,102,103,1,0,2209,53.605742756975815
uniform,15,250,150,102,103,1,0,2210,53.6296098199964
uniform,15,250,150,102,103,1,0,2211,53.6531851629843
uniform,15,250,150,102,103,1,0,2212,53.67541482797242
uniform,15,250,150,102,103,1,0,2213,53.69759739199071
uniform,15,250,150,102,103,1,0,2214,53.7190093859972
uniform,15,250,150,102,103,1,0,2215,53.74582265099161
uniform,15,250,150,102,103,1,0,2216,53.76981225097552
uniform,15,250,150,102,103,1,0,2217,53.794287682976574
uniform,15,250,150,102,103,1,0,2218,53.818383185978746
uniform,15,250,150,102,103,1,0,2219,53.8418327869731
uniform,15,250,150,102,103,1,0,2220,53.86642104398925
uniform,15,250,150,102,103,1,0,2221,53.88902430899907
uniform,15,250,150,102,103,1,0,2222,53.91014209497371
uniform,15,250,150,102,103,1,0,2223,53.93438943399815
uniform,15,250,150,102,103,1,0,2224,53.96160715597216
uniform,15,250,150,102,103,1,0,2225,53.98339666798711
uniform,15,250,150,102,103,1,0,2226,54.01468137797201
uniform,15,250,150,102,103,1,0,2227,54.04169489798369
uniform,15,250,150,102,103,1,0,2228,54.06681664797361
uniform,15,250,150,102,103,1,0,2229,54.09212340097292
uniform,15,250,150,102,103,1,0,2230,54.125395121984184
uniform,15,250,150,102,103,1,0,2231,54.14905773598002
uniform,15,250,150,102,103,1,0,2232,54.17787062298157
uniform,15,250,150,102,103,1,0,2233,54.20186192897381
uniform,15,250,150,102,103,1,0,2234,54.22866777298623
uniform,15,250,150,102,103,1,0,2235,54.25278309098212
uniform,15,250,150,102,103,1,0,2236,54.27565568397404
uniform,15,250,150,102,103,1,0,2237,54.31076209299499
uniform,15,250,150,102,103,1,0,2238,54.33389116299804
uniform,15,250,150,102,103,1,0,2239,54.36211822598125
uniform,15,250,150,102,103,1,0,2240,54.38370899297297
uniform,15,250,150,102,103,1,0,2241,54.40499103197362
uniform,15,250,150,102,103,1,0,2242,54.4252721699886
uniform,15,250,150,102,103,1,0,2243,54.453292894992046
uniform,15,250,150,102,103,1,0,2244,54.47618622897426
uniform,15,250,150,102,103,1,0,2245,54.50306007597828
uniform,15,250,150,102,103,1,0,2246,54.52688150497852
uniform,15,250,150,102,103,1,0,2247,54.55824660099461
uniform,15,250,150,102,103,1,0,2248,54.58868254898698
uniform,15,250,150,102,103,1,0,2249,54.62946036198991
uniform,15,250,150,102,103,1,0,2250,54.65367589198286
uniform,15,250,150,102,103,1,0,2251,54.68179167798371
uniform,15,250,150,102,103,1,0,2252,54.70470230097999
uniform,15,250,150,102,103,1,0,2253,54.727452230989
uniform,15,250,150,102,103,1,0,2254,54.751833852991695
uniform,15,250,150,102,103,1,0,2255,54.7816005339846
uniform,15,250,150,102,103,1,0,2256,54.80326656799298
uniform,15,250,150,102,103,1,0,2257,54.826157481991686
uniform,15,250,150,102,103,1,0,2258,54.853128132992424
uniform,15,250,150,102,103,1,0,2259,54.87663488497492
uniform,15,250,150,102,103,1,0,2260,54.90212154798792
uniform,15,250,150,102,103,1,0,2261,54.92726603499614
uniform,15,250,150,102,103,1,0,2262,54.95138435298577
uniform,15,250,150,102,103,1,0,2263,54.98070564799127
uniform,15,250,150,102,103,1,0,2264,55.0142935209733
uniform,15,250,150,102,103,1,0,2265,55.04924955099705
uniform,15,250,150,102,103,1,0,2266,55.09019725897815
uniform,15,250,150,102,103,1,0,2267,55.12705307797296
uniform,15,250,150,102,103,1,0,2268,55.14946486099507
uniform,15,250,150,102,103,1,0,2269,55.17895350698382
uniform,15,250,150,102,103,1,0,2270,55.20641558498028
uniform,15,250,150,102,103,1,0,2271,55.23090997998952
uniform,15,250,150,102,103,1,0,2272,55.25679373298772
uniform,15,250,150,102,103,1,0,2273,55.285659379995195
uniform,15,250,150,102,103,1,0,2274,55.31138075297349
uniform,15,250,150,102,103,1,0,2275,55.33336692597368
uniform,15,250,150,102,103,1,0,2276,55.3574362519721
uniform,15,250,150,102,103,1,0,2277,55.38231645198539
uniform,15,250,150,102,103,1,0,2278,55.407319629972335
uniform,15,250,150,102,103,1,0,2279,55.431787479989
uniform,15,250,150,102,103,1,0,2280,55.459291474981
uniform,15,250,150,102,103,1,0,2281,55.4844212839962
uniform,15,250,150,102,103,1,0,2282,55.50541579598212
uniform,15,250,150,102,103,1,0,2283,55.534363976999884
uniform,15,250,150,102,103,1,0,2284,55.59025777998613
uniform,15,250,150,102,103,1,0,2285,55.68581668098341
uniform,15,250,150,102,103,1,0,2286,55.708915714989416
uniform,15,250,150,102,103,1,0,2287,55.73317354999017
uniform,15,250,150,102,103,1,0,2288,55.759977857000194
uniform,15,250,150,102,103,1,0,2289,55.78869524897891
uniform,15,250,150,102,103,1,0,2290,55.814897562988335
uniform,15,250,150,102,103,1,0,2291,55.83918059899588
uniform,15,250,150,102,103,1,0,2292,55.86507144998177
uniform,15,250,150,102,103,1,0,2293,55.89037957499386
uniform,15,250,150,102,103,1,0,2294,55.91289889498148
uniform,15,250,150,102,103,1,0,2295,55.94292739298544
uniform,15,250,150,102,103,1,0,2296,55.97626279600081
uniform,15,250,150,102,103,1,0,2297,56.001877720991615
uniform,15,250,150,102,103,1,0,2298,56.02415688999463
uniform,15,250,150,102,103,1,0,2299,56.05344814498676
uniform,15,250,150,102,103,1,0,2300,56.076379919977626
uniform,15,250,150,102,103,1,0,2301,56.102868713991484
uniform,15,250,150,102,103,1,0,2302,56.127899072977016
uniform,15,250,150,102,103,1,0,2303,56.15975224698195
uniform,15,250,150,102,103,1,0,2304,56.18291456697625
uniform,15,250,150,102,103,1,0,2305,56.20865371997934
uniform,15,250,150,102,103,1,0,2306,56.23136445999262
uniform,15,250,150,102,103,1,0,2307,56.25479250197532
uniform,15,250,150,102,103,1,0,2308,56.27686093898956
uniform,15,250,150,102,103,1,0,2309,56.29958237399114
uniform,15,250,150,102,103,1,0,2310,56.32137849999708
uniform,15,250,150,102,103,1,0,2311,56.34595454897499
uniform,15,250,150,102,103,1,0,2312,56.368262985983165
uniform,15,250,150,102,103,1,0,2313,56.396133139991434
uniform,15,250,150,102,103,1,0,2314,56.42208295897581
uniform,15,250,150,102,103,1,0,2315,56.44481316697784
uniform,15,250,150,102,103,1,0,2316,56.46981390399742
uniform,15,250,150,102,103,1,0,2317,56.49171735398704
uniform,15,250,150,102,103,1,0,2318,56.51270078099333
uniform,15,250,150,102,103,1,0,2319,56.53472701998544
uniform,15,250,150,102,103,1,0,2320,56.55563419498503
uniform,15,250,150,102,103,1,0,2321,56.58078614898841
uniform,15,250,150,102,103,1,0,2322,56.6072255189938
uniform,15,250,150,102,103,1,0,2323,56.63119027399807
uniform,15,250,150,102,103,1,0,2324,56.660152100987034
uniform,15,250,150,102,103,1,0,2325,56.68755350098945
uniform,15,250,150,102,103,1,0,2326,56.72021226398647
uniform,15,250,150,102,103,1,0,2327,56.744635121984174
uniform,15,250,150,102,103,1,0,2328,56.76652168898727
uniform,15,250,150,102,103,1,0,2329,56.7908813469985
uniform,15,250,150,102,103,1,0,2330,56.81502729898784
uniform,15,250,150,102,103,1,0,2331,56.84587871597614
uniform,15,250,150,102,103,1,0,2332,56.871912481990876
uniform,15,250,150,102,103,1,0,2333,56.898105887987185
uniform,15,250,150,102,103,1,0,2334,56.92306507297326
uniform,15,250,150,102,103,1,0,2335,56.94630379698356
uniform,15,250,150,102,103,1,0,2336,56.96805068998947
uniform,15,250,150,102,103,1,0,2337,56.991044846974546
uniform,15,250,150,102,103,1,0,2338,57.01300328999059
uniform,15,250,150,102,103,1,0,2339,57.03587888999027
uniform,15,250,150,102,103,1,0,2340,57.06059658998856
uniform,15,250,150,102,103,1,0,2341,57.08742202699068
uniform,15,250,150,102,103,1,0,2342,57.110077642981196
uniform,15,250,150,102,103,1,0,2343,57.13177743399865
uniform,15,250,150,102,103,1,0,2344,57.15395950997481
uniform,15,250,150,102,103,1,0,2345,57.17810423998162
uniform,15,250,150,102,103,1,0,2346,57.20019066997338
uniform,15,250,150,102,103,1,0,2347,57.2258826889738
uniform,15,250,150,102,103,1,0,2348,57.247961331973784
uniform,15,250,150,102,103,1,0,2349,57.27140786999371
uniform,15,250,150,102,103,1,0,2350,57.29394641198451
uniform,15,250,150,102,103,1,0,2351,57.317399547988316
uniform,15,250,150,102,103,1,0,2352,57.3438284570002
uniform,15,250,150,102,103,1,0,2353,57.36706644797232
uniform,15,250,150,102,103,1,0,2354,57.39095861199894
uniform,15,250,150,102,103,1,0,2355,57.41544191897265
uniform,15,250,150,102,103,1,0,2356,57.443205196992494
uniform,15,250,150,102,103,1,0,2357,57.46679150898126
uniform,15,250,150,102,103,1,0,2358,57.49221506799222
uniform,15,250,150,102,103,1,0,2359,57.51666418198147
uniform,15,250,150,102,103,1,0,2360,57.54072540497873
uniform,15,250,150,102,103,1,0,2361,57.5662528249959
uniform,15,250,150,102,103,1,0,2362,57.58698853699025
uniform,15,250,150,102,103,1,0,2363,57.61078901597648
uniform,15,250,150,102,103,1,0,2364,57.63206820099731
uniform,15,250,150,102,103,1,0,2365,57.653541634994326
uniform,15,250,150,102,103,1,0,2366,57.675703249988146
uniform,15,250,150,102,103,1,0,2367,57.69730161197367
uniform,15,250,150,102,103,1,0,2368,57.71955382998567
uniform,15,250,150,102,103,1,0,2369,57.74555030197371
uniform,15,250,150,102,103,1,0,2370,57.76626255197334
uniform,15,250,150,102,103,1,0,2371,57.795894583978225
uniform,15,250,150,102,103,1,0,2372,57.82335172899184
uniform,15,250,150,102,103,1,0,2373,57.8477521679888
uniform,15,250,150,102,103,1,0,2374,57.87253426597454
uniform,15,250,150,102,103,1,0,2375,57.89509218398598
uniform,15,250,150,102,103,1,0,2376,57.91854773898376
uniform,15,250,150,102,103,1,0,2377,57.94090394797968
uniform,15,250,150,102,103,1,0,2378,57.961136854981305
uniform,15,250,150,102,103,1,0,2379,57.98234699698514
uniform,15,250,150,102,103,1,0,2380,58.00237980298698
uniform,15,250,150,102,103,1,0,2381,58.02357242497965
uniform,15,250,150,102,103,1,0,2382,58.04506003099959
uniform,15,250,150,102,103,1,0,2383,58.06910569497268
uniform,15,250,150,102,103,1,0,2384,58.090459301980445
uniform,15,250,150,102,103,1,0,2385,58.11235318999388
uniform,15,250,150,102,103,1,0,2386,58.13723529098206
uniform,15,250,150,102,103,1,0,2387,58.159431464999216
uniform,15,250,150,102,103,1,0,2388,58.181916576984804
uniform,15,250,150,102,103,1,0,2389,58.203832421975676
uniform,15,250,150,102,103,1,0,2390,58.232523043989204
uniform,15,250,150,102,103,1,0,2391,58.25532276398735
uniform,15,250,150,102,103,1,0,2392,58.27662474499084
uniform,15,250,150,102,103,1,0,2393,58.30643553897971
uniform,15,250,150,102,103,1,0,2394,58.32993246399565
uniform,15,250,150,102,103,1,0,2395,58.35167710197857
uniform,15,250,150,102,103,1,0,2396,58.3731016870006
uniform,15,250,150,102,103,1,0,2397,58.39433357398957
uniform,15,250,150,102,103,1,0,2398,58.41902587597724
uniform,15,250,150,102,103,1,0,2399,58.44471549097216
uniform,15,250,150,102,103,1,0,2400,58.46553398898686
uniform,15,250,150,102,103,1,0,2401,58.48903682699893
uniform,15,250,150,102,103,1,0,2402,58.50976992599317
uniform,15,250,150,102,103,1,0,2403,58.53721270497772
uniform,15,250,150,102,103,1,0,2404,58.569129479990806
uniform,15,250,150,102,103,1,0,2405,58.5931030989741
uniform,15,250,150,102,103,1,0,2406,58.613922341988655
uniform,15,250,150,102,103,1,0,2407,58.63773050397867
uniform,15,250,150,102,103,1,0,2408,58.664928420999786
uniform,15,250,150,102,103,1,0,2409,58.69245382398367
uniform,15,250,150,102,103,1,0,2410,58.715754040982574
uniform,15,250,150,102,103,1,0,2411,58.738446758972714
uniform,15,250,150,102,103,1,0,2412,58.761746593983844
uniform,15,250,150,102,103,1,0,2413,58.78410726299626
uniform,15,250,150,102,103,1,0,2414,58.80785481797648
uniform,15,250,150,102,103,1,0,2415,58.830919268977595
uniform,15,250,150,102,103,1,0,2416,58.85310602298705
uniform,15,250,150,102,103,1,0,2417,58.88002931399387
uniform,15,250,150,102,103,1,0,2418,58.903729295998346
uniform,15,250,150,102,103,1,0,2419,58.9322211209801
uniform,15,250,150,102,103,1,0,2420,58.95425338097266
uniform,15,250,150,102,103,1,0,2421,58.990942799980985
uniform,15,250,150,102,103,1,0,2422,59.017297618993325
uniform,15,250,150,102,103,1,0,2423,59.05128604499623
uniform,15,250,150,102,103,1,0,2424,59.083288236986846
uniform,15,250,150,102,103,1,0,2425,59.10955108597409
uniform,15,250,150,102,103,1,0,2426,59.131674598000245
uniform,15,250,150,102,103,1,0,2427,59.161393670976395
uniform,15,250,150,102,103,1,0,2428,59.18639345999691
uniform,15,250,150,102,103,1,0,2429,59.21454835199984
uniform,15,250,150,102,103,1,0,2430,59.23723111898289
uniform,15,250,150,102,103,1,0,2431,59.26317539997399
uniform,15,250,150,102,103,1,0,2432,59.293778476974694
uniform,15,250,150,102,103,1,0,2433,59.32131352799479
uniform,15,250,150,102,103,1,0,2434,59.34501399597502
uniform,15,250,150,102,103,1,0,2435,59.38038166597835
uniform,15,250,150,102,103,1,0,2436,59.40614610599005
uniform,15,250,150,102,103,1,0,2437,59.43201532197418
uniform,15,250,150,102,103,1,0,2438,59.45309484997415
uniform,15,250,150,102,103,1,0,2439,59.4760003729898
uniform,15,250,150,102,103,1,0,2440,59.49873518498498
uniform,15,250,150,102,103,1,0,2441,59.522989630000666
uniform,15,250,150,102,103,1,0,2442,59.54613245098153
uniform,15,250,150,102,103,1,0,2443,59.56792975097778
uniform,15,250,150,102,103,1,0,2444,59.59044548298698
uniform,15,250,150,102,103,1,0,2445,59.61477011698298
uniform,15,250,150,102,103,1,0,2446,59.638367376988754
uniform,15,250,150,102,103,1,0,2447,59.67086551498505
uniform,15,250,150,102,103,1,0,2448,59.692054307000944
uniform,15,250,150,102,103,1,0,2449,59.71395565799321
uniform,15,250,150,102,103,1,0,2450,59.73556463199202
uniform,15,250,150,102,103,1,0,2451,59.758199199975934
uniform,15,250,150,102,103,1,0,2452,59.782105162972584
uniform,15,250,150,102,103,1,0,2453,59.80526888099848
uniform,15,250,150,102,103,1,0,2454,59.83647846299573
uniform,15,250,150,102,103,1,0,2455,59.870272776985075
uniform,15,250,150,102,103,1,0,2456,59.89404684197507
uniform,15,250,150,102,103,1,0,2457,59.91664696598309
uniform,15,250,150,102,103,1,0,2458,59.93796370099881
uniform,15,250,150,102,103,1,0,2459,59.96001356097986
uniform,15,250,150,102,103,1,0,2460,59.98784243297996
uniform,15,250,150,102,103,1,0,2461,60.011982336000074
uniform,15,250,150,102,103,1,0,2462,60.03490463498747
uniform,15,250,150,102,103,1,0,2463,60.059819214977324
uniform,15,250,150,102,103,1,0,2464,60.08123839698965
uniform,15,250,150,102,103,1,0,2465,60.11208489298588
uniform,15,250,150,102,103,1,0,2466,60.14090786097222
uniform,15,250,150,102,103,1,0,2467,60.1654920859728
uniform,15,250,150,102,103,1,0,2468,60.18748711497756
uniform,15,250,150,102,103,1,0,2469,60.20903096697293
uniform,15,250,150,102,103,1,0,2470,60.23492330897716
uniform,15,250,150,102,103,1,0,2471,60.261808923998615
uniform,15,250,150,102,103,1,0,2472,60.28253983697505
uniform,15,250,150,102,103,1,0,2473,60.306844218983315
uniform,15,250,150,102,103,1,0,2474,60.330425238993485
uniform,15,250,150,102,103,1,0,2475,60.35330611598329
uniform,15,250,150,102,103,1,0,2476,60.38300514398725
uniform,15,250,150,102,103,1,0,2477,60.40794031298719
uniform,15,250,150,102,103,1,0,2478,60.43186264997348
uniform,15,250,150,102,103,1,0,2479,60.45414439999149
uniform,15,250,150,102,103,1,0,2480,60.47590162497363
uniform,15,250,150,102,103,1,0,2481,60.50118356398889
uniform,15,250,150,102,103,1,0,2482,60.52496253899881
uniform,15,250,150,102,103,1,0,2483,60.54834434899385
uniform,15,250,150,102,103,1,0,2484,60.57142890497926
uniform,15,250,150,102,103,1,0,2485,60.59585341499769
uniform,15,250,150,102,103,1,0,2486,60.61877411798923
uniform,15,250,150,102,103,1,0,2487,60.64174811998964
uniform,15,250,150,102,103,1,0,2488,60.66406224897946
uniform,15,250,150,102,103,1,0,2489,60.68759971897816
uniform,15,250,150,102,103,1,0,2490,60.71439217598527
uniform,15,250,150,102,103,1,0,2491,60.736747722985456
uniform,15,250,150,102,103,1,0,2492,60.757160743989516
uniform,15,250,150,102,103,1,0,2493,60.784073281975
uniform,15,250,150,102,103,1,0,2494,60.812946742982604
uniform,15,250,150,102,103,1,0,2495,60.836923782975646
uniform,15,250,150,102,103,1,0,2496,60.86192152497824
uniform,15,250,150,102,103,1,0,2497,60.88394011298078
uniform,15,250,150,102,103,1,0,2498,60.904424676991766
uniform,15,250,150,102,103,1,0,2499,60.92685738799628
uniform,15,250,150,102,103,1,0,2500,60.94624268999905
uniform,15,250,150,102,103,1,0,2501,60.96763252798701
uniform,15,250,150,102,103,1,0,2502,60.99137739298749
uniform,15,250,150,102,103,1,0,2503,61.01549691398395
uniform,15,250,150,102,103,1,0,2504,61.041228756977944
uniform,15,250,150,102,103,1,0,2505,61.064835881988984
uniform,15,250,150,102,103,1,0,2506,61.08770701198955
uniform,15,250,150,102,103,1,0,2507,61.1122645859723
uniform,15,250,150,102,103,1,0,2508,61.1380924989935
uniform,15,250,150,102,103,1,0,2509,61.163220819988055
uniform,15,250,150,102,103,1,0,2510,61.1858730459935
uniform,15,250,150,102,103,1,0,2511,61.20973145897733
uniform,15,250,150,102,103,1,0,2512,61.23819091799669
uniform,15,250,150,102,103,1,0,2513,61.27071299997624
uniform,15,250,150,102,103,1,0,2514,61.29236801498337
uniform,15,250,150,102,103,1,0,2515,61.320841791981366
uniform,15,250,150,102,103,1,0,2516,61.341847092000535
uniform,15,250,150,102,103,1,0,2517,61.36834788299166
uniform,15,250,150,102,103,1,0,2518,61.394494501000736
uniform,15,250,150,102,103,1,0,2519,61.41647683098563
uniform,15,250,150,102,103,1,0,2520,61.437450565979816
uniform,15,250,150,102,103,1,0,2521,61.45913470798405
uniform,15,250,150,102,103,1,0,2522,61.48245759497513
uniform,15,250,150,102,103,1,0,2523,61.5085152190004
uniform,15,250,150,102,103,1,0,2524,61.5293809689756
uniform,15,250,150,102,103,1,0,2525,61.554387422977015
uniform,15,250,150,102,103,1,0,2526,61.57537584999227
uniform,15,250,150,102,103,1,0,2527,61.597806357982336
uniform,15,250,150,102,103,1,0,2528,61.62180463600089
uniform,15,250,150,102,103,1,0,2529,61.643620428978465
uniform,15,250,150,102,103,1,0,2530,61.669877818989335
uniform,15,250,150,102,103,1,0,2531,61.693083516991464
uniform,15,250,150,102,103,1,0,2532,61.71545223999419
uniform,15,250,150,102,103,1,0,2533,61.73827245499706
uniform,15,250,150,102,103,1,0,2534,61.759907233994454
uniform,15,250,150,102,103,1,0,2535,61.78331388899824
uniform,15,250,150,102,103,1,0,2536,61.80470375798177
uniform,15,250,150,102,103,1,0,2537,61.83385982198524
uniform,15,250,150,102,103,1,0,2538,61.856972202978795
uniform,15,250,150,102,103,1,0,2539,61.883300589979626
uniform,15,250,150,102,103,1,0,2540,61.9051245659939
uniform,15,250,150,102,103,1,0,2541,61.93034430098487
uniform,15,250,150,102,103,1,0,2542,61.951298599975416
uniform,15,250,150,102,103,1,0,2543,61.97420365497237
uniform,15,250,150,102,103,1,0,2544,61.99677232498652
uniform,15,250,150,102,103,1,0,2545,62.02189590697526
uniform,15,250,150,102,103,1,0,2546,62.04651961199124
uniform,15,250,150,102,103,1,0,2547,62.0697918869846
uniform,15,250,150,102,103,1,0,2548,62.09301307197893
uniform,15,250,150,102,103,1,0,2549,62.12047024999629
uniform,15,250,150,102,103,1,0,2550,62.141772435978055
uniform,15,250,150,102,103,1,0,2551,62.170181186986156
uniform,15,250,150,102,103,1,0,2552,62.193348743981915
uniform,15,250,150,102,103,1,0,2553,62.21449714899063
uniform,15,250,150,102,103,1,0,2554,62.234794094983954
uniform,15,250,150,102,103,1,0,2555,62.261359445983544
uniform,15,250,150,102,103,1,0,2556,62.28460455997265
uniform,15,250,150,102,103,1,0,2557,62.313354293000884
uniform,15,250,150,102,103,1,0,2558,62.33463958199718
uniform,15,250,150,102,103,1,0,2559,62.3580206699844
uniform,15,250,150,102,103,1,0,2560,62.38072785697295
uniform,15,250,150,102,103,1,0,2561,62.40468380099628
uniform,15,250,150,102,103,1,0,2562,62.42849848300102
uniform,15,250,150,102,103,1,0,2563,62.451817174995085
uniform,15,250,150,102,103,1,0,2564,62.47426971598179
uniform,15,250,150,102,103,1,0,2565,62.49838465999346
uniform,15,250,150,102,103,1,0,2566,62.51880548999179
uniform,15,250,150,102,103,1,0,2567,62.54149372497341
uniform,15,250,150,102,103,1,0,2568,62.5624595109839
uniform,15,250,150,102,103,1,0,2569,62.58819933299674
uniform,15,250,150,102,103,1,0,2570,62.611669995996635
uniform,15,250,150,102,103,1,0,2571,62.63775589197758
uniform,15,250,150,102,103,1,0,2572,62.673466037987964
uniform,15,250,150,102,103,1,0,2573,62.697457777976524
uniform,15,250,150,102,103,1,0,2574,62.71854401897872
uniform,15,250,150,102,103,1,0,2575,62.74199340399355
uniform,15,250,150,102,103,1,0,2576,62.76547326397849
uniform,15,250,150,102,103,1,0,2577,62.789284537982894
uniform,15,250,150,102,103,1,0,2578,62.8096235539997
uniform,15,250,150,102,103,1,0,2579,62.83890697499737
uniform,15,250,150,102,103,1,0,2580,62.862327769980766
uniform,15,250,150,102,103,1,0,2581,62.88408424597583
uniform,15,250,150,102,103,1,0,2582,62.90514954199898
uniform,15,250,150,102,103,1,0,2583,62.927285669982666
uniform,15,250,150,102,103,1,0,2584,62.95005583597231
uniform,15,250,150,102,103,1,0,2585,62.97240318698459
uniform,15,250,150,102,103,1,0,2586,62.99390165598015
uniform,15,250,150,102,103,1,0,2587,63.01615549399867
uniform,15,250,150,102,103,1,0,2588,63.04063951398712
uniform,15,250,150,102,103,1,0,2589,63.0647413469851
uniform,15,250,150,102,103,1,0,2590,63.08616056898609
uniform,15,250,150,102,103,1,0,2591,63.11972640498425
uniform,15,250,150,102,103,1,0,2592,63.14622149197385
uniform,15,250,150,102,103,1,0,2593,63.1746466489858
uniform,15,250,150,102,103,1,0,2594,63.199197124980856
uniform,15,250,150,102,103,1,0,2595,63.22234172397293
uniform,15,250,150,102,103,1,0,2596,63.24645169900032
uniform,15,250,150,102,103,1,0,2597,63.26938235198031
uniform,15,250,150,102,103,1,0,2598,63.29140435997397
uniform,15,250,150,102,103,1,0,2599,63.316453529987484
uniform,15,250,150,102,103,1,0,2600,63.33904940498178
uniform,15,250,150,102,103,1,0,2601,63.364414975978434
uniform,15,250,150,102,103,1,0,2602,63.388473016995704
uniform,15,250,150,102,103,1,0,2603,63.41329694498563
uniform,15,250,150,102,103,1,0,2604,63.43830787698971
uniform,15,250,150,102,103,1,0,2605,63.46112978598103
uniform,15,250,150,102,103,1,0,2606,63.48365222997381
uniform,15,250,150,102,103,1,0,2607,63.50687553698663
uniform,15,250,150,102,103,1,0,2608,63.528114082990214
uniform,15,250,150,102,103,1,0,2609,63.557552149984986
uniform,15,250,150,102,103,1,0,2610,63.582225360994926
uniform,15,250,150,102,103,1,0,2611,63.60324668500107
uniform,15,250,150,102,103,1,0,2612,63.63169734497205
uniform,15,250,150,102,103,1,0,2613,63.65623223700095
uniform,15,250,150,102,103,1,0,2614,63.67732158899889
uniform,15,250,150,102,103,1,0,2615,63.700958317000186
uniform,15,250,150,102,103,1,0,2616,63.72355962297297
uniform,15,250,150,102,103,1,0,2617,63.75331234099576
uniform,15,250,150,102,103,1,0,2618,63.77733845298644
uniform,15,250,150,102,103,1,0,2619,63.804650428995956
uniform,15,250,150,102,103,1,0,2620,63.826021442975616
uniform,15,250,150,102,103,1,0,2621,63.85073680797359
uniform,15,250,150,102,103,1,0,2622,63.87352091798675
uniform,15,250,150,102,103,1,0,2623,63.89483798597939
uniform,15,250,150,102,103,1,0,2624,63.91527662999579
uniform,15,250,150,102,103,1,0,2625,63.9366767249885
uniform,15,250,150,102,103,1,0,2626,63.95820417898358
uniform,15,250,150,102,103,1,0,2627,63.980915325984824
uniform,15,250,150,102,103,1,0,2628,64.00130360899493
uniform,15,250,150,102,103,1,0,2629,64.02579594997223
uniform,15,250,150,102,103,1,0,2630,64.04734258598182
uniform,15,250,150,102,103,1,0,2631,64.07082492497284
uniform,15,250,150,102,103,1,0,2632,64.09410514699994
uniform,15,250,150,102,103,1,0,2633,64.119664429978
uniform,15,250,150,102,103,1,0,2634,64.14103366198833
uniform,15,250,150,102,103,1,0,2635,64.16934455398587
uniform,15,250,150,102,103,1,0,2636,64.19023529597325
uniform,15,250,150,102,103,1,0,2637,64.21148253499996
uniform,15,250,150,102,103,1,0,2638,64.23698572799913
uniform,15,250,150,102,103,1,0,2639,64.26162029398256
uniform,15,250,150,102,103,1,0,2640,64.2844849449757
uniform,15,250,150,102,103,1,0,2641,64.30817873199703
uniform,15,250,150,102,103,1,0,2642,64.331538953993
uniform,15,250,150,102,103,1,0,2643,64.35537192400079
uniform,15,250,150,102,103,1,0,2644,64.37883680398227
uniform,15,250,150,102,103,1,0,2645,64.40641432799748
uniform,15,250,150,102,103,1,0,2646,64.42774875299074
uniform,15,250,150,102,103,1,0,2647,64.44906802897458
uniform,15,250,150,102,103,1,0,2648,64.47149277298013
uniform,15,250,150,102,103,1,0,2649,64.5001548199798
uniform,15,250,150,102,103,1,0,2650,64.52601911997772
uniform,15,250,150,102,103,1,0,2651,64.54835785299656
uniform,15,250,150,102,103,1,0,2652,64.57020211499184
uniform,15,250,150,102,103,1,0,2653,64.59370488298009
uniform,15,250,150,102,103,1,0,2654,64.61829844597378
uniform,15,250,150,102,103,1,0,2655,64.64258944799076
uniform,15,250,150,102,103,1,0,2656,64.66936472197995
uniform,15,250,150,102,103,1,0,2657,64.69604836398503
uniform,15,250,150,102,103,1,0,2658,64.72076226299396
uniform,15,250,150,102,103,1,0,2659,64.7465349129925
uniform,15,250,150,102,103,1,0,2660,64.76874853097252
uniform,15,250,150,102,103,1,0,2661,64.79553684699931
uniform,15,250,150,102,103,1,0,2662,64.81849699799204
uniform,15,250,150,102,103,1,0,2663,64.8420900029887
uniform,15,250,150,102,103,1,0,2664,64.86422471198603
uniform,15,250,150,102,103,1,0,2665,64.88864876297885
uniform,15,250,150,102,103,1,0,2666,64.91420032997848
uniform,15,250,150,102,103,1,0,2667,64.94106378397555
uniform,15,250,150,102,103,1,0,2668,64.96667421597522
uniform,15,250,150,102,103,1,0,2669,64.9932661629864
uniform,15,250,150,102,103,1,0,2670,65.0188620959816
uniform,15,250,150,102,103,1,0,2671,65.04826963899541
uniform,15,250,150,102,103,1,0,2672,65.07559820098686
uniform,15,250,150,102,103,1,0,2673,65.10501869497239
uniform,15,250,150,102,103,1,0,2674,65.13677314398228
uniform,15,250,150,102,103,1,0,2675,65.17200495998259
uniform,15,250,150,102,103,1,0,2676,65.20254011198995
uniform,15,250,150,102,103,1,0,2677,65.23947243698058
uniform,15,250,150,102,103,1,0,2678,65.27493862598203
uniform,15,250,150,102,103,1,0,2679,65.3149143869814
uniform,15,250,150,102,103,1,0,2680,65.34562501698383
uniform,15,250,150,102,103,1,0,2681,65.37324005298433
uniform,15,250,150,102,103,1,0,2682,65.4021236509725
uniform,15,250,150,102,103,1,0,2683,65.42636306598433
uniform,15,250,150,102,103,1,0,2684,65.44995478499914
uniform,15,250,150,102,103,1,0,2685,65.47209582899814
uniform,15,250,150,102,103,1,0,2686,65.49499178299448
uniform,15,250,150,102,103,1,0,2687,65.52219352597604
uniform,15,250,150,102,103,1,0,2688,65.54577452898957
uniform,15,250,150,102,103,1,0,2689,65.56896399697871
uniform,15,250,150,102,103,1,0,2690,65.59414635199937
uniform,15,250,150,102,103,1,0,2691,65.61985534898122
uniform,15,250,150,102,103,1,0,2692,65.6420155139931
uniform,15,250,150,102,103,1,0,2693,65.66699311198317
uniform,15,250,150,102,103,1,0,2694,65.69077573297545
uniform,15,250,150,102,103,1,0,2695,65.71655119999195
uniform,15,250,150,102,103,1,0,2696,65.74538029698306
uniform,15,250,150,102,103,1,0,2697,65.77324181498261
uniform,15,250,150,102,103,1,0,2698,65.8009102899814
uniform,15,250,150,102,103,1,0,2699,65.82561812899075
uniform,15,250,150,102,103,1,0,2700,65.85377123198123
uniform,15,250,150,102,103,1,0,2701,65.88640191097511
uniform,15,250,150,102,103,1,0,2702,65.91111344000092
uniform,15,250,150,102,103,1,0,2703,65.93381237299764
uniform,15,250,150,102,103,1,0,2704,65.95508754899492
uniform,15,250,150,102,103,1,0,2705,65.98089418397285
uniform,15,250,150,102,103,1,0,2706,66.00561536499299
uniform,15,250,150,102,103,1,0,2707,66.03851058500004
uniform,15,250,150,102,103,1,0,2708,66.06106347197783
uniform,15,250,150,102,103,1,0,2709,66.08900195499882
uniform,15,250,150,102,103,1,0,2710,66.11485159699805
uniform,15,250,150,102,103,1,0,2711,66.13900342298439
uniform,15,250,150,102,103,1,0,2712,66.17040840297705
uniform,15,250,150,102,103,1,0,2713,66.19491094598197
uniform,15,250,150,102,103,1,0,2714,66.21792548897793
uniform,15,250,150,102,103,1,0,2715,66.24123643897474
uniform,15,250,150,102,103,1,0,2716,66.27018660798785
uniform,15,250,150,102,103,1,0,2717,66.29733820297406
uniform,15,250,150,102,103,1,0,2718,66.32190747497953
uniform,15,250,150,102,103,1,0,2719,66.34881980798673
uniform,15,250,150,102,103,1,0,2720,66.37648426598753
uniform,15,250,150,102,103,1,0,2721,66.4027484129765
uniform,15,250,150,102,103,1,0,2722,66.427627113997
uniform,15,250,150,102,103,1,0,2723,66.45334250599262
uniform,15,250,150,102,103,1,0,2724,66.476375971979
uniform,15,250,150,102,103,1,0,2725,66.4987422679842
uniform,15,250,150,102,103,1,0,2726,66.52304330398329
uniform,15,250,150,102,103,1,0,2727,66.54604980198201
uniform,15,250,150,102,103,1,0,2728,66.56993467299617
uniform,15,250,150,102,103,1,0,2729,66.5937529609946
uniform,15,250,150,102,103,1,0,2730,66.61486852099188
uniform,15,250,150,102,103,1,0,2731,66.63698726598523
uniform,15,250,150,102,103,1,0,2732,66.65838043397525
uniform,15,250,150,102,103,1,0,2733,66.68085381897981
uniform,15,250,150,102,103,1,0,2734,66.70218833198305
uniform,15,250,150,102,103,1,0,2735,66.72437225899193
uniform,15,250,150,102,103,1,0,2736,66.75380543799838
uniform,15,250,150,102,103,1,0,2737,66.78457459699712
uniform,15,250,150,102,103,1,0,2738,66.80659369597561
uniform,15,250,150,102,103,1,0,2739,66.83005717597553
uniform,15,250,150,102,103,1,0,2740,66.85647914599394
uniform,15,250,150,102,103,1,0,2741,66.88122591198771
uniform,15,250,150,102,103,1,0,2742,66.90217111998936
uniform,15,250,150,102,103,1,0,2743,66.92670128398458
uniform,15,250,150,102,103,1,0,2744,66.95030354498886
uniform,15,250,150,102,103,1,0,2745,66.97167358698789
uniform,15,250,150,102,103,1,0,2746,67.0002489599865
uniform,15,250,150,102,103,1,0,2747,67.0263332449831
uniform,15,250,150,102,103,1,0,2748,67.0497852479748
uniform,15,250,150,102,103,1,0,2749,67.07173389999662
uniform,15,250,150,102,103,1,0,2750,67.09344196799793
uniform,15,250,150,102,103,1,0,2751,67.11583803899703
uniform,15,250,150,102,103,1,0,2752,67.13881978698191
uniform,15,250,150,102,103,1,0,2753,67.16187141899718
uniform,15,250,150,102,103,1,0,2754,67.1832230789878
uniform,15,250,150,102,103,1,0,2755,67.20790004197625
uniform,15,250,150,102,103,1,0,2756,67.22982780999155
uniform,15,250,150,102,103,1,0,2757,67.25364689799608
uniform,15,250,150,102,103,1,0,2758,67.27623521897476
uniform,15,250,150,102,103,1,0,2759,67.29989231898799
uniform,15,250,150,102,103,1,0,2760,67.32468392199371
uniform,15,250,150,102,103,1,0,2761,67.3483491599909
uniform,15,250,150,102,103,1,0,2762,67.37119527498726
uniform,15,250,150,102,103,1,0,2763,67.39479474700056
uniform,15,250,150,102,103,1,0,2764,67.41578665198176
uniform,15,250,150,102,103,1,0,2765,67.43790236097993
uniform,15,250,150,102,103,1,0,2766,67.459249343985
uniform,15,250,150,102,103,1,0,2767,67.48254897797597
uniform,15,250,150,102,103,1,0,2768,67.50538454498746
uniform,15,250,150,102,103,1,0,2769,67.52754327698494
uniform,15,250,150,102,103,1,0,2770,67.54885318299057
uniform,15,250,150,102,103,1,0,2771,67.57552368799224
uniform,15,250,150,102,103,1,0,2772,67.59971658099676
uniform,15,250,150,102,103,1,0,2773,67.62346954198438
uniform,15,250,150,102,103,1,0,2774,67.644463411998
uniform,15,250,150,102,103,1,0,2775,67.6688307049917
uniform,15,250,150,102,103,1,0,2776,67.69336308399215
uniform,15,250,150,102,103,1,0,2777,67.71965617497335
uniform,15,250,150,102,103,1,0,2778,67.74256996400072
uniform,15,250,150,102,103,1,0,2779,67.76980795298005
uniform,15,250,150,102,103,1,0,2780,67.79220286899363
uniform,15,250,150,102,103,1,0,2781,67.81474972999422
uniform,15,250,150,102,103,1,0,2782,67.83658734499477
uniform,15,250,150,102,103,1,0,2783,67.85780797697953
uniform,15,250,150,102,103,1,0,2784,67.88107567297993
uniform,15,250,150,102,103,1,0,2785,67.9054691689962
uniform,15,250,150,102,103,1,0,2786,67.93151556697558
uniform,15,250,150,102,103,1,0,2787,67.95500205198186
uniform,15,250,150,102,103,1,0,2788,67.97511934299837
uniform,15,250,150,102,103,1,0,2789,67.99978200497571
uniform,15,250,150,102,103,1,0,2790,68.02671765198465
uniform,15,250,150,102,103,1,0,2791,68.04796344498754
uniform,15,250,150,102,103,1,0,2792,68.07426455698442
uniform,15,250,150,102,103,1,0,2793,68.0978700829728
uniform,15,250,150,102,103,1,0,2794,68.11811430199305
uniform,15,250,150,102,103,1,0,2795,68.13934000197332
uniform,15,250,150,102,103,1,0,2796,68.16234680797788
uniform,15,250,150,102,103,1,0,2797,68.1894022859924
uniform,15,250,150,102,103,1,0,2798,68.21333035797579
uniform,15,250,150,102,103,1,0,2799,68.23596299998462
uniform,15,250,150,102,103,1,0,2800,68.26697299798252
uniform,15,250,150,102,103,1,0,2801,68.2919087499904
uniform,15,250,150,102,103,1,0,2802,68.31476516998373
uniform,15,250,150,102,103,1,0,2803,68.3372020929819
uniform,15,250,150,102,103,1,0,2804,68.35843266599113
uniform,15,250,150,102,103,1,0,2805,68.3837256289844
uniform,15,250,150,102,103,1,0,2806,68.40488612599438
uniform,15,250,150,102,103,1,0,2807,68.43275203899248
uniform,15,250,150,102,103,1,0,2808,68.45454758498818
uniform,15,250,150,102,103,1,0,2809,68.47779576599714
uniform,15,250,150,102,103,1,0,2810,68.50327730498975
uniform,15,250,150,102,103,1,0,2811,68.52801177598303
uniform,15,250,150,102,103,1,0,2812,68.5505130229867
uniform,15,250,150,102,103,1,0,2813,68.57452014699811
uniform,15,250,150,102,103,1,0,2814,68.60271957700024
uniform,15,250,150,102,103,1,0,2815,68.6389556179929
uniform,15,250,150,102,103,1,0,2816,68.6660688869888
uniform,15,250,150,102,103,1,0,2817,68.68931631598389
uniform,15,250,150,102,103,1,0,2818,68.7140483239782
uniform,15,250,150,102,103,1,0,2819,68.73657398897922
uniform,15,250,150,102,103,1,0,2820,68.75810259999707
uniform,15,250,150,102,103,1,0,2821,68.78152178999153
uniform,15,250,150,102,103,1,0,2822,68.80348669498926
uniform,15,250,150,102,103,1,0,2823,68.82620707698516
uniform,15,250,150,102,103,1,0,2824,68.85161217598943
uniform,15,250,150,102,103,1,0,2825,68.87465377899935
uniform,15,250,150,102,103,1,0,2826,68.89510758797405
uniform,15,250,150,102,103,1,0,2827,68.92163078399608
uniform,15,250,150,102,103,1,0,2828,68.94861041297554
uniform,15,250,150,102,103,1,0,2829,68.9703619859938
uniform,15,250,150,102,103,1,0,2830,68.99060426600045
uniform,15,250,150,102,103,1,0,2831,69.011805712973
uniform,15,250,150,102,103,1,0,2832,69.03460640198318
uniform,15,250,150,102,103,1,0,2833,69.05666017098702
uniform,15,250,150,102,103,1,0,2834,69.07916851097252
uniform,15,250,150,102,103,1,0,2835,69.10562361599295
uniform,15,250,150,102,103,1,0,2836,69.13003494398436
uniform,15,250,150,102,103,1,0,2837,69.1535933429841
uniform,15,250,150,102,103,1,0,2838,69.17810738398111
uniform,15,250,150,102,103,1,0,2839,69.2048155789962
uniform,15,250,150,102,103,1,0,2840,69.22552417399129
uniform,15,250,150,102,103,1,0,2841,69.24658182598068
uniform,15,250,150,102,103,1,0,2842,69.26870361997862
uniform,15,250,150,102,103,1,0,2843,69.29301591299009
uniform,15,250,150,102,103,1,0,2844,69.31336966197705
uniform,15,250,150,102,103,1,0,2845,69.3345424309955
uniform,15,250,150,102,103,1,0,2846,69.35661145098857
uniform,15,250,150,102,103,1,0,2847,69.38023790498846
uniform,15,250,150,102,103,1,0,2848,69.40547633898677
uniform,15,250,150,102,103,1,0,2849,69.42890652097412
uniform,15,250,150,102,103,1,0,2850,69.4564115209796
uniform,15,250,150,102,103,1,0,2851,69.48017488597543
uniform,15,250,150,102,103,1,0,2852,69.50452515197685
uniform,15,250,150,102,103,1,0,2853,69.53029429999879
uniform,15,250,150,102,103,1,0,2854,69.55134664700017
uniform,15,250,150,102,103,1,0,2855,69.57591278897598
uniform,15,250,150,102,103,1,0,2856,69.5974655749742
uniform,15,250,150,102,103,1,0,2857,69.62201960998937
uniform,15,250,150,102,103,1,0,2858,69.65131126198685
uniform,15,250,150,102,103,1,0,2859,69.68173650300014
uniform,15,250,150,102,103,1,0,2860,69.70696383097675
uniform,15,250,150,102,103,1,0,2861,69.73316997298389
uniform,15,250,150,102,103,1,0,2862,69.75416380897514
uniform,15,250,150,102,103,1,0,2863,69.77585080100107
uniform,15,250,150,102,103,1,0,2864,69.80053817198495
uniform,15,250,150,102,103,1,0,2865,69.825168173993
uniform,15,250,150,102,103,1,0,2866,69.84631389798597
uniform,15,250,150,102,103,1,0,2867,69.8710999339819
uniform,15,250,150,102,103,1,0,2868,69.8921428489848
uniform,15,250,150,102,103,1,0,2869,69.91477227199357
uniform,15,250,150,102,103,1,0,2870,69.94097467997926
uniform,15,250,150,102,103,1,0,2871,69.9684366750007
uniform,15,250,150,102,103,1,0,2872,69.98967350297607
uniform,15,250,150,102,103,1,0,2873,70.0129509929975
uniform,15,250,150,102,103,1,0,2874,70.03445167897735
uniform,15,250,150,102,103,1,0,2875,70.05820030998439
uniform,15,250,150,102,103,1,0,2876,70.08631574199535
uniform,15,250,150,102,103,1,0,2877,70.11188346298877
uniform,15,250,150,102,103,1,0,2878,70.1380274159892
uniform,15,250,150,102,103,1,0,2879,70.16297641900019
uniform,15,250,150,102,103,1,0,2880,70.18530005798675
uniform,15,250,150,102,103,1,0,2881,70.2133543889795
uniform,15,250,150,102,103,1,0,2882,70.23669321197667
uniform,15,250,150,102,103,1,0,2883,70.26135428898851
uniform,15,250,150,102,103,1,0,2884,70.28499306697631
uniform,15,250,150,102,103,1,0,2885,70.30794727898319
uniform,15,250,150,102,103,1,0,2886,70.33300984199741
uniform,15,250,150,102,103,1,0,2887,70.35531530898879
uniform,15,250,150,102,103,1,0,2888,70.3768310189771
uniform,15,250,150,102,103,1,0,2889,70.40122562699253
uniform,15,250,150,102,103,1,0,2890,70.42252033398836
uniform,15,250,150,102,103,1,0,2891,70.44517908198759
uniform,15,250,150,102,103,1,0,2892,70.4686566539749
uniform,15,250,150,102,103,1,0,2893,70.50319263298297
uniform,15,250,150,102,103,1,0,2894,70.5293242019834
uniform,15,250,150,102,103,1,0,2895,70.55313213399495
uniform,15,250,150,102,103,1,0,2896,70.57604895398254
uniform,15,250,150,102,103,1,0,2897,70.59982426199713
uniform,15,250,150,102,103,1,0,2898,70.62502175799455
uniform,15,250,150,102,103,1,0,2899,70.64769353397423
uniform,15,250,150,102,103,1,0,2900,70.67088505797437
uniform,15,250,150,102,103,1,0,2901,70.69254506699508
uniform,15,250,150,102,103,1,0,2902,70.71390546599287
uniform,15,250,150,102,103,1,0,2903,70.73955715398188
uniform,15,250,150,102,103,1,0,2904,70.76420500298264
uniform,15,250,150,102,103,1,0,2905,70.78632015999756
uniform,15,250,150,102,103,1,0,2906,70.80726514599519
uniform,15,250,150,102,103,1,0,2907,70.8314640109893
uniform,15,250,150,102,103,1,0,2908,70.856378965982
uniform,15,250,150,102,103,1,0,2909,70.8810392919986
uniform,15,250,150,102,103,1,0,2910,70.90471618800075
uniform,15,250,150,102,103,1,0,2911,70.92661892299657
uniform,15,250,150,102,103,1,0,2912,70.94997032097308
uniform,15,250,150,102,103,1,0,2913,70.97195176099194
uniform,15,250,150,102,103,1,0,2914,70.99691476399312
uniform,15,250,150,102,103,1,0,2915,71.01883308199467
uniform,15,250,150,102,103,1,0,2916,71.04353712097509
uniform,15,250,150,102,103,1,0,2917,71.06843958498212
uniform,15,250,150,102,103,1,0,2918,71.09006511198822
uniform,15,250,150,102,103,1,0,2919,71.11790856797597
uniform,15,250,150,102,103,1,0,2920,71.13975320497411
uniform,15,250,150,102,103,1,0,2921,71.16281806500047
uniform,15,250,150,102,103,1,0,2922,71.18348592397524
uniform,15,250,150,102,103,1,0,2923,71.2047600549995
uniform,15,250,150,102,103,1,0,2924,71.23247994697886
uniform,15,250,150,102,103,1,0,2925,71.25690140898223
uniform,15,250,150,102,103,1,0,2926,71.27904561799369
uniform,15,250,150,102,103,1,0,2927,71.30168787398725
uniform,15,250,150,102,103,1,0,2928,71.32795102399541
uniform,15,250,150,102,103,1,0,2929,71.35058884898899
uniform,15,250,150,102,103,1,0,2930,71.37529363698559
uniform,15,250,150,102,103,1,0,2931,71.40484435399412
uniform,15,250,150,102,103,1,0,2932,71.43156948397518
uniform,15,250,150,102,103,1,0,2933,71.45541137797409
uniform,15,250,150,102,103,1,0,2934,71.47850447997916
uniform,15,250,150,102,103,1,0,2935,71.50194967599236
uniform,15,250,150,102,103,1,0,2936,71.52604705799604
uniform,15,250,150,102,103,1,0,2937,71.55018654698506
uniform,15,250,150,102,103,1,0,2938,71.57718424199265
uniform,15,250,150,102,103,1,0,2939,71.60179143099231
uniform,15,250,150,102,103,1,0,2940,71.6271842509741
uniform,15,250,150,102,103,1,0,2941,71.64870653499383
uniform,15,250,150,102,103,1,0,2942,71.67883017199347
uniform,15,250,150,102,103,1,0,2943,71.70496385998558
uniform,15,250,150,102,103,1,0,2944,71.7355723749788
uniform,15,250,150,102,103,1,0,2945,71.75875128197367
uniform,15,250,150,102,103,1,0,2946,71.78067770798225
uniform,15,250,150,102,103,1,0,2947,71.80345792198204
uniform,15,250,150,102,103,1,0,2948,71.82601765898289
uniform,15,250,150,102,103,1,0,2949,71.84893522399943
uniform,15,250,150,102,103,1,0,2950,71.87469573999988
uniform,15,250,150,102,103,1,0,2951,71.89711686997907
uniform,15,250,150,102,103,1,0,2952,71.9237869209901
uniform,15,250,150,102,103,1,0,2953,71.94750007297262
uniform,15,250,150,102,103,1,0,2954,71.96875960897887
uniform,15,250,150,102,103,1,0,2955,71.99106369397487
uniform,15,250,150,102,103,1,0,2956,72.02048985398142
uniform,15,250,150,102,103,1,0,2957,72.04903136199573
uniform,15,250,150,102,103,1,0,2958,72.06993257699651
uniform,15,250,150,102,103,1,0,2959,72.09181157499552
uniform,15,250,150,102,103,1,0,2960,72.11265343797277
uniform,15,250,150,102,103,1,0,2961,72.13493214498158
uniform,15,250,150,102,103,1,0,2962,72.15783152199583
uniform,15,250,150,102,103,1,0,2963,72.18071721500019
uniform,15,250,150,102,103,1,0,2964,72.20312194398139
uniform,15,250,150,102,103,1,0,2965,72.22933857698808
uniform,15,250,150,102,103,1,0,2966,72.25008428198635
uniform,15,250,150,102,103,1,0,2967,72.27290147499298
uniform,15,250,150,102,103,1,0,2968,72.29548624597373
uniform,15,250,150,102,103,1,0,2969,72.31803130998742
uniform,15,250,150,102,103,1,0,2970,72.34390087399515
uniform,15,250,150,102,103,1,0,2971,72.37204819798353
uniform,15,250,150,102,103,1,0,2972,72.39579345998936
uniform,15,250,150,102,103,1,0,2973,72.42354713499662
uniform,15,250,150,102,103,1,0,2974,72.44402799700038
uniform,15,250,150,102,103,1,0,2975,72.46532698298688
uniform,15,250,150,102,103,1,0,2976,72.4889570689993
uniform,15,250,150,102,103,1,0,2977,72.51067259098636
uniform,15,250,150,102,103,1,0,2978,72.5327793279721
uniform,15,250,150,102,103,1,0,2979,72.55835133098299
uniform,15,250,150,102,103,1,0,2980,72.58343040797627
uniform,15,250,150,102,103,1,0,2981,72.60712211299688
uniform,15,250,150,102,103,1,0,2982,72.62870732898591
uniform,15,250,150,102,103,1,0,2983,72.65089173897286
uniform,15,250,150,102,103,1,0,2984,72.6770032979839
uniform,15,250,150,102,103,1,0,2985,72.70161496897344
uniform,15,250,150,102,103,1,0,2986,72.72694086199044
uniform,15,250,150,102,103,1,0,2987,72.75547317098244
uniform,15,250,150,102,103,1,0,2988,72.77964018797502
uniform,15,250,150,102,103,1,0,2989,72.80254812698695
uniform,15,250,150,102,103,1,0,2990,72.82718441597535
uniform,15,250,150,102,103,1,0,2991,72.84954971799743
uniform,15,250,150,102,103,1,0,2992,72.87277481597266
uniform,15,250,150,102,103,1,0,2993,72.89498935098527
uniform,15,250,150,102,103,1,0,2994,72.91679884598125
uniform,15,250,150,102,103,1,0,2995,72.93912006498431
uniform,15,250,150,102,103,1,0,2996,72.96071517499513
uniform,15,250,150,102,103,1,0,2997,72.98483029997442
uniform,15,250,150,102,103,1,0,2998,73.0057547739998
uniform,15,250,150,102,103,1,0,2999,73.03103745399858
uniform,15,250,150,102,103,1,0,3000,73.05257489098585
uniform,15,250,150,102,103,1,0,3001,73.0757170059951
uniform,15,250,150,102,103,1,0,3002,73.10023583899601
uniform,15,250,150,102,103,1,0,3003,73.12271758698625
uniform,15,250,150,102,103,1,0,3004,73.143890782987
uniform,15,250,150,102,103,1,0,3005,73.17210380799952
uniform,15,250,150,102,103,1,0,3006,73.19648199598305
uniform,15,250,150,102,103,1,0,3007,73.2197348579939
uniform,15,250,150,102,103,1,0,3008,73.24216514200089
uniform,15,250,150,102,103,1,0,3009,73.26985334799974
uniform,15,250,150,102,103,1,0,3010,73.29209977199207
uniform,15,250,150,102,103,1,0,3011,73.32132694098982
uniform,15,250,150,102,103,1,0,3012,73.34308304300066
uniform,15,250,150,102,103,1,0,3013,73.36802777898265
uniform,15,250,150,102,103,1,0,3014,73.39008158599609
uniform,15,250,150,102,103,1,0,3015,73.41450626598089
uniform,15,250,150,102,103,1,0,3016,73.4365485739836
uniform,15,250,150,102,103,1,0,3017,73.45951096899807
uniform,15,250,150,102,103,1,0,3018,73.48851168097463
uniform,15,250,150,102,103,1,0,3019,73.51254424199578
uniform,15,250,150,102,103,1,0,3020,73.53341090498725
uniform,15,250,150,102,103,1,0,3021,73.55718192199129
uniform,15,250,150,102,103,1,0,3022,73.57885533798253
uniform,15,250,150,102,103,1,0,3023,73.6029693359742
uniform,15,250,150,102,103,1,0,3024,73.6283580599993
uniform,15,250,150,102,103,1,0,3025,73.65341151197208
uniform,15,250,150,102,103,1,0,3026,73.67695099298726
uniform,15,250,150,102,103,1,0,3027,73.69953491099295
uniform,15,250,150,102,103,1,0,3028,73.72428504697746
uniform,15,250,150,102,103,1,0,3029,73.75198929398903
uniform,15,250,150,102,103,1,0,3030,73.77329427399673
uniform,15,250,150,102,103,1,0,3031,73.79543641599594
uniform,15,250,150,102,103,1,0,3032,73.81950907999999
uniform,15,250,150,102,103,1,0,3033,73.84250317898113
uniform,15,250,150,102,103,1,0,3034,73.86371528398013
uniform,15,250,150,102,103,1,0,3035,73.88537323698984
uniform,15,250,150,102,103,1,0,3036,73.9153568079928
uniform,15,250,150,102,103,1,0,3037,73.94360216497444
uniform,15,250,150,102,103,1,0,3038,73.96453446397209
uniform,15,250,150,102,103,1,0,3039,73.98688330399455
uniform,15,250,150,102,103,1,0,3040,74.008106690977
uniform,15,250,150,102,103,1,0,3041,74.03031568598817
uniform,15,250,150,102,103,1,0,3042,74.05218906598748
uniform,15,250,150,102,103,1,0,3043,74.07688981798128
uniform,15,250,150,102,103,1,0,3044,74.10318157199072
uniform,15,250,150,102,103,1,0,3045,74.12565603997791
uniform,15,250,150,102,103,1,0,3046,74.15033547399798
uniform,15,250,150,102,103,1,0,3047,74.17349960299907
uniform,15,250,150,102,103,1,0,3048,74.19995754299453
uniform,15,250,150,102,103,1,0,3049,74.2222030509729
uniform,15,250,150,102,103,1,0,3050,74.24429780399078
uniform,15,250,150,102,103,1,0,3051,74.26908696998726
uniform,15,250,150,102,103,1,0,3052,74.29132016198128
uniform,15,250,150,102,103,1,0,3053,74.31311814798391
uniform,15,250,150,102,103,1,0,3054,74.33684818199254
uniform,15,250,150,102,103,1,0,3055,74.35941617799108
uniform,15,250,150,102,103,1,0,3056,74.38063501298893
uniform,15,250,150,102,103,1,0,3057,74.4043030969915
uniform,15,250,150,102,103,1,0,3058,74.43119745198055
uniform,15,250,150,102,103,1,0,3059,74.45484481798485
uniform,15,250,150,102,103,1,0,3060,74.4813838879927
uniform,15,250,150,102,103,1,0,3061,74.50541090598563
uniform,15,250,150,102,103,1,0,3062,74.52686199598247
uniform,15,250,150,102,103,1,0,3063,74.55123388298671
uniform,15,250,150,102,103,1,0,3064,74.5739212059998
uniform,15,250,150,102,103,1,0,3065,74.60073300098884
uniform,15,250,150,102,103,1,0,3066,74.62780784399365
uniform,15,250,150,102,103,1,0,3067,74.6506337269966
uniform,15,250,150,102,103,1,0,3068,74.67276917799609
uniform,15,250,150,102,103,1,0,3069,74.70064958999865
uniform,15,250,150,102,103,1,0,3070,74.72266862299875
uniform,15,250,150,102,103,1,0,3071,74.74867781199282
uniform,15,250,150,102,103,1,0,3072,74.77488270300091
uniform,15,250,150,102,103,1,0,3073,74.80535373298335
uniform,15,250,150,102,103,1,0,3074,74.83216862397967
uniform,15,250,150,102,103,1,0,3075,74.85863502399297
uniform,15,250,150,102,103,1,0,3076,74.88167728600092
uniform,15,250,150,102,103,1,0,3077,74.9062948479841
uniform,15,250,150,102,103,1,0,3078,74.93375770197599
uniform,15,250,150,102,103,1,0,3079,74.95672112499597
uniform,15,250,150,102,103,1,0,3080,74.9791818089725
uniform,15,250,150,102,103,1,0,3081,75.00419342398527
uniform,15,250,150,102,103,1,0,3082,75.02820705098566
uniform,15,250,150,102,103,1,0,3083,75.06618941298802
uniform,15,250,150,102,103,1,0,3084,75.09271721198456
uniform,15,250,150,102,103,1,0,3085,75.11634037600015
uniform,15,250,150,102,103,1,0,3086,75.14277437198325
uniform,15,250,150,102,103,1,0,3087,75.17812539197621
uniform,15,250,150,102,103,1,0,3088,75.20214551099343
uniform,15,250,150,102,103,1,0,3089,75.22647343899007
uniform,15,250,150,102,103,1,0,3090,75.24770692698075
uniform,15,250,150,102,103,1,0,3091,75.27942562298267
uniform,15,250,150,102,103,1,0,3092,75.30587689799722
uniform,15,250,150,102,103,1,0,3093,75.32995994098019
uniform,15,250,150,102,103,1,0,3094,75.35105396297877
uniform,15,250,150,102,103,1,0,3095,75.37278741897899
uniform,15,250,150,102,103,1,0,3096,75.3933466479939
uniform,15,250,150,102,103,1,0,3097,75.4159199029964
uniform,15,250,150,102,103,1,0,3098,75.4365025589941
uniform,15,250,150,102,103,1,0,3099,75.45821112499107
uniform,15,250,150,102,103,1,0,3100,75.48143676997279
uniform,15,250,150,102,103,1,0,3101,75.50665803698939
uniform,15,250,150,102,103,1,0,3102,75.53448802797357
uniform,15,250,150,102,103,1,0,3103,75.55820428198786
uniform,15,250,150,102,103,1,0,3104,75.58212382998317
uniform,15,250,150,102,103,1,0,3105,75.60869037997327
uniform,15,250,150,102,103,1,0,3106,75.63467351597501
uniform,15,250,150,102,103,1,0,3107,75.657153645996
uniform,15,250,150,102,103,1,0,3108,75.68274168399512
uniform,15,250,150,102,103,1,0,3109,75.70590392698068
uniform,15,250,150,102,103,1,0,3110,75.72770142799709
uniform,15,250,150,102,103,1,0,3111,75.75008472197806
uniform,15,250,150,102,103,1,0,3112,75.7715359259746
uniform,15,250,150,102,103,1,0,3113,75.80557245397358
uniform,15,250,150,102,103,1,0,3114,75.84518536698306
uniform,15,250,150,102,103,1,0,3115,75.87565518397605
uniform,15,250,150,102,103,1,0,3116,75.90673616397544
uniform,15,250,150,102,103,1,0,3117,75.94310506497277
uniform,15,250,150,102,103,1,0,3118,75.97523463697871
uniform,15,250,150,102,103,1,0,3119,76.01252596298582
uniform,15,250,150,102,103,1,0,3120,76.0462551189994
uniform,15,250,150,102,103,1,0,3121,76.10887607900077
uniform,15,250,150,102,103,1,0,3122,76.14314302499406
uniform,15,250,150,102,103,1,0,3123,76.17082293197745
uniform,15,250,150,102,103,1,0,3124,76.1978763929801
uniform,15,250,150,102,103,1,0,3125,76.22204815497389
uniform,15,250,150,102,103,1,0,3126,76.24469957497786
uniform,15,250,150,102,103,1,0,3127,76.26838227297412
uniform,15,250,150,102,103,1,0,3128,76.29065128197544
uniform,15,250,150,102,103,1,0,3129,76.31622353298008
uniform,15,250,150,102,103,1,0,3130,76.33996982398094
uniform,15,250,150,102,103,1,0,3131,76.36338788300054
uniform,15,250,150,102,103,1,0,3132,76.38795919599943
uniform,15,250,150,102,103,1,0,3133,76.41788427499705
uniform,15,250,150,102,103,1,0,3134,76.44161580500077
uniform,15,250,150,102,103,1,0,3135,76.4648915430007
uniform,15,250,150,102,103,1,0,3136,76.49267250997946
uniform,15,250,150,102,103,1,0,3137,76.51929099299014
uniform,15,250,150,102,103,1,0,3138,76.54703573998995
uniform,15,250,150,102,103,1,0,3139,76.57228933798615
uniform,15,250,150,102,103,1,0,3140,76.60539029998472
uniform,15,250,150,102,103,1,0,3141,76.62998632498784
uniform,15,250,150,102,103,1,0,3142,76.65469355598907
uniform,15,250,150,102,103,1,0,3143,76.68785387897515
uniform,15,250,150,102,103,1,0,3144,76.71454443997936
uniform,15,250,150,102,103,1,0,3145,76.73839181699441
uniform,15,250,150,102,103,1,0,3146,76.76443827699404
uniform,15,250,150,102,103,1,0,3147,76.78931983999792
uniform,15,250,150,102,103,1,0,3148,76.81259626999963
uniform,15,250,150,102,103,1,0,3149,76.83737167299842
uniform,15,250,150,102,103,1,0,3150,76.86249295799644
uniform,15,250,150,102,103,1,0,3151,76.88710196799366
uniform,15,250,150,102,103,1,0,3152,76.91211461299099
uniform,15,250,150,102,103,1,0,3153,76.93725892298971
uniform,15,250,150,102,103,1,0,3154,76.96035018700059
uniform,15,250,150,102,103,1,0,3155,76.9895490349736
uniform,15,250,150,102,103,1,0,3156,77.0166367609927
uniform,15,250,150,102,103,1,0,3157,77.04714343798696
uniform,15,250,150,102,103,1,0,3158,77.07007604799583
uniform,15,250,150,102,103,1,0,3159,77.09398771097767
uniform,15,250,150,102,103,1,0,3160,77.12152689899085
uniform,15,250,150,102,103,1,0,3161,77.14808946699486
uniform,15,250,150,102,103,1,0,3162,77.17730730999028
uniform,15,250,150,102,103,1,0,3163,77.2135389179748
uniform,15,250,150,102,103,1,0,3164,77.23635252399254
uniform,15,250,150,102,103,1,0,3165,77.26007799699437
uniform,15,250,150,102,103,1,0,3166,77.28436554799555
uniform,15,250,150,102,103,1,0,3167,77.30863596597919
uniform,15,250,150,102,103,1,0,3168,77.33147943898803
uniform,15,250,150,102,103,1,0,3169,77.35600570298266
uniform,15,250,150,102,103,1,0,3170,77.3792629899981
uniform,15,250,150,102,103,1,0,3171,77.40574700999423
uniform,15,250,150,102,103,1,0,3172,77.43446319599752
uniform,15,250,150,102,103,1,0,3173,77.45734105299925
uniform,15,250,150,102,103,1,0,3174,77.4790094079799
uniform,15,250,150,102,103,1,0,3175,77.50173206397449
uniform,15,250,150,102,103,1,0,3176,77.52338735299418
uniform,15,250,150,102,103,1,0,3177,77.54621436799061
uniform,15,250,150,102,103,1,0,3178,77.56848785898183
uniform,15,250,150,102,103,1,0,3179,77.58931138800108
uniform,15,250,150,102,103,1,0,3180,77.61194008999155
uniform,15,250,150,102,103,1,0,3181,77.63875788697624
uniform,15,250,150,102,103,1,0,3182,77.66053635699791
uniform,15,250,150,102,103,1,0,3183,77.68316984397825
uniform,15,250,150,102,103,1,0,3184,77.70923758400022
uniform,15,250,150,102,103,1,0,3185,77.7322283659887
uniform,15,250,150,102,103,1,0,3186,77.75588545997743
uniform,15,250,150,102,103,1,0,3187,77.77899990897276
uniform,15,250,150,102,103,1,0,3188,77.80082769397995
uniform,15,250,150,102,103,1,0,3189,77.82552494798438
uniform,15,250,150,102,103,1,0,3190,77.84775413398165
uniform,15,250,150,102,103,1,0,3191,77.87254014698556
uniform,15,250,150,102,103,1,0,3192,77.8966534039937
uniform,15,250,150,102,103,1,0,3193,77.92563441998209
uniform,15,250,150,102,103,1,0,3194,77.94930912199197
uniform,15,250,150,102,103,1,0,3195,77.97663538498455
uniform,15,250,150,102,103,1,0,3196,77.99851231498178
uniform,15,250,150,102,103,1,0,3197,78.02423995698337
uniform,15,250,150,102,103,1,0,3198,78.04969920197618
uniform,15,250,150,102,103,1,0,3199,78.07395456399536
uniform,15,250,150,102,103,1,0,3200,78.09653236399754
uniform,15,250,150,102,103,1,0,3201,78.12318874598714
uniform,15,250,150,102,103,1,0,3202,78.14792852298706
uniform,15,250,150,102,103,1,0,3203,78.17458090299624
uniform,15,250,150,102,103,1,0,3204,78.19662940097624
uniform,15,250,150,102,103,1,0,3205,78.22542715599411
uniform,15,250,150,102,103,1,0,3206,78.25203472099383
uniform,15,250,150,102,103,1,0,3207,78.27505681899493
uniform,15,250,150,102,103,1,0,3208,78.29966023599263
uniform,15,250,150,102,103,1,0,3209,78.3272629249841
uniform,15,250,150,102,103,1,0,3210,78.37423489897628
uniform,15,250,150,102,103,1,0,3211,78.39936418397701
uniform,15,250,150,102,103,1,0,3212,78.42148081999039
uniform,15,250,150,102,103,1,0,3213,78.44451772299362
uniform,15,250,150,102,103,1,0,3214,78.47183994899387
uniform,15,250,150,102,103,1,0,3215,78.49626191798598
uniform,15,250,150,102,103,1,0,3216,78.51825137299602
uniform,15,250,150,102,103,1,0,3217,78.5411176509806
uniform,15,250,150,102,103,1,0,3218,78.56285767297959
uniform,15,250,150,102,103,1,0,3219,78.58709955398808
uniform,15,250,150,102,103,1,0,3220,78.6088211669994
uniform,15,250,150,102,103,1,0,3221,78.63451669400092
uniform,15,250,150,102,103,1,0,3222,78.66317833799985
uniform,15,250,150,102,103,1,0,3223,78.68910200099344
uniform,15,250,150,102,103,1,0,3224,78.71099966097972
uniform,15,250,150,102,103,1,0,3225,78.74352699299925
uniform,15,250,150,102,103,1,0,3226,78.76781917197513
uniform,15,250,150,102,103,1,0,3227,78.79288784399978
uniform,15,250,150,102,103,1,0,3228,78.81565692997538
uniform,15,250,150,102,103,1,0,3229,78.83930358398356
uniform,15,250,150,102,103,1,0,3230,78.87213063798845
uniform,15,250,150,102,103,1,0,3231,78.90398498799186
uniform,15,250,150,102,103,1,0,3232,78.93271467697923
uniform,15,250,150,102,103,1,0,3233,78.95522264999454
uniform,15,250,150,102,103,1,0,3234,78.9811765239865
uniform,15,250,150,102,103,1,0,3235,79.00485871598357
uniform,15,250,150,102,103,1,0,3236,79.03047002898529
uniform,15,250,150,102,103,1,0,3237,79.05461075998028
uniform,15,250,150,102,103,1,0,3238,79.08171124497312
uniform,15,250,150,102,103,1,0,3239,79.10417325497838
uniform,15,250,150,102,103,1,0,3240,79.12805489098537
uniform,15,250,150,102,103,1,0,3241,79.15178777999245
uniform,15,250,150,102,103,1,0,3242,79.18129589498858
uniform,15,250,150,102,103,1,0,3243,79.20928014599485
uniform,15,250,150,102,103,1,0,3244,79.23452510900097
uniform,15,250,150,102,103,1,0,3245,79.26393039597315
uniform,15,250,150,102,103,1,0,3246,79.28631102797226
uniform,15,250,150,102,103,1,0,3247,79.31315627397271
uniform,15,250,150,102,103,1,0,3248,79.33901738497661
uniform,15,250,150,102,103,1,0,3249,79.36162211399642
uniform,15,250,150,102,103,1,0,3250,79.38333304299158
uniform,15,250,150,102,103,1,0,3251,79.40501451099408
uniform,15,250,150,102,103,1,0,3252,79.4331343259837
uniform,15,250,150,102,103,1,0,3253,79.45629498499329
uniform,15,250,150,102,103,1,0,3254,79.47726809798041
uniform,15,250,150,102,103,1,0,3255,79.5059883199865
uniform,15,250,150,102,103,1,0,3256,79.53006990498397
uniform,15,250,150,102,103,1,0,3257,79.5578292379796
uniform,15,250,150,102,103,1,0,3258,79.5817747139954
uniform,15,250,150,102,103,1,0,3259,79.60402224599966
uniform,15,250,150,102,103,1,0,3260,79.62786312800017
uniform,15,250,150,102,103,1,0,3261,79.6519273390004
uniform,15,250,150,102,103,1,0,3262,79.6753093439911
uniform,15,250,150,102,103,1,0,3263,79.70301556398044
uniform,15,250,150,102,103,1,0,3264,79.72446074898471
uniform,15,250,150,102,103,1,0,3265,79.75002880397369
uniform,15,250,150,102,103,1,0,3266,79.77477728397935
uniform,15,250,150,102,103,1,0,3267,79.79642772398074
uniform,15,250,150,102,103,1,0,3268,79.81664569099667
uniform,15,250,150,102,103,1,0,3269,79.84797404898563
uniform,15,250,150,102,103,1,0,3270,79.87068965198705
uniform,15,250,150,102,103,1,0,3271,79.93128637399059
uniform,15,250,150,102,103,1,0,3272,79.98477402198478
uniform,15,250,150,102,103,1,0,3273,80.0124223009916
uniform,15,250,150,102,103,1,0,3274,80.03467766099493
uniform,15,250,150,102,103,1,0,3275,80.05912510099006
uniform,15,250,150,102,103,1,0,3276,80.08164971298538
uniform,15,250,150,102,103,1,0,3277,80.10746654198738
uniform,15,250,150,102,103,1,0,3278,80.13475365098566
uniform,15,250,150,102,103,1,0,3279,80.16192522499477
uniform,15,250,150,102,103,1,0,3280,80.1902313719911
uniform,15,250,150,102,103,1,0,3281,80.21412453398807
uniform,15,250,150,102,103,1,0,3282,80.23917450397857
uniform,15,250,150,102,103,1,0,3283,80.2689588299836
uniform,15,250,150,102,103,1,0,3284,80.29252871498466
uniform,15,250,150,102,103,1,0,3285,80.32023620599648
uniform,15,250,150,102,103,1,0,3286,80.34234120699693
uniform,15,250,150,102,103,1,0,3287,80.36743487499189
uniform,15,250,150,102,103,1,0,3288,80.38912659097696
uniform,15,250,150,102,103,1,0,3289,80.41416486198432
uniform,15,250,150,102,103,1,0,3290,80.43826463998994
uniform,15,250,150,102,103,1,0,3291,80.46109951799735
uniform,15,250,150,102,103,1,0,3292,80.48387449799338
uniform,15,250,150,102,103,1,0,3293,80.50776730797952
uniform,15,250,150,102,103,1,0,3294,80.5316775579995
uniform,15,250,150,102,103,1,0,3295,80.55594363599084
uniform,15,250,150,102,103,1,0,3296,80.57826609199401
uniform,15,250,150,102,103,1,0,3297,80.60082511097426
uniform,15,250,150,102,103,1,0,3298,80.62693821199355
uniform,15,250,150,102,103,1,0,3299,80.65349630799028
uniform,15,250,150,102,103,1,0,3300,80.67675732600037
uniform,15,250,150,102,103,1,0,3301,80.70209873098065
uniform,15,250,150,102,103,1,0,3302,80.72625730899745
uniform,15,250,150,102,103,1,0,3303,80.75367735899636
uniform,15,250,150,102,103,1,0,3304,80.78261334099807
uniform,15,250,150,102,103,1,0,3305,80.80627551398356
uniform,15,250,150,102,103,1,0,3306,80.82901796497754
uniform,15,250,150,102,103,1,0,3307,80.85427741898457
uniform,15,250,150,102,103,1,0,3308,80.88390855197213
uniform,15,250,150,102,103,1,0,3309,80.90701837197412
uniform,15,250,150,102,103,1,0,3310,80.92917334899539
uniform,15,250,150,102,103,1,0,3311,80.9528787539748
uniform,15,250,150,102,103,1,0,3312,80.97532617198885
uniform,15,250,150,102,103,1,0,3313,80.99840262098587
uniform,15,250,150,102,103,1,0,3314,81.02044060698245
uniform,15,250,150,102,103,1,0,3315,81.04635605798103
uniform,15,250,150,102,103,1,0,3316,81.06825133998063
uniform,15,250,150,102,103,1,0,3317,81.094051380991
uniform,15,250,150,102,103,1,0,3318,81.1152554229775
uniform,15,250,150,102,103,1,0,3319,81.14009667999926
uniform,15,250,150,102,103,1,0,3320,81.16299558398896
uniform,15,250,150,102,103,1,0,3321,81.19294676199206
uniform,15,250,150,102,103,1,0,3322,81.21426590898773
uniform,15,250,150,102,103,1,0,3323,81.23600411298685
uniform,15,250,150,102,103,1,0,3324,81.25937343999976
uniform,15,250,150,102,103,1,0,3325,81.28537707898067
uniform,15,250,150,102,103,1,0,3326,81.30815935897408
uniform,15,250,150,102,103,1,0,3327,81.33269701097743
uniform,15,250,150,102,103,1,0,3328,81.35984037199523
uniform,15,250,150,102,103,1,0,3329,81.3819204819738
uniform,15,250,150,102,103,1,0,3330,81.4037372879975
uniform,15,250,150,102,103,1,0,3331,81.42664520797553
uniform,15,250,150,102,103,1,0,3332,81.45134363899706
uniform,15,250,150,102,103,1,0,3333,81.47444022097625
uniform,15,250,150,102,103,1,0,3334,81.49639502799255
uniform,15,250,150,102,103,1,0,3335,81.52098258497426
uniform,15,250,150,102,103,1,0,3336,81.54575191499316
uniform,15,250,150,102,103,1,0,3337,81.56850238898187
uniform,15,250,150,102,103,1,0,3338,81.58962055499433
uniform,15,250,150,102,103,1,0,3339,81.61709750199225
uniform,15,250,150,102,103,1,0,3340,81.64383122799336
uniform,15,250,150,102,103,1,0,3341,81.66593328097952
uniform,15,250,150,102,103,1,0,3342,81.693436224974
uniform,15,250,150,102,103,1,0,3343,81.71496794198174
uniform,15,250,150,102,103,1,0,3344,81.74533702997724
uniform,15,250,150,102,103,1,0,3345,81.76941334598814
uniform,15,250,150,102,103,1,0,3346,81.79422931198496
uniform,15,250,150,102,103,1,0,3347,81.81572330597555
uniform,15,250,150,102,103,1,0,3348,81.83935255199322
uniform,15,250,150,102,103,1,0,3349,81.8617022059916
uniform,15,250,150,102,103,1,0,3350,81.88212812397978
uniform,15,250,150,102,103,1,0,3351,81.9107858229836
uniform,15,250,150,102,103,1,0,3352,81.93150835498818
uniform,15,250,150,102,103,1,0,3353,81.95511675599846
uniform,15,250,150,102,103,1,0,3354,81.97572414798196
uniform,15,250,150,102,103,1,0,3355,82.00142543797847
uniform,15,250,150,102,103,1,0,3356,82.02248351299204
uniform,15,250,150,102,103,1,0,3357,82.04444315898581
uniform,15,250,150,102,103,1,0,3358,82.06626206397777
uniform,15,250,150,102,103,1,0,3359,82.09438491699984
uniform,15,250,150,102,103,1,0,3360,82.11826609598938
uniform,15,250,150,102,103,1,0,3361,82.14406234998023
uniform,15,250,150,102,103,1,0,3362,82.17004733299837
uniform,15,250,150,102,103,1,0,3363,82.19404333998682
uniform,15,250,150,102,103,1,0,3364,82.2157210149744
uniform,15,250,150,102,103,1,0,3365,82.2418009529938
uniform,15,250,150,102,103,1,0,3366,82.26593303697882
uniform,15,250,150,102,103,1,0,3367,82.29649875298492
uniform,15,250,150,102,103,1,0,3368,82.31818693998503
uniform,15,250,150,102,103,1,0,3369,82.34181541498401
uniform,15,250,150,102,103,1,0,3370,82.36417367699323
uniform,15,250,150,102,103,1,0,3371,82.39201058298931
uniform,15,250,150,102,103,1,0,3372,82.41375524399336
uniform,15,250,150,102,103,1,0,3373,82.44109127897536
uniform,15,250,150,102,103,1,0,3374,82.46544728797744
uniform,15,250,150,102,103,1,0,3375,82.49033373798011
uniform,15,250,150,102,103,1,0,3376,82.51600289798807
uniform,15,250,150,102,103,1,0,3377,82.5404482279846
uniform,15,250,150,102,103,1,0,3378,82.56355069598067
uniform,15,250,150,102,103,1,0,3379,82.58687519698287
uniform,15,250,150,102,103,1,0,3380,82.60816172897466
uniform,15,250,150,102,103,1,0,3381,82.64055459600058
uniform,15,250,150,102,103,1,0,3382,82.6690610779915
uniform,15,250,150,102,103,1,0,3383,82.69513714298955
uniform,15,250,150,102,103,1,0,3384,82.72084636599175
uniform,15,250,150,102,103,1,0,3385,82.7550758489815
uniform,15,250,150,102,103,1,0,3386,82.77732469898183
uniform,15,250,150,102,103,1,0,3387,82.80202538298909
uniform,15,250,150,102,103,1,0,3388,82.82701559897396
uniform,15,250,150,102,103,1,0,3389,82.85224355899845
uniform,15,250,150,102,103,1,0,3390,82.87516185897402
uniform,15,250,150,102,103,1,0,3391,82.89810139499605
uniform,15,250,150,102,103,1,0,3392,82.91874224299681
uniform,15,250,150,102,103,1,0,3393,82.94472061799024
uniform,15,250,150,102,103,1,0,3394,82.9656820789969
uniform,15,250,150,102,103,1,0,3395,82.99048675698577
uniform,15,250,150,102,103,1,0,3396,83.01090886897873
uniform,15,250,150,102,103,1,0,3397,83.03744750400074
uniform,15,250,150,102,103,1,0,3398,83.06325826299144
uniform,15,250,150,102,103,1,0,3399,83.08602372699534
uniform,15,250,150,102,103,1,0,3400,83.11082444398198
uniform,15,250,150,102,103,1,0,3401,83.13477679999778
uniform,15,250,150,102,103,1,0,3402,83.15767651697388
uniform,15,250,150,102,103,1,0,3403,83.17959489297937
uniform,15,250,150,102,103,1,0,3404,83.20301598799415
uniform,15,250,150,102,103,1,0,3405,83.22701658497681
uniform,15,250,150,102,103,1,0,3406,83.25004039698979
uniform,15,250,150,102,103,1,0,3407,83.27228677799576
uniform,15,250,150,102,103,1,0,3408,83.29360600598739
uniform,15,250,150,102,103,1,0,3409,83.31760766397929
uniform,15,250,150,102,103,1,0,3410,83.34659818399814
uniform,15,250,150,102,103,1,0,3411,83.37156147297355
uniform,15,250,150,102,103,1,0,3412,83.39270360398223
uniform,15,250,150,102,103,1,0,3413,83.41785389199504
uniform,15,250,150,102,103,1,0,3414,83.43939682497876
uniform,15,250,150,102,103,1,0,3415,83.46376074297586
uniform,15,250,150,102,103,1,0,3416,83.49162493197946
uniform,15,250,150,102,103,1,0,3417,83.51438124798005
uniform,15,250,150,102,103,1,0,3418,83.5356316639809
uniform,15,250,150,102,103,1,0,3419,83.55774836899946
uniform,15,250,150,102,103,1,0,3420,83.58416233499884
uniform,15,250,150,102,103,1,0,3421,83.60703912898316
uniform,15,250,150,102,103,1,0,3422,83.62775080898427
uniform,15,250,150,102,103,1,0,3423,83.65159069097717
uniform,15,250,150,102,103,1,0,3424,83.67426649198751
uniform,15,250,150,102,103,1,0,3425,83.69741800799966
uniform,15,250,150,102,103,1,0,3426,83.72630265698535
uniform,15,250,150,102,103,1,0,3427,83.75671218597563
uniform,15,250,150,102,103,1,0,3428,83.78141601299285
uniform,15,250,150,102,103,1,0,3429,83.80352933399263
uniform,15,250,150,102,103,1,0,3430,83.82904036197579
uniform,15,250,150,102,103,1,0,3431,83.85463505497319
uniform,15,250,150,102,103,1,0,3432,83.87866009099525
uniform,15,250,150,102,103,1,0,3433,83.90446659797453
uniform,15,250,150,102,103,1,0,3434,83.92704979798873
uniform,15,250,150,102,103,1,0,3435,83.94928940499085
uniform,15,250,150,102,103,1,0,3436,83.97310417098925
uniform,15,250,150,102,103,1,0,3437,83.99996383299003
uniform,15,250,150,102,103,1,0,3438,84.02447915097582
uniform,15,250,150,102,103,1,0,3439,84.04781575198285
uniform,15,250,150,102,103,1,0,3440,84.07414807399618
uniform,15,250,150,102,103,1,0,3441,84.09685526898829
uniform,15,250,150,102,103,1,0,3442,84.11853470999631
uniform,15,250,150,102,103,1,0,3443,84.14254812797299
uniform,15,250,150,102,103,1,0,3444,84.16631418798352
uniform,15,250,150,102,103,1,0,3445,84.19016409097821
uniform,15,250,150,102,103,1,0,3446,84.21306212997297
uniform,15,250,150,102,103,1,0,3447,84.23993317299755
uniform,15,250,150,102,103,1,0,3448,84.26116706698667
uniform,15,250,150,102,103,1,0,3449,84.28321537899319
uniform,15,250,150,102,103,1,0,3450,84.30434327799594
uniform,15,250,150,102,103,1,0,3451,84.32655236197752
uniform,15,250,150,102,103,1,0,3452,84.3499615189794
uniform,15,250,150,102,103,1,0,3453,84.37320725497557
uniform,15,250,150,102,103,1,0,3454,84.39912894298322
uniform,15,250,150,102,103,1,0,3455,84.42187491999357
uniform,15,250,150,102,103,1,0,3456,84.44316506298492
uniform,15,250,150,102,103,1,0,3457,84.46773911299533
uniform,15,250,150,102,103,1,0,3458,84.49079427798279
uniform,15,250,150,102,103,1,0,3459,84.5129856869753
uniform,15,250,150,102,103,1,0,3460,84.53625821697642
uniform,15,250,150,102,103,1,0,3461,84.55843378597638
uniform,15,250,150,102,103,1,0,3462,84.58479778998299
uniform,15,250,150,102,103,1,0,3463,84.61151637797593
uniform,15,250,150,102,103,1,0,3464,84.63306176199694
uniform,15,250,150,102,103,1,0,3465,84.66107889497653
uniform,15,250,150,102,103,1,0,3466,84.68739707497298
uniform,15,250,150,102,103,1,0,3467,84.7096467029769
uniform,15,250,150,102,103,1,0,3468,84.73140194499865
uniform,15,250,150,102,103,1,0,3469,84.75334218598437
uniform,15,250,150,102,103,1,0,3470,84.77445065099164
uniform,15,250,150,102,103,1,0,3471,84.79653019498801
uniform,15,250,150,102,103,1,0,3472,84.82057432297734
uniform,15,250,150,102,103,1,0,3473,84.84919384599198
uniform,15,250,150,102,103,1,0,3474,84.87022980899201
uniform,15,250,150,102,103,1,0,3475,84.89678572199773
uniform,15,250,150,102,103,1,0,3476,84.92712165997364
uniform,15,250,150,102,103,1,0,3477,84.953209194995
uniform,15,250,150,102,103,1,0,3478,84.97451512998668
uniform,15,250,150,102,103,1,0,3479,85.00247621099697
uniform,15,250,150,102,103,1,0,3480,85.028213166981
uniform,15,250,150,102,103,1,0,3481,85.05470035399776
uniform,15,250,150,102,103,1,0,3482,85.07748263797839
uniform,15,250,150,102,103,1,0,3483,85.10482168398448
uniform,15,250,150,102,103,1,0,3484,85.12569372498547
uniform,15,250,150,102,103,1,0,3485,85.15040949397371
uniform,15,250,150,102,103,1,0,3486,85.17236598598538
uniform,15,250,150,102,103,1,0,3487,85.20133554597851
uniform,15,250,150,102,103,1,0,3488,85.22526449299767
uniform,15,250,150,102,103,1,0,3489,85.24801770198974
uniform,15,250,150,102,103,1,0,3490,85.27334845799487
uniform,15,250,150,102,103,1,0,3491,85.296396523976
uniform,15,250,150,102,103,1,0,3492,85.31936731998576
uniform,15,250,150,102,103,1,0,3493,85.3431866899773
uniform,15,250,150,102,103,1,0,3494,85.36519742698874
uniform,15,250,150,102,103,1,0,3495,85.38705284197931
uniform,15,250,150,102,103,1,0,3496,85.40897833599593
uniform,15,250,150,102,103,1,0,3497,85.43602047098102
uniform,15,250,150,102,103,1,0,3498,85.4609913629829
uniform,15,250,150,102,103,1,0,3499,85.48679088297649
uniform,15,250,150,102,103,1,0,3500,85.50741000799462
uniform,15,250,150,102,103,1,0,3501,85.53529619798064
uniform,15,250,150,102,103,1,0,3502,85.5583300969738
uniform,15,250,150,102,103,1,0,3503,85.58223209599964
uniform,15,250,150,102,103,1,0,3504,85.60908060497604
uniform,15,250,150,102,103,1,0,3505,85.63223687297432
uniform,15,250,150,102,103,1,0,3506,85.65778935200069
uniform,15,250,150,102,103,1,0,3507,85.68535217898898
uniform,15,250,150,102,103,1,0,3508,85.71253360097762
uniform,15,250,150,102,103,1,0,3509,85.74124600098003
uniform,15,250,150,102,103,1,0,3510,85.76299789297627
uniform,15,250,150,102,103,1,0,3511,85.78679769998416
uniform,15,250,150,102,103,1,0,3512,85.81174004398054
uniform,15,250,150,102,103,1,0,3513,85.83603348699398
uniform,15,250,150,102,103,1,0,3514,85.85784545098431
uniform,15,250,150,102,103,1,0,3515,85.88071269498323
uniform,15,250,150,102,103,1,0,3516,85.90209426297224
uniform,15,250,150,102,103,1,0,3517,85.92956860098639
uniform,15,250,150,102,103,1,0,3518,85.95103482098784
uniform,15,250,150,102,103,1,0,3519,85.97380941198207
uniform,15,250,150,102,103,1,0,3520,85.9953997329867
uniform,15,250,150,102,103,1,0,3521,86.01887986899237
uniform,15,250,150,102,103,1,0,3522,86.0393124659895
uniform,15,250,150,102,103,1,0,3523,86.06450462099747
uniform,15,250,150,102,103,1,0,3524,86.08620781099307
uniform,15,250,150,102,103,1,0,3525,86.11081083799945
uniform,15,250,150,102,103,1,0,3526,86.13903808599571
uniform,15,250,150,102,103,1,0,3527,86.16228867098107
uniform,15,250,150,102,103,1,0,3528,86.187286742992
uniform,15,250,150,102,103,1,0,3529,86.20995822397526
uniform,15,250,150,102,103,1,0,3530,86.2332089599804
uniform,15,250,150,102,103,1,0,3531,86.25476058898494
uniform,15,250,150,102,103,1,0,3532,86.27554161299486
uniform,15,250,150,102,103,1,0,3533,86.29725060798228
uniform,15,250,150,102,103,1,0,3534,86.32557021998218
uniform,15,250,150,102,103,1,0,3535,86.352682429977
uniform,15,250,150,102,103,1,0,3536,86.37520275099087
uniform,15,250,150,102,103,1,0,3537,86.3968273709761
uniform,15,250,150,102,103,1,0,3538,86.41742840499501
uniform,15,250,150,102,103,1,0,3539,86.44024897797499
uniform,15,250,150,102,103,1,0,3540,86.46075154599384
uniform,15,250,150,102,103,1,0,3541,86.48462619798374
uniform,15,250,150,102,103,1,0,3542,86.50836219399935
uniform,15,250,150,102,103,1,0,3543,86.53535873498186
uniform,15,250,150,102,103,1,0,3544,86.55630136298714
uniform,15,250,150,102,103,1,0,3545,86.57868325698655
uniform,15,250,150,102,103,1,0,3546,86.59932933797245
uniform,15,250,150,102,103,1,0,3547,86.62311759198201
uniform,15,250,150,102,103,1,0,3548,86.64518182299798
uniform,15,250,150,102,103,1,0,3549,86.6684705959924
uniform,15,250,150,102,103,1,0,3550,86.69069670999306
uniform,15,250,150,102,103,1,0,3551,86.71271968999645
uniform,15,250,150,102,103,1,0,3552,86.73381822698866
uniform,15,250,150,102,103,1,0,3553,86.7552013839886
uniform,15,250,150,102,103,1,0,3554,86.78884151697275
uniform,15,250,150,102,103,1,0,3555,86.81151338797645
uniform,15,250,150,102,103,1,0,3556,86.83721822799998
uniform,15,250,150,102,103,1,0,3557,86.86025021597743
uniform,15,250,150,102,103,1,0,3558,86.88372030897881
uniform,15,250,150,102,103,1,0,3559,86.90657406998798
uniform,15,250,150,102,103,1,0,3560,86.93072059497354
uniform,15,250,150,102,103,1,0,3561,86.95330399699742
uniform,15,250,150,102,103,1,0,3562,86.97531950499979
uniform,15,250,150,102,103,1,0,3563,86.9991632399906
uniform,15,250,150,102,103,1,0,3564,87.02669339400018
uniform,15,250,150,102,103,1,0,3565,87.05435503399349
uniform,15,250,150,102,103,1,0,3566,87.08146632497665
uniform,15,250,150,102,103,1,0,3567,87.10587589399074
uniform,15,250,150,102,103,1,0,3568,87.12821626497316
uniform,15,250,150,102,103,1,0,3569,87.14975614499417
uniform,15,250,150,102,103,1,0,3570,87.17196999897715
uniform,15,250,150,102,103,1,0,3571,87.19619848797447
uniform,15,250,150,102,103,1,0,3572,87.22576840297552
uniform,15,250,150,102,103,1,0,3573,87.24903642898425
uniform,15,250,150,102,103,1,0,3574,87.2739339429827
uniform,15,250,150,102,103,1,0,3575,87.29545659097494
uniform,15,250,150,102,103,1,0,3576,87.31835945698549
uniform,15,250,150,102,103,1,0,3577,87.34100534397294
uniform,15,250,150,102,103,1,0,3578,87.36166836498887
uniform,15,250,150,102,103,1,0,3579,87.38585102898651
uniform,15,250,150,102,103,1,0,3580,87.41046792999259
uniform,15,250,150,102,103,1,0,3581,87.4346087659942
uniform,15,250,150,102,103,1,0,3582,87.45563008097815
uniform,15,250,150,102,103,1,0,3583,87.4783703799767
uniform,15,250,150,102,103,1,0,3584,87.49958529198193
uniform,15,250,150,102,103,1,0,3585,87.52973717299756
uniform,15,250,150,102,103,1,0,3586,87.55384769197553
uniform,15,250,150,102,103,1,0,3587,87.5767362699844
uniform,15,250,150,102,103,1,0,3588,87.59792004298652
uniform,15,250,150,102,103,1,0,3589,87.6203126499895
uniform,15,250,150,102,103,1,0,3590,87.64175201699254
uniform,15,250,150,102,103,1,0,3591,87.66907040699152
uniform,15,250,150,102,103,1,0,3592,87.69289101997856
uniform,15,250,150,102,103,1,0,3593,87.71673422399908
uniform,15,250,150,102,103,1,0,3594,87.73815619398374
uniform,15,250,150,102,103,1,0,3595,87.76040134899085
uniform,15,250,150,102,103,1,0,3596,87.78454592899652
uniform,15,250,150,102,103,1,0,3597,87.80959222197998
uniform,15,250,150,102,103,1,0,3598,87.83075338398339
uniform,15,250,150,102,103,1,0,3599,87.85429526597727
uniform,15,250,150,102,103,1,0,3600,87.8786411639885
uniform,15,250,150,102,103,1,0,3601,87.90400412198505
uniform,15,250,150,102,103,1,0,3602,87.92647196300095
uniform,15,250,150,102,103,1,0,3603,87.95079775698832
uniform,15,250,150,102,103,1,0,3604,87.97464163697441
uniform,15,250,150,102,103,1,0,3605,87.9996776979824
uniform,15,250,150,102,103,1,0,3606,88.02407967697945
uniform,15,250,150,102,103,1,0,3607,88.04669310897589
uniform,15,250,150,102,103,1,0,3608,88.07173721998697
uniform,15,250,150,102,103,1,0,3609,88.09933657298097
uniform,15,250,150,102,103,1,0,3610,88.1223160129739
uniform,15,250,150,102,103,1,0,3611,88.14593871799298
uniform,15,250,150,102,103,1,0,3612,88.17124017397873
uniform,15,250,150,102,103,1,0,3613,88.19629101199098
uniform,15,250,150,102,103,1,0,3614,88.21692093199817
uniform,15,250,150,102,103,1,0,3615,88.24775440397207
uniform,15,250,150,102,103,1,0,3616,88.27851898298832
uniform,15,250,150,102,103,1,0,3617,88.30397290698602
uniform,15,250,150,102,103,1,0,3618,88.32745301097748
uniform,15,250,150,102,103,1,0,3619,88.35191026897519
uniform,15,250,150,102,103,1,0,3620,88.37381060299231
uniform,15,250,150,102,103,1,0,3621,88.39816700998927
uniform,15,250,150,102,103,1,0,3622,88.42157969297841
uniform,15,250,150,102,103,1,0,3623,88.44654568299302
uniform,15,250,150,102,103,1,0,3624,88.47432262997609
uniform,15,250,150,102,103,1,0,3625,88.50340947398217
uniform,15,250,150,102,103,1,0,3626,88.53046358999563
uniform,15,250,150,102,103,1,0,3627,88.55391522997525
uniform,15,250,150,102,103,1,0,3628,88.57735352098825
uniform,15,250,150,102,103,1,0,3629,88.60185893598828
uniform,15,250,150,102,103,1,0,3630,88.62536557400017
uniform,15,250,150,102,103,1,0,3631,88.64958209099132
uniform,15,250,150,102,103,1,0,3632,88.67575863597449
uniform,15,250,150,102,103,1,0,3633,88.70180215299479
uniform,15,250,150,102,103,1,0,3634,88.72834969998803
uniform,15,250,150,102,103,1,0,3635,88.75514884499717
uniform,15,250,150,102,103,1,0,3636,88.78230188999441
uniform,15,250,150,102,103,1,0,3637,88.80701122098253
uniform,15,250,150,102,103,1,0,3638,88.83269081698381
uniform,15,250,150,102,103,1,0,3639,88.85710553597892
uniform,15,250,150,102,103,1,0,3640,88.88124799498473
uniform,15,250,150,102,103,1,0,3641,88.90804847099935
uniform,15,250,150,102,103,1,0,3642,88.93228098799591
uniform,15,250,150,102,103,1,0,3643,88.95597565197386
uniform,15,250,150,102,103,1,0,3644,88.97899305599276
uniform,15,250,150,102,103,1,0,3645,89.0024854769872
uniform,15,250,150,102,103,1,0,3646,89.02393172797747
uniform,15,250,150,102,103,1,0,3647,89.05007210999611
uniform,15,250,150,102,103,1,0,3648,89.07457340499968
uniform,15,250,150,102,103,1,0,3649,89.10935746799805
uniform,15,250,150,102,103,1,0,3650,89.13492644298822
uniform,15,250,150,102,103,1,0,3651,89.1592183559842
uniform,15,250,150,102,103,1,0,3652,89.18468759697862
uniform,15,250,150,102,103,1,0,3653,89.21218516799854
uniform,15,250,150,102,103,1,0,3654,89.23606193298474
uniform,15,250,150,102,103,1,0,3655,89.26669592599501
uniform,15,250,150,102,103,1,0,3656,89.29413080398808
uniform,15,250,150,102,103,1,0,3657,89.31960216499283
uniform,15,250,150,102,103,1,0,3658,89.3417332409881
uniform,15,250,150,102,103,1,0,3659,89.36561885298579
uniform,15,250,150,102,103,1,0,3660,89.3925747559988
uniform,15,250,150,102,103,1,0,3661,89.42060671097715
uniform,15,250,150,102,103,1,0,3662,89.44279591497616
uniform,15,250,150,102,103,1,0,3663,89.46601067399024
uniform,15,250,150,102,103,1,0,3664,89.48831609098124
uniform,15,250,150,102,103,1,0,3665,89.51365426799748
uniform,15,250,150,102,103,1,0,3666,89.53570837998996
uniform,15,250,150,102,103,1,0,3667,89.55927778998739
uniform,15,250,150,102,103,1,0,3668,89.58125039498555
uniform,15,250,150,102,103,1,0,3669,89.6058187999879
uniform,15,250,150,102,103,1,0,3670,89.6272103379888
uniform,15,250,150,102,103,1,0,3671,89.6497598089918
uniform,15,250,150,102,103,1,0,3672,89.67851333299768
uniform,15,250,150,102,103,1,0,3673,89.70258471198031
uniform,15,250,150,102,103,1,0,3674,89.7241735419957
uniform,15,250,150,102,103,1,0,3675,89.7467142539972
uniform,15,250,150,102,103,1,0,3676,89.76924442499876
uniform,15,250,150,102,103,1,0,3677,89.79644096799893
uniform,15,250,150,102,103,1,0,3678,89.81832881897571
uniform,15,250,150,102,103,1,0,3679,89.84694912697887
uniform,15,250,150,102,103,1,0,3680,89.87292966598761
uniform,15,250,150,102,103,1,0,3681,89.89754053397337
uniform,15,250,150,102,103,1,0,3682,89.92082724999636
uniform,15,250,150,102,103,1,0,3683,89.94722200499382
uniform,15,250,150,102,103,1,0,3684,89.97878883598605
uniform,15,250,150,102,103,1,0,3685,90.00272022298304
uniform,15,250,150,102,103,1,0,3686,90.02713173200027
uniform,15,250,150,102,103,1,0,3687,90.0510414489836
uniform,15,250,150,102,103,1,0,3688,90.07388321799226
uniform,15,250,150,102,103,1,0,3689,90.09647053698427
uniform,15,250,150,102,103,1,0,3690,90.1180453519919
uniform,15,250,150,102,103,1,0,3691,90.14304910198553
uniform,15,250,150,102,103,1,0,3692,90.16427068598568
uniform,15,250,150,102,103,1,0,3693,90.18778502999339
uniform,15,250,150,102,103,1,0,3694,90.21039457499865
uniform,15,250,150,102,103,1,0,3695,90.23294858599547
uniform,15,250,150,102,103,1,0,3696,90.25564827799099
uniform,15,250,150,102,103,1,0,3697,90.27700417098822
uniform,15,250,150,102,103,1,0,3698,90.2973498129868
uniform,15,250,150,102,103,1,0,3699,90.31926953198854
uniform,15,250,150,102,103,1,0,3700,90.34280658699572
uniform,15,250,150,102,103,1,0,3701,90.36558864597464
uniform,15,250,150,102,103,1,0,3702,90.38852334200055
uniform,15,250,150,102,103,1,0,3703,90.41332589497324
uniform,15,250,150,102,103,1,0,3704,90.43735681299586
uniform,15,250,150,102,103,1,0,3705,90.46160707899253
uniform,15,250,150,102,103,1,0,3706,90.48291421198519
uniform,15,250,150,102,103,1,0,3707,90.50919267800055
uniform,15,250,150,102,103,1,0,3708,90.53002861898858
uniform,15,250,150,102,103,1,0,3709,90.5516559209791
uniform,15,250,150,102,103,1,0,3710,90.57222544099204
uniform,15,250,150,102,103,1,0,3711,90.59400955800083
uniform,15,250,150,102,103,1,0,3712,90.61677698299172
uniform,15,250,150,102,103,1,0,3713,90.6406604499789
uniform,15,250,150,102,103,1,0,3714,90.66213672899175
uniform,15,250,150,102,103,1,0,3715,90.68376386997988
uniform,15,250,150,102,103,1,0,3716,90.7065475069976
uniform,15,250,150,102,103,1,0,3717,90.73041989197372
uniform,15,250,150,102,103,1,0,3718,90.7553845589864
uniform,15,250,150,102,103,1,0,3719,90.77772592997644
uniform,15,250,150,102,103,1,0,3720,90.79939372799709
uniform,15,250,150,102,103,1,0,3721,90.82088585998281
uniform,15,250,150,102,103,1,0,3722,90.84254082400003
uniform,15,250,150,102,103,1,0,3723,90.86408066700096
uniform,15,250,150,102,103,1,0,3724,90.8887964929745
uniform,15,250,150,102,103,1,0,3725,90.91150609499891
uniform,15,250,150,102,103,1,0,3726,90.93184935898171
uniform,15,250,150,102,103,1,0,3727,90.95332676297403
uniform,15,250,150,102,103,1,0,3728,90.97633611600031
uniform,15,250,150,102,103,1,0,3729,91.00370239198674
uniform,15,250,150,102,103,1,0,3730,91.02716934299679
uniform,15,250,150,102,103,1,0,3731,91.05353616899811
uniform,15,250,150,102,103,1,0,3732,91.07864840497496
uniform,15,250,150,102,103,1,0,3733,91.10026301298058
uniform,15,250,150,102,103,1,0,3734,91.12291634298163
uniform,15,250,150,102,103,1,0,3735,91.1570278069994
uniform,15,250,150,102,103,1,0,3736,91.18162369399215
uniform,15,250,150,102,103,1,0,3737,91.20444751298055
uniform,15,250,150,102,103,1,0,3738,91.22650312297628
uniform,15,250,150,102,103,1,0,3739,91.2516960099747
uniform,15,250,150,102,103,1,0,3740,91.27531851298409
uniform,15,250,150,102,103,1,0,3741,91.29802782298066
uniform,15,250,150,102,103,1,0,3742,91.32144976899144
uniform,15,250,150,102,103,1,0,3743,91.3451627639879
uniform,15,250,150,102,103,1,0,3744,91.36943292999058
uniform,15,250,150,102,103,1,0,3745,91.3976909359917
uniform,15,250,150,102,103,1,0,3746,91.4218290449935
uniform,15,250,150,102,103,1,0,3747,91.44449047200033
uniform,15,250,150,102,103,1,0,3748,91.47234538799967
uniform,15,250,150,102,103,1,0,3749,91.49937625398161
uniform,15,250,150,102,103,1,0,3750,91.5227531879791
uniform,15,250,150,102,103,1,0,3751,91.54649521797546
uniform,15,250,150,102,103,1,0,3752,91.56796289898921
uniform,15,250,150,102,103,1,0,3753,91.59408330597216
uniform,15,250,150,102,103,1,0,3754,91.62145902897464
uniform,15,250,150,102,103,1,0,3755,91.64615469099954
uniform,15,250,150,102,103,1,0,3756,91.67356570999254
uniform,15,250,150,102,103,1,0,3757,91.70363951299805
uniform,15,250,150,102,103,1,0,3758,91.72945147898281
uniform,15,250,150,102,103,1,0,3759,91.75707897299435
uniform,15,250,150,102,103,1,0,3760,91.77886631397996
uniform,15,250,150,102,103,1,0,3761,91.80274082699907
uniform,15,250,150,102,103,1,0,3762,91.82533156097634
uniform,15,250,150,102,103,1,0,3763,91.84909067698754
uniform,15,250,150,102,103,1,0,3764,91.87039872197784
uniform,15,250,150,102,103,1,0,3765,91.89413904497633
uniform,15,250,150,102,103,1,0,3766,91.91492196099716
uniform,15,250,150,102,103,1,0,3767,91.9400922509958
uniform,15,250,150,102,103,1,0,3768,91.96299955699942
uniform,15,250,150,102,103,1,0,3769,91.9960845009773
uniform,15,250,150,102,103,1,0,3770,92.02229873099714
uniform,15,250,150,102,103,1,0,3771,92.05318673700094
uniform,15,250,150,102,103,1,0,3772,92.08194634100073
uniform,15,250,150,102,103,1,0,3773,92.1064079979842
uniform,15,250,150,102,103,1,0,3774,92.12920030098758
uniform,15,250,150,102,103,1,0,3775,92.15168152799015
uniform,15,250,150,102,103,1,0,3776,92.1761140729941
uniform,15,250,150,102,103,1,0,3777,92.19932579697343
uniform,15,250,150,102,103,1,0,3778,92.21989199699601
uniform,15,250,150,102,103,1,0,3779,92.24483465397498
uniform,15,250,150,102,103,1,0,3780,92.27175658897613
uniform,15,250,150,102,103,1,0,3781,92.29820211799233
uniform,15,250,150,102,103,1,0,3782,92.32263221699395
uniform,15,250,150,102,103,1,0,3783,92.34721635800088
uniform,15,250,150,102,103,1,0,3784,92.37539362398093
uniform,15,250,150,102,103,1,0,3785,92.39975241897628
uniform,15,250,150,102,103,1,0,3786,92.42262891097926
uniform,15,250,150,102,103,1,0,3787,92.44562737297383
uniform,15,250,150,102,103,1,0,3788,92.46622522198595
uniform,15,250,150,102,103,1,0,3789,92.4881751939829
uniform,15,250,150,102,103,1,0,3790,92.50928677097545
uniform,15,250,150,102,103,1,0,3791,92.5312955879781
uniform,15,250,150,102,103,1,0,3792,92.55245459699654
uniform,15,250,150,102,103,1,0,3793,92.57668280397775
uniform,15,250,150,102,103,1,0,3794,92.60372718499275
uniform,15,250,150,102,103,1,0,3795,92.6295315239986
uniform,15,250,150,102,103,1,0,3796,92.65075801397325
uniform,15,250,150,102,103,1,0,3797,92.67697299399879
uniform,15,250,150,102,103,1,0,3798,92.69735444197431
uniform,15,250,150,102,103,1,0,3799,92.71765748498728
uniform,15,250,150,102,103,1,0,3800,92.74135380197549
uniform,15,250,150,102,103,1,0,3801,92.76411510797334
uniform,15,250,150,102,103,1,0,3802,92.78471012998489
uniform,15,250,150,102,103,1,0,3803,92.80624020297546
uniform,15,250,150,102,103,1,0,3804,92.82681881499593
uniform,15,250,150,102,103,1,0,3805,92.85277872497682
uniform,15,250,150,102,103,1,0,3806,92.87705797099625
uniform,15,250,150,102,103,1,0,3807,92.89889563599718
uniform,15,250,150,102,103,1,0,3808,92.92339692398673
uniform,15,250,150,102,103,1,0,3809,92.9481835149927
uniform,15,250,150,102,103,1,0,3810,92.97752998399665
uniform,15,250,150,102,103,1,0,3811,93.00510384197696
uniform,15,250,150,102,103,1,0,3812,93.02586570297717
uniform,15,250,150,102,103,1,0,3813,93.05199535397696
uniform,15,250,150,102,103,1,0,3814,93.07573727198178
uniform,15,250,150,102,103,1,0,3815,93.09909237598185
uniform,15,250,150,102,103,1,0,3816,93.12172227798146
uniform,15,250,150,102,103,1,0,3817,93.14648234599736
uniform,15,250,150,102,103,1,0,3818,93.16755984499468
uniform,15,250,150,102,103,1,0,3819,93.19153438098147
uniform,15,250,150,102,103,1,0,3820,93.2140851529839
uniform,15,250,150,102,103,1,0,3821,93.23728359598317
uniform,15,250,150,102,103,1,0,3822,93.25888597397716
uniform,15,250,150,102,103,1,0,3823,93.28034921898507
uniform,15,250,150,102,103,1,0,3824,93.30115924097481
uniform,15,250,150,102,103,1,0,3825,93.32286095398013
uniform,15,250,150,102,103,1,0,3826,93.34537434499362
uniform,15,250,150,102,103,1,0,3827,93.37122057797387
uniform,15,250,150,102,103,1,0,3828,93.39330551997409
uniform,15,250,150,102,103,1,0,3829,93.41487709298963
uniform,15,250,150,102,103,1,0,3830,93.43785529799061
uniform,15,250,150,102,103,1,0,3831,93.47146024199901
uniform,15,250,150,102,103,1,0,3832,93.49733721499797
uniform,15,250,150,102,103,1,0,3833,93.51957525897888
uniform,15,250,150,102,103,1,0,3834,93.54576480199466
uniform,15,250,150,102,103,1,0,3835,93.57063999198726
uniform,15,250,150,102,103,1,0,3836,93.59174639399862
uniform,15,250,150,102,103,1,0,3837,93.61355810897658
uniform,15,250,150,102,103,1,0,3838,93.63750776197412
uniform,15,250,150,102,103,1,0,3839,93.66409451299114
uniform,15,250,150,102,103,1,0,3840,93.6881414729869
uniform,15,250,150,102,103,1,0,3841,93.71015126199927
uniform,15,250,150,102,103,1,0,3842,93.735166294995
uniform,15,250,150,102,103,1,0,3843,93.75847932999022
uniform,15,250,150,102,103,1,0,3844,93.77935071798856
uniform,15,250,150,102,103,1,0,3845,93.80551582499174
uniform,15,250,150,102,103,1,0,3846,93.82874467698275
uniform,15,250,150,102,103,1,0,3847,93.85118775899173
uniform,15,250,150,102,103,1,0,3848,93.87187937798444
uniform,15,250,150,102,103,1,0,3849,93.89361706597265
uniform,15,250,150,102,103,1,0,3850,93.92255038098665
uniform,15,250,150,102,103,1,0,3851,93.9472266669909
uniform,15,250,150,102,103,1,0,3852,93.97249997398467
uniform,15,250,150,102,103,1,0,3853,93.99796792399138
uniform,15,250,150,102,103,1,0,3854,94.02182939497288
uniform,15,250,150,102,103,1,0,3855,94.04296092499862
uniform,15,250,150,102,103,1,0,3856,94.06644383797538
uniform,15,250,150,102,103,1,0,3857,94.0892097359756
uniform,15,250,150,102,103,1,0,3858,94.11796699397382
uniform,15,250,150,102,103,1,0,3859,94.14358543997514
uniform,15,250,150,102,103,1,0,3860,94.16961710999021
uniform,15,250,150,102,103,1,0,3861,94.19341540097957
uniform,15,250,150,102,103,1,0,3862,94.21559296699706
uniform,15,250,150,102,103,1,0,3863,94.2397449319833
uniform,15,250,150,102,103,1,0,3864,94.26617334899493
uniform,15,250,150,102,103,1,0,3865,94.2948129469878
uniform,15,250,150,102,103,1,0,3866,94.31734217799385
uniform,15,250,150,102,103,1,0,3867,94.34456563697313
uniform,15,250,150,102,103,1,0,3868,94.36965428999974
uniform,15,250,150,102,103,1,0,3869,94.39276678298484
uniform,15,250,150,102,103,1,0,3870,94.41924878198188
uniform,15,250,150,102,103,1,0,3871,94.45142763998592
uniform,15,250,150,102,103,1,0,3872,94.47325186399394
uniform,15,250,150,102,103,1,0,3873,94.50289463897934
uniform,15,250,150,102,103,1,0,3874,94.52650323099806
uniform,15,250,150,102,103,1,0,3875,94.55609447698225
uniform,15,250,150,102,103,1,0,3876,94.5813592519844
uniform,15,250,150,102,103,1,0,3877,94.60727117597708
uniform,15,250,150,102,103,1,0,3878,94.62966445597704
uniform,15,250,150,102,103,1,0,3879,94.65221153499442
uniform,15,250,150,102,103,1,0,3880,94.68022703198949
uniform,15,250,150,102,103,1,0,3881,94.70368253899505
uniform,15,250,150,102,103,1,0,3882,94.72495371798868
uniform,15,250,150,102,103,1,0,3883,94.74804430597578
uniform,15,250,150,102,103,1,0,3884,94.76887125999201
uniform,15,250,150,102,103,1,0,3885,94.79060570598813
uniform,15,250,150,102,103,1,0,3886,94.81746663097874
uniform,15,250,150,102,103,1,0,3887,94.8404418299906
uniform,15,250,150,102,103,1,0,3888,94.86207971797558
uniform,15,250,150,102,103,1,0,3889,94.88379027697374
uniform,15,250,150,102,103,1,0,3890,94.90424829497351
uniform,15,250,150,102,103,1,0,3891,94.92599345298368
uniform,15,250,150,102,103,1,0,3892,94.94642000598833
uniform,15,250,150,102,103,1,0,3893,94.97145457999432
uniform,15,250,150,102,103,1,0,3894,94.99196440298692
uniform,15,250,150,102,103,1,0,3895,95.01385669398587
uniform,15,250,150,102,103,1,0,3896,95.03452455697698
uniform,15,250,150,102,103,1,0,3897,95.05632828897797
uniform,15,250,150,102,103,1,0,3898,95.07675932097482
uniform,15,250,150,102,103,1,0,3899,95.10037452899269
uniform,15,250,150,102,103,1,0,3900,95.12738241098123
uniform,15,250,150,102,103,1,0,3901,95.14995494298637
uniform,15,250,150,102,103,1,0,3902,95.17113403699477
uniform,15,250,150,102,103,1,0,3903,95.1930649309943
uniform,15,250,150,102,103,1,0,3904,95.213698801992
uniform,15,250,150,102,103,1,0,3905,95.23791100899689
uniform,15,250,150,102,103,1,0,3906,95.25909871098702
uniform,15,250,150,102,103,1,0,3907,95.28227307798807
uniform,15,250,150,102,103,1,0,3908,95.30536935897544
uniform,15,250,150,102,103,1,0,3909,95.32804464697256
uniform,15,250,150,102,103,1,0,3910,95.34916790097486
uniform,15,250,150,102,103,1,0,3911,95.36974775098497
uniform,15,250,150,102,103,1,0,3912,95.39234518699232
uniform,15,250,150,102,103,1,0,3913,95.41591208300088
uniform,15,250,150,102,103,1,0,3914,95.43900707998546
uniform,15,250,150,102,103,1,0,3915,95.46194635998108
uniform,15,250,150,102,103,1,0,3916,95.48265214299317
uniform,15,250,150,102,103,1,0,3917,95.50427294397377
uniform,15,250,150,102,103,1,0,3918,95.5251491109957
uniform,15,250,150,102,103,1,0,3919,95.54999203598709
uniform,15,250,150,102,103,1,0,3920,95.57297398798983
uniform,15,250,150,102,103,1,0,3921,95.59554701397428
uniform,15,250,150,102,103,1,0,3922,95.61816609697416
uniform,15,250,150,102,103,1,0,3923,95.64301112398971
uniform,15,250,150,102,103,1,0,3924,95.67149479797808
uniform,15,250,150,102,103,1,0,3925,95.69442763298866
uniform,15,250,150,102,103,1,0,3926,95.71591253599036
uniform,15,250,150,102,103,1,0,3927,95.73873282998102
uniform,15,250,150,102,103,1,0,3928,95.76388843997847
uniform,15,250,150,102,103,1,0,3929,95.7894322819775
uniform,15,250,150,102,103,1,0,3930,95.81418435799424
uniform,15,250,150,102,103,1,0,3931,95.8382386189769
uniform,15,250,150,102,103,1,0,3932,95.8619677349925
uniform,15,250,150,102,103,1,0,3933,95.89163668098627
uniform,15,250,150,102,103,1,0,3934,95.91978833597386
uniform,15,250,150,102,103,1,0,3935,95.94848771498073
uniform,15,250,150,102,103,1,0,3936,95.97567761997925
uniform,15,250,150,102,103,1,0,3937,95.9991236369824
uniform,15,250,150,102,103,1,0,3938,96.02203607797856
uniform,15,250,150,102,103,1,0,3939,96.04477576198406
uniform,15,250,150,102,103,1,0,3940,96.0684478499752
uniform,15,250,150,102,103,1,0,3941,96.09024193199002
uniform,15,250,150,102,103,1,0,3942,96.1150761259778
uniform,15,250,150,102,103,1,0,3943,96.14108602699707
uniform,15,250,150,102,103,1,0,3944,96.16788322097273
uniform,15,250,150,102,103,1,0,3945,96.19748032299685
uniform,15,250,150,102,103,1,0,3946,96.22904636099702
uniform,15,250,150,102,103,1,0,3947,96.25624293097644
uniform,15,250,150,102,103,1,0,3948,96.277237753995
uniform,15,250,150,102,103,1,0,3949,96.30002992597292
uniform,15,250,150,102,103,1,0,3950,96.32307429399225
uniform,15,250,150,102,103,1,0,3951,96.35720515399589
uniform,15,250,150,102,103,1,0,3952,96.38081459698151
uniform,15,250,150,102,103,1,0,3953,96.40293089998886
uniform,15,250,150,102,103,1,0,3954,96.42681698099477
uniform,15,250,150,102,103,1,0,3955,96.45147790398914
uniform,15,250,150,102,103,1,0,3956,96.4728749859787
uniform,15,250,150,102,103,1,0,3957,96.5025249569735
uniform,15,250,150,102,103,1,0,3958,96.5239249059814
uniform,15,250,150,102,103,1,0,3959,96.54586609097896
uniform,15,250,150,102,103,1,0,3960,96.56774525897345
uniform,15,250,150,102,103,1,0,3961,96.59681171298143
uniform,15,250,150,102,103,1,0,3962,96.62267422198784
uniform,15,250,150,102,103,1,0,3963,96.64505252399249
uniform,15,250,150,102,103,1,0,3964,96.66655401297612
uniform,15,250,150,102,103,1,0,3965,96.68944463098887
uniform,15,250,150,102,103,1,0,3966,96.72218535997672
uniform,15,250,150,102,103,1,0,3967,96.74540748397703
uniform,15,250,150,102,103,1,0,3968,96.76876542097307
uniform,15,250,150,102,103,1,0,3969,96.79075036899303
uniform,15,250,150,102,103,1,0,3970,96.8163535859785
uniform,15,250,150,102,103,1,0,3971,96.8388405799924
uniform,15,250,150,102,103,1,0,3972,96.8600663249963
uniform,15,250,150,102,103,1,0,3973,96.88263684298727
uniform,15,250,150,102,103,1,0,3974,96.90371572499862
uniform,15,250,150,102,103,1,0,3975,96.92844170299941
uniform,15,250,150,102,103,1,0,3976,96.95312956898124
uniform,15,250,150,102,103,1,0,3977,96.98192179499893
uniform,15,250,150,102,103,1,0,3978,97.00951692598755
uniform,15,250,150,102,103,1,0,3979,97.03657197699067
uniform,15,250,150,102,103,1,0,3980,97.0575280279736
uniform,15,250,150,102,103,1,0,3981,97.08534699099255
uniform,15,250,150,102,103,1,0,3982,97.10808146197814
uniform,15,250,150,102,103,1,0,3983,97.13367083499907
uniform,15,250,150,102,103,1,0,3984,97.15592768599163
uniform,15,250,150,102,103,1,0,3985,97.1831799549982
uniform,15,250,150,102,103,1,0,3986,97.20710050297203
uniform,15,250,150,102,103,1,0,3987,97.23818717399263
uniform,15,250,150,102,103,1,0,3988,97.2647215219913
uniform,15,250,150,102,103,1,0,3989,97.29064381099306
uniform,15,250,150,102,103,1,0,3990,97.32211616699351
uniform,15,250,150,102,103,1,0,3991,97.34622392599704
uniform,15,250,150,102,103,1,0,3992,97.37008681098814
uniform,15,250,150,102,103,1,0,3993,97.39338688197313
uniform,15,250,150,102,103,1,0,3994,97.41533839798649
uniform,15,250,150,102,103,1,0,3995,97.44305372299277
uniform,15,250,150,102,103,1,0,3996,97.46471548598493
uniform,15,250,150,102,103,1,0,3997,97.48869932297384
uniform,15,250,150,102,103,1,0,3998,97.51273547799792
uniform,15,250,150,102,103,1,0,3999,97.53738907797378
uniform,15,250,150,102,103,1,0,4000,97.55932570499135
uniform,15,250,150,102,103,1,0,4001,97.58187541697407
uniform,15,250,150,102,103,1,0,4002,97.60998520499561
uniform,15,250,150,102,103,1,0,4003,97.63328757099225
uniform,15,250,150,102,103,1,0,4004,97.65414869799861
uniform,15,250,150,102,103,1,0,4005,97.67720766697312
uniform,15,250,150,102,103,1,0,4006,97.70296329399571
uniform,15,250,150,102,103,1,0,4007,97.72793861798709
uniform,15,250,150,102,103,1,0,4008,97.7510822659824
uniform,15,250,150,102,103,1,0,4009,97.77443310499075
uniform,15,250,150,102,103,1,0,4010,97.79534941198654
uniform,15,250,150,102,103,1,0,4011,97.81778607598972
uniform,15,250,150,102,103,1,0,4012,97.84181838299264
uniform,15,250,150,102,103,1,0,4013,97.86430881099659
uniform,15,250,150,102,103,1,0,4014,97.89263003299129
uniform,15,250,150,102,103,1,0,4015,97.91516765599954
uniform,15,250,150,102,103,1,0,4016,97.93852176397922
uniform,15,250,150,102,103,1,0,4017,97.9636179349909
uniform,15,250,150,102,103,1,0,4018,97.98710322799161
uniform,15,250,150,102,103,1,0,4019,98.01000514498446
uniform,15,250,150,102,103,1,0,4020,98.03185171500081
uniform,15,250,150,102,103,1,0,4021,98.05483937598183
uniform,15,250,150,102,103,1,0,4022,98.07653033998213
uniform,15,250,150,102,103,1,0,4023,98.10436358198058
uniform,15,250,150,102,103,1,0,4024,98.12675274099456
uniform,15,250,150,102,103,1,0,4025,98.15034107500105
uniform,15,250,150,102,103,1,0,4026,98.17176484997617
uniform,15,250,150,102,103,1,0,4027,98.19557538197841
uniform,15,250,150,102,103,1,0,4028,98.21693860797677
uniform,15,250,150,102,103,1,0,4029,98.23956794798141
uniform,15,250,150,102,103,1,0,4030,98.26972057297826
uniform,15,250,150,102,103,1,0,4031,98.29431920798379
uniform,15,250,150,102,103,1,0,4032,98.31868630598183
uniform,15,250,150,102,103,1,0,4033,98.34264244500082
uniform,15,250,150,102,103,1,0,4034,98.36355669799377
uniform,15,250,150,102,103,1,0,4035,98.38568378897617
uniform,15,250,150,102,103,1,0,4036,98.41209437898942
uniform,15,250,150,102,103,1,0,4037,98.43814598198514
uniform,15,250,150,102,103,1,0,4038,98.45998125799815
uniform,15,250,150,102,103,1,0,4039,98.48657616297714
uniform,15,250,150,102,103,1,0,4040,98.50730416999431
uniform,15,250,150,102,103,1,0,4041,98.535075502994
uniform,15,250,150,102,103,1,0,4042,98.55731070198817
uniform,15,250,150,102,103,1,0,4043,98.58594939098111
uniform,15,250,150,102,103,1,0,4044,98.60998063799343
uniform,15,250,150,102,103,1,0,4045,98.63523392699426
uniform,15,250,150,102,103,1,0,4046,98.65858162299264
uniform,15,250,150,102,103,1,0,4047,98.68417657798273
uniform,15,250,150,102,103,1,0,4048,98.70720609099953
uniform,15,250,150,102,103,1,0,4049,98.73269555697334
uniform,15,250,150,102,103,1,0,4050,98.75590474199271
uniform,15,250,150,102,103,1,0,4051,98.78321480398881
uniform,15,250,150,102,103,1,0,4052,98.80622050099191
uniform,15,250,150,102,103,1,0,4053,98.83157336097793
uniform,15,250,150,102,103,1,0,4054,98.85403502598638
uniform,15,250,150,102,103,1,0,4055,98.87996100299642
uniform,15,250,150,102,103,1,0,4056,98.90251555797295
uniform,15,250,150,102,103,1,0,4057,98.9306485139823
uniform,15,250,150,102,103,1,0,4058,98.9533011589956
uniform,15,250,150,102,103,1,0,4059,98.9765963369864
uniform,15,250,150,102,103,1,0,4060,99.00120432997937
uniform,15,250,150,102,103,1,0,4061,99.02360673699877
uniform,15,250,150,102,103,1,0,4062,99.04473038998549
uniform,15,250,150,102,103,1,0,4063,99.06690255299327
uniform,15,250,150,102,103,1,0,4064,99.09128690499347
uniform,15,250,150,102,103,1,0,4065,99.113313593989
uniform,15,250,150,102,103,1,0,4066,99.13615411898354
uniform,15,250,150,102,103,1,0,4067,99.1658320419956
uniform,15,250,150,102,103,1,0,4068,99.18889893998858
uniform,15,250,150,102,103,1,0,4069,99.2175222899823
uniform,15,250,150,102,103,1,0,4070,99.23987435299205
uniform,15,250,150,102,103,1,0,4071,99.26599400799023
uniform,15,250,150,102,103,1,0,4072,99.2886661279772
uniform,15,250,150,102,103,1,0,4073,99.31199010199634
uniform,15,250,150,102,103,1,0,4074,99.33369119497365
uniform,15,250,150,102,103,1,0,4075,99.37723514498794
uniform,15,250,150,102,103,1,0,4076,99.40712048797286
uniform,15,250,150,102,103,1,0,4077,99.43648155397386
uniform,15,250,150,102,103,1,0,4078,99.45859215798555
uniform,15,250,150,102,103,1,0,4079,99.48287708699354
uniform,15,250,150,102,103,1,0,4080,99.50884097800008
uniform,15,250,150,102,103,1,0,4081,99.53263264597626
uniform,15,250,150,102,103,1,0,4082,99.55795723598567
uniform,15,250,150,102,103,1,0,4083,99.59182448199135
uniform,15,250,150,102,103,1,0,4084,99.61397555298754
uniform,15,250,150,102,103,1,0,4085,99.63748603698332
uniform,15,250,150,102,103,1,0,4086,99.66447980099474
uniform,15,250,150,102,103,1,0,4087,99.68971352998051
uniform,15,250,150,102,103,1,0,4088,99.71770648198435
uniform,15,250,150,102,103,1,0,4089,99.74245700798929
uniform,15,250,150,102,103,1,0,4090,99.76769244298339
uniform,15,250,150,102,103,1,0,4091,99.79193651498645
uniform,15,250,150,102,103,1,0,4092,99.81428810197394
uniform,15,250,150,102,103,1,0,4093,99.84063722897554
uniform,15,250,150,102,103,1,0,4094,99.86226432299009
uniform,15,250,150,102,103,1,0,4095,99.88810519699473
uniform,15,250,150,102,103,1,0,4096,99.90990928697283
uniform,15,250,150,102,103,1,0,4097,99.93310174398357
uniform,15,250,150,102,103,1,0,4098,99.95791713299695
uniform,15,250,150,102,103,1,0,4099,99.9808970289887
uniform,15,250,150,102,103,1,0,4100,100.00237291899975
uniform,16,120,150,49,49,0,1,1,0.009526019013719633
uniform,17,500,150,202,204,2,0,1,0.11929528700420633
uniform,17,500,150,202,204,2,0,2,0.18543492502067238
uniform,17,500,150,202,204,2,0,3,0.25023026700364426
uniform,17,500,150,202,203,1,0,4,0.32470224401913583
uniform,17,500,150,202,203,1,0,5,0.4024861680227332
uniform,17,500,150,202,203,1,0,6,0.4866781620075926
uniform,17,500,150,202,203,1,0,7,0.5573650480073411
uniform,17,500,150,202,203,1,0,8,0.6261238279985264
uniform,17,500,150,202,203,1,0,9,0.6900802190066315
uniform,17,500,150,202,203,1,0,10,0.7657136660127435
uniform,17,500,150,202,203,1,0,11,0.8281585040094797
uniform,17,500,150,202,203,1,0,12,0.8966437820054125
uniform,17,500,150,202,203,1,0,13,0.9582532420172356
uniform,17,500,150,202,203,1,0,14,1.019790645019384
uniform,17,500,150,202,203,1,0,15,1.0806275950162672
uniform,17,500,150,202,203,1,0,16,1.1428565050009638
uniform,17,500,150,202,203,1,0,17,1.2127903650107328
uniform,17,500,150,202,203,1,0,18,1.278954136010725
uniform,17,500,150,202,203,1,0,19,1.3396038670034613
uniform,17,500,150,202,203,1,0,20,1.4007211569987703
uniform,17,500,150,202,203,1,0,21,1.461844869016204
uniform,17,500,150,202,203,1,0,22,1.5270889410167001
uniform,17,500,150,202,203,1,0,23,1.590587537997635
uniform,17,500,150,202,203,1,0,24,1.6642349979956634
uniform,17,500,150,202,203,1,0,25,1.7324558900145348
uniform,17,500,150,202,203,1,0,26,1.796262313000625
uniform,17,500,150,202,203,1,0,27,1.8605419470113702
uniform,17,500,150,202,203,1,0,28,1.924900134006748
uniform,17,500,150,202,203,1,0,29,1.9906976720085368
uniform,17,500,150,202,203,1,0,30,2.057049626018852
uniform,17,500,150,202,203,1,0,31,2.1213775720098056
uniform,17,500,150,202,203,1,0,32,2.2001924850046635
uniform,17,500,150,202,203,1,0,33,2.2615765090158675
uniform,17,500,150,202,203,1,0,34,2.330338613013737
uniform,17,500,150,202,203,1,0,35,2.39229186202283
uniform,17,500,150,202,203,1,0,36,2.4547026510117576
uniform,17,500,150,202,203,1,0,37,2.51852471701568
uniform,17,500,150,202,203,1,0,38,2.5808991200174205
uniform,17,500,150,202,203,1,0,39,2.6636839540151414
uniform,17,500,150,202,203,1,0,40,2.742792418022873
uniform,17,500,150,202,203,1,0,41,2.8179228749941103
uniform,17,500,150,202,203,1,0,42,2.9013120390009135
uniform,17,500,150,202,203,1,0,43,2.9632220070052426
uniform,17,500,150,202,203,1,0,44,3.0230163680098485
uniform,17,500,150,202,203,1,0,45,3.0892399980220944
uniform,17,500,150,202,203,1,0,46,3.1603516710165422
uniform,17,500,150,202,203,1,0,47,3.2219379839953035
uniform,17,500,150,202,203,1,0,48,3.2854272130061872
uniform,17,500,150,202,203,1,0,49,3.3479958530224394
uniform,17,500,150,202,203,1,0,50,3.421311169018736
uniform,17,500,150,202,203,1,0,51,3.4861123640148435
uniform,17,500,150,202,203,1,0,52,3.574948134017177
uniform,17,500,150,202,203,1,0,53,3.6554814820119645
uniform,17,500,150,202,203,1,0,54,3.720469387015328
uniform,17,500,150,202,203,1,0,55,3.7862907650123816
uniform,17,500,150,202,203,1,0,56,3.8471728790027555
uniform,17,500,150,202,203,1,0,57,3.918052595021436
uniform,17,500,150,202,203,1,0,58,3.983843402005732
uniform,17,500,150,202,203,1,0,59,4.052447488997132
uniform,17,500,150,202,203,1,0,60,4.118619362998288
uniform,17,500,150,202,203,1,0,61,4.184772595996037
uniform,17,500,150,202,203,1,0,62,4.2656649540003855
uniform,17,500,150,202,203,1,0,63,4.326957220007898
uniform,17,500,150,202,203,1,0,64,4.393193747004261
uniform,17,500,150,202,203,1,0,65,4.459265568002593
uniform,17,500,150,202,203,1,0,66,4.5224015840212815
uniform,17,500,150,202,203,1,0,67,4.585822885012021
uniform,17,500,150,202,203,1,0,68,4.6589159879949875
uniform,17,500,150,202,203,1,0,69,4.735044644010486
uniform,17,500,150,202,203,1,0,70,4.820308302005287
uniform,17,500,150,202,203,1,0,71,4.893348120996961
uniform,17,500,150,202,203,1,0,72,4.963587522011949
uniform,17,500,150,202,203,1,0,73,5.031109700008528
uniform,17,500,150,202,203,1,0,74,5.094244152016472
uniform,17,500,150,202,203,1,0,75,5.156012655002996
uniform,17,500,150,202,203,1,0,76,5.218315797013929
uniform,17,500,150,202,203,1,0,77,5.279931804019725
uniform,17,500,150,202,203,1,0,78,5.344713999016676
uniform,17,500,150,202,203,1,0,79,5.412189331022091
uniform,17,500,150,202,203,1,0,80,5.4805061150109395
uniform,17,500,150,202,203,1,0,81,5.574860751017695
uniform,17,500,150,202,203,1,0,82,5.646583960013231
uniform,17,500,150,202,203,1,0,83,5.7089059480058495
uniform,17,500,150,202,203,1,0,84,5.775317271007225
uniform,17,500,150,202,203,1,0,85,5.83631114900345
uniform,17,500,150,202,203,1,0,86,5.897607810009504
uniform,17,500,150,202,203,1,0,87,5.971760890999576
uniform,17,500,150,202,203,1,0,88,6.061806576006347
uniform,17,500,150,202,202,0,1,89,6.136199627013411
uniform,18,120,150,52,52,0,1,1,0.010848637990420684
uniform,19,500,150,204,206,2,0,1,0.11132371600251645
uniform,19,500,150,204,205,1,0,2,0.18460326301283203
uniform,19,500,150,204,205,1,0,3,0.25720188100240193
uniform,19,500,150,204,205,1,0,4,0.3213919980044011
uniform,19,500,150,204,205,1,0,5,0.3870148750138469
uniform,19,500,150,204,205,1,0,6,0.45473627900355496
uniform,19,500,150,204,205,1,0,7,0.524410923011601
uniform,19,500,150,204,205,1,0,8,0.5998099230055232
uniform,19,500,150,204,205,1,0,9,0.6734190820134245
uniform,19,500,150,204,205,1,0,10,0.740376196015859
uniform,19,500,150,204,205,1,0,11,0.8068894740135875
uniform,19,500,150,204,205,1,0,12,0.9065683869994245
uniform,19,500,150,204,205,1,0,13,0.9774541039951146
uniform,19,500,150,204,205,1,0,14,1.042477779003093
uniform,19,500,150,204,205,1,0,15,1.1208557120116893
uniform,19,500,150,204,205,1,0,16,1.1838670060096774
uniform,19,500,150,204,205,1,0,17,1.2476733980001882
uniform,19,500,150,204,205,1,0,18,1.3113367129990365
uniform,19,500,150,204,205,1,0,19,1.3751227000029758
uniform,19,500,150,204,205,1,0,20,1.4380475990183186
uniform,19,500,150,204,205,1,0,21,1.5027569989906624
uniform,19,500,150,204,205,1,0,22,1.5710426360019483
uniform,19,500,150,204,205,1,0,23,1.6399237909936346
uniform,19,500,150,204,205,1,0,24,1.710373548005009
uniform,19,500,150,204,205,1,0,25,1.774078503018245
uniform,19,500,150,204,205,1,0,26,1.8371931049914565
uniform,19,500,150,204,205,1,0,27,1.9141594730026554
uniform,19,500,150,204,205,1,0,28,1.978922762995353
uniform,19,500,150,204,205,1,0,29,2.047184796014335
uniform,19,500,150,204,205,1,0,30,2.1179126579954755
uniform,19,500,150,204,205,1,0,31,2.2078308060008567
uniform,19,500,150,204,205,1,0,32,2.272271830996033
uniform,19,500,150,204,205,1,0,33,2.3509410269907676
uniform,19,500,150,204,205,1,0,34,2.4293335860129446
uniform,19,500,150,204,205,1,0,35,2.5018268690037075
uniform,19,500,150,204,205,1,0,36,2.5779676800011657
uniform,19,500,150,204,205,1,0,37,2.649322575016413
uniform,19,500,150,204,205,1,0,38,2.720410620997427
uniform,19,500,150,204,205,1,0,39,2.7850668900064193
uniform,19,500,150,204,205,1,0,40,2.849306724994676
uniform,19,500,150,204,205,1,0,41,2.9150827880075667
uniform,19,500,150,204,205,1,0,42,2.981052857998293
uniform,19,500,150,204,205,1,0,43,3.0544167880143505
uniform,19,500,150,204,205,1,0,44,3.1168681840063073
uniform,19,500,150,204,205,1,0,45,3.193478066008538
uniform,19,500,150,204,205,1,0,46,3.26694888700149
uniform,19,500,150,204,205,1,0,47,3.3294461260084063
uniform,19,500,150,204,205,1,0,48,3.3952688240096904
uniform,19,500,150,204,205,1,0,49,3.485872004996054
uniform,19,500,150,204,205,1,0,50,3.576373443007469
uniform,19,500,150,204,205,1,0,51,3.6437982819916215
uniform,19,500,150,204,205,1,0,52,3.7063190129993018
uniform,19,500,150,204,205,1,0,53,3.768211290007457
uniform,19,500,150,204,205,1,0,54,3.833957791008288
uniform,19,500,150,204,205,1,0,55,3.900003802991705
uniform,19,500,150,204,205,1,0,56,3.973724781011697
uniform,19,500,150,204,205,1,0,57,4.034582535008667
uniform,19,500,150,204,205,1,0,58,4.118266105011571
uniform,19,500,150,204,205,1,0,59,4.179453499004012
uniform,19,500,150,204,205,1,0,60,4.240150172001449
uniform,19,500,150,204,205,1,0,61,4.310401452996302
uniform,19,500,150,204,205,1,0,62,4.386745936004445
uniform,19,500,150,204,205,1,0,63,4.451003055990441
uniform,19,500,150,204,205,1,0,64,4.513016151991906
uniform,19,500,150,204,205,1,0,65,4.5731537849933375
uniform,19,500,150,204,205,1,0,66,4.634370723011671
uniform,19,500,150,204,205,1,0,67,4.695132986991666
uniform,19,500,150,204,205,1,0,68,4.756427832995541
uniform,19,500,150,204,205,1,0,69,4.828117400989868
uniform,19,500,150,204,205,1,0,70,4.900776269001653
uniform,19,500,150,204,205,1,0,71,4.961061097012134
uniform,19,500,150,204,205,1,0,72,5.030448299017735
uniform,19,500,150,204,205,1,0,73,5.10255663600401
uniform,19,500,150,204,205,1,0,74,5.186070315015968
uniform,19,500,150,204,205,1,0,75,5.252282933011884
uniform,19,500,150,204,204,0,1,76,5.31673918501474
uniform,20,120,150,52,53,1,0,1,0.011941795994061977
uniform,20,120,150,52,52,0,1,2,0.03375904299900867
uniform,21,1000,150,393,397,4,0,1,0.4532369380176533
uniform,21,1000,150,393,396,3,0,2,0.7194413719989825
uniform,21,1000,150,393,396,3,0,3,0.9491553250118159
uniform,21,1000,150,393,396,3,0,4,1.186287839023862
uniform,21,1000,150,393,396,3,0,5,1.4413487540150527
uniform,21,1000,150,393,396,3,0,6,1.6744602460239548
uniform,21,1000,150,393,396,3,0,7,1.8947527400159743
uniform,21,1000,150,393,396,3,0,8,2.1142027340247296
uniform,21,1000,150,393,396,3,0,9,2.333787834009854
uniform,21,1000,150,393,396,3,0,10,2.552182317012921
uniform,21,1000,150,393,395,2,0,11,2.7847633410128765
uniform,21,1000,150,393,395,2,0,12,3.030877129000146
uniform,21,1000,150,393,395,2,0,13,3.2508161599980667
uniform,21,1000,150,393,395,2,0,14,3.4788599680177867
uniform,21,1000,150,393,395,2,0,15,3.712888305017259
uniform,21,1000,150,393,395,2,0,16,3.9531599260226358
uniform,21,1000,150,393,395,2,0,17,4.178027923015179
uniform,21,1000,150,393,395,2,0,18,4.400203270022757
uniform,21,1000,150,393,395,2,0,19,4.634832638024818
uniform,21,1000,150,393,395,2,0,20,4.858466400008183
uniform,21,1000,150,393,395,2,0,21,5.080284977011615
uniform,21,1000,150,393,395,2,0,22,5.332872964005219
uniform,21,1000,150,393,395,2,0,23,5.556451424024999
uniform,21,1000,150,393,395,2,0,24,5.777635228005238
uniform,21,1000,150,393,395,2,0,25,5.996358306001639
uniform,21,1000,150,393,395,2,0,26,6.212950436020037
uniform,21,1000,150,393,395,2,0,27,6.426742350013228
uniform,21,1000,150,393,395,2,0,28,6.657602367020445
uniform,21,1000,150,393,395,2,0,29,6.93268216602155
uniform,21,1000,150,393,395,2,0,30,7.170730348007055
uniform,21,1000,150,393,395,2,0,31,7.420418257010169
uniform,21,1000,150,393,395,2,0,32,7.666096605011262
uniform,21,1000,150,393,394,1,0,33,7.961192371003563
uniform,21,1000,150,393,394,1,0,34,8.182203466014471
uniform,21,1000,150,393,394,1,0,35,8.429288159997668
uniform,21,1000,150,393,394,1,0,36,8.65722391899908
uniform,21,1000,150,393,394,1,0,37,8.914470764022553
uniform,21,1000,150,393,394,1,0,38,9.21155194300809
uniform,21,1000,150,393,394,1,0,39,9.466670611000154
uniform,21,1000,150,393,394,1,0,40,9.683225991000654
uniform,21,1000,150,393,394,1,0,41,9.909037792007439
uniform,21,1000,150,393,394,1,0,42,10.128356558998348
uniform,21,1000,150,393,394,1,0,43,10.343707047024509
uniform,21,1000,150,393,394,1,0,44,10.557247331016697
uniform,21,1000,150,393,394,1,0,45,10.788140960998135
uniform,21,1000,150,393,394,1,0,46,11.00421070199809
uniform,21,1000,150,393,394,1,0,47,11.218602331005968
uniform,21,1000,150,393,394,1,0,48,11.460760387009941
uniform,21,1000,150,393,394,1,0,49,11.677823639009148
uniform,21,1000,150,393,394,1,0,50,11.912389083008748
uniform,21,1000,150,393,394,1,0,51,12.132382347015664
uniform,21,1000,150,393,394,1,0,52,12.357794634008314
uniform,21,1000,150,393,394,1,0,53,12.585061612015124
uniform,21,1000,150,393,394,1,0,54,12.83621755000786
uniform,21,1000,150,393,394,1,0,55,13.05017341702478
uniform,21,1000,150,393,394,1,0,56,13.269107922009425
uniform,21,1000,150,393,394,1,0,57,13.478522814024473
uniform,21,1000,150,393,394,1,0,58,13.724162391998107
uniform,21,1000,150,393,394,1,0,59,13.946724948007613
uniform,21,1000,150,393,394,1,0,60,14.164039568015141
uniform,21,1000,150,393,394,1,0,61,14.388935968017904
uniform,21,1000,150,393,394,1,0,62,14.60146049800096
uniform,21,1000,150,393,394,1,0,63,14.81788755801972
uniform,21,1000,150,393,394,1,0,64,15.032390781998402
uniform,21,1000,150,393,394,1,0,65,15.251845802005846
uniform,21,1000,150,393,394,1,0,66,15.46259116299916
uniform,21,1000,150,393,394,1,0,67,15.715540030010743
uniform,21,1000,150,393,394,1,0,68,15.927470471011475
uniform,21,1000,150,393,394,1,0,69,16.165808760997606
uniform,21,1000,150,393,394,1,0,70,16.385818686016137
uniform,21,1000,150,393,394,1,0,71,16.596332781016827
uniform,21,1000,150,393,394,1,0,72,16.80722263001371
uniform,21,1000,150,393,394,1,0,73,17.01550620800117
uniform,21,1000,150,393,394,1,0,74,17.256953935022466
uniform,21,1000,150,393,394,1,0,75,17.477209261996904
uniform,21,1000,150,393,394,1,0,76,17.700326040008804
uniform,21,1000,150,393,394,1,0,77,17.92101756800548
uniform,21,1000,150,393,394,1,0,78,18.132555254996987
uniform,21,1000,150,393,394,1,0,79,18.34601781499805
uniform,21,1000,150,393,394,1,0,80,18.55747474200325
uniform,21,1000,150,393,394,1,0,81,18.768635109998286
uniform,21,1000,150,393,394,1,0,82,18.986892229004297
uniform,21,1000,150,393,394,1,0,83,19.273260929010576
uniform,21,1000,150,393,394,1,0,84,19.51054938501329
uniform,21,1000,150,393,394,1,0,85,19.725700836017495
uniform,21,1000,150,393,393,0,1,86,19.936339430016233
uniform,22,1000,150,411,416,5,0,1,0.43862070998875424
uniform,22,1000,150,411,415,4,0,2,0.6720167559979018
uniform,22,1000,150,411,415,4,0,3,0.8986574849986937
uniform,22,1000,150,411,415,4,0,4,1.1265643159858882
uniform,22,1000,150,411,415,4,0,5,1.365503303008154
uniform,22,1000,150,411,414,3,0,6,1.6114617649873253
uniform,22,1000,150,411,414,3,0,7,1.8629447529965546
uniform,22,1000,150,411,414,3,0,8,2.090961198991863
uniform,22,1000,150,411,414,3,0,9,2.3647703409951646
uniform,22,1000,150,411,414,3,0,10,2.598196562001249
uniform,22,1000,150,411,414,3,0,11,2.83123959301156
uniform,22,1000,150,411,414,3,0,12,3.0856732609972823
uniform,22,1000,150,411,414,3,0,13,3.330926433991408
uniform,22,1000,150,411,414,3,0,14,3.559943945001578
uniform,22,1000,150,411,414,3,0,15,3.7855139159946702
uniform,22,1000,150,411,414,3,0,16,4.0327110800135415
uniform,22,1000,150,411,414,3,0,17,4.254262255009962
uniform,22,1000,150,411,414,3,0,18,4.477355704002548
uniform,22,1000,150,411,414,3,0,19,4.710208648990374
uniform,22,1000,150,411,414,3,0,20,4.936074386991095
uniform,22,1000,150,411,414,3,0,21,5.1647298600000795
uniform,22,1000,150,411,414,3,0,22,5.3862193129898515
uniform,22,1000,150,411,414,3,0,23,5.622058512992226
uniform,22,1000,150,411,414,3,0,24,5.859692041005474
uniform,22,1000,150,411,414,3,0,25,6.093493416003184
uniform,22,1000,150,411,414,3,0,26,6.349646571004996
uniform,22,1000,150,411,414,3,0,27,6.610765685007209
uniform,22,1000,150,411,414,3,0,28,6.841295585007174
uniform,22,1000,150,411,414,3,0,29,7.097543637995841
uniform,22,1000,150,411,414,3,0,30,7.330351431999588
uniform,22,1000,150,411,414,3,0,31,7.552979236992542
uniform,22,1000,150,411,414,3,0,32,7.786477693996858
uniform,22,1000,150,411,414,3,0,33,8.009032970003318
uniform,22,1000,150,411,414,3,0,34,8.244124118995387
uniform,22,1000,150,411,414,3,0,35,8.466476809000596
uniform,22,1000,150,411,414,3,0,36,8.698665762000019
uniform,22,1000,150,411,414,3,0,37,8.920821214007447
uniform,22,1000,150,411,414,3,0,38,9.141128221992403
uniform,22,1000,150,411,414,3,0,39,9.377815281011863
uniform,22,1000,150,411,414,3,0,40,9.609746983012883
uniform,22,1000,150,411,414,3,0,41,9.85335055401083
uniform,22,1000,150,411,414,3,0,42,10.128601775999414
uniform,22,1000,150,411,414,3,0,43,10.390645473002223
uniform,22,1000,150,411,414,3,0,44,10.627817489992594
uniform,22,1000,150,411,414,3,0,45,10.862993229005951
uniform,22,1000,150,411,414,3,0,46,11.08946353799547
uniform,22,1000,150,411,414,3,0,47,11.310336382011883
uniform,22,1000,150,411,414,3,0,48,11.555860363005195
uniform,22,1000,150,411,414,3,0,49,11.789167501003249
uniform,22,1000,150,411,414,3,0,50,12.007735204009805
uniform,22,1000,150,411,414,3,0,51,12.228832771012094
uniform,22,1000,150,411,414,3,0,52,12.469619400013471
uniform,22,1000,150,411,414,3,0,53,12.710049966990482
uniform,22,1000,150,411,414,3,0,54,12.953002582013141
uniform,22,1000,150,411,414,3,0,55,13.175699270010227
uniform,22,1000,150,411,414,3,0,56,13.408686606999254
uniform,22,1000,150,411,414,3,0,57,13.640671119996114
uniform,22,1000,150,411,414,3,0,58,13.86166551799397
uniform,22,1000,150,411,414,3,0,59,14.093114724004408
uniform,22,1000,150,411,414,3,0,60,14.359530301007908
uniform,22,1000,150,411,414,3,0,61,14.586585846991511
uniform,22,1000,150,411,414,3,0,62,14.821529890003148
uniform,22,1000,150,411,414,3,0,63,15.040851817990188
uniform,22,1000,150,411,414,3,0,64,15.27032242101268
uniform,22,1000,150,411,414,3,0,65,15.492704867006978
uniform,22,1000,150,411,413,2,0,66,15.720335841004271
uniform,22,1000,150,411,413,2,0,67,15.939269605994923
uniform,22,1000,150,411,413,2,0,68,16.172221346001606
uniform,22,1000,150,411,413,2,0,69,16.392768101999536
uniform,22,1000,150,411,413,2,0,70,16.621099326992407
uniform,22,1000,150,411,413,2,0,71,16.836225495993858
uniform,22,1000,150,411,413,2,0,72,17.06334937000065
uniform,22,1000,150,411,413,2,0,73,17.29877066600602
uniform,22,1000,150,411,413,2,0,74,17.535808813001495
uniform,22,1000,150,411,413,2,0,75,17.91210486998898
uniform,22,1000,150,411,413,2,0,76,18.183639660011977
uniform,22,1000,150,411,413,2,0,77,18.436833746993216
uniform,22,1000,150,411,413,2,0,78,18.669464045000495
uniform,22,1000,150,411,413,2,0,79,18.89692111298791
uniform,22,1000,150,411,413,2,0,80,19.127474350010743
uniform,22,1000,150,411,413,2,0,81,19.354707808990497
uniform,22,1000,150,411,413,2,0,82,19.592467401002068
uniform,22,1000,150,411,413,2,0,83,19.81212235800922
uniform,22,1000,150,411,413,2,0,84,20.033320765011013
uniform,22,1000,150,411,413,2,0,85,20.2683392809995
uniform,22,1000,150,411,413,2,0,86,20.49276297999313
uniform,22,1000,150,411,413,2,0,87,20.717434905993287
uniform,22,1000,150,411,413,2,0,88,20.93515880400082
uniform,22,1000,150,411,413,2,0,89,21.171738865989028
uniform,22,1000,150,411,413,2,0,90,21.387236023991136
uniform,22,1000,150,411,413,2,0,91,21.615013080008794
uniform,22,1000,150,411,413,2,0,92,21.842400549008744
uniform,22,1000,150,411,413,2,0,93,22.06607555699884
uniform,22,1000,150,411,413,2,0,94,22.315920424007345
uniform,22,1000,150,411,413,2,0,95,22.5317228740023
uniform,22,1000,150,411,413,2,0,96,22.76164310600143
uniform,22,1000,150,411,413,2,0,97,22.999411138007417
uniform,22,1000,150,411,413,2,0,98,23.232302291988162
uniform,22,1000,150,411,413,2,0,99,23.44960163300857
uniform,22,1000,150,411,413,2,0,100,23.68404282501433
uniform,22,1000,150,411,413,2,0,101,23.910236457013525
uniform,22,1000,150,411,413,2,0,102,24.13754101199447
uniform,22,1000,150,411,413,2,0,103,24.353626606985927
uniform,22,1000,150,411,413,2,0,104,24.57603003201075
uniform,22,1000,150,411,413,2,0,105,24.834170755988453
uniform,22,1000,150,411,413,2,0,106,25.04854500500369
uniform,22,1000,150,411,413,2,0,107,25.265081213990925
uniform,22,1000,150,411,413,2,0,108,25.47827105599572
uniform,22,1000,150,411,413,2,0,109,25.694092707999516
uniform,22,1000,150,411,413,2,0,110,25.949364736006828
uniform,22,1000,150,411,413,2,0,111,26.163789560989244
uniform,22,1000,150,411,413,2,0,112,26.391274257999612
uniform,22,1000,150,411,413,2,0,113,26.605416996986605
uniform,22,1000,150,411,413,2,0,114,26.829218694998417
uniform,22,1000,150,411,413,2,0,115,27.052235062990803
uniform,22,1000,150,411,413,2,0,116,27.28041008100263
uniform,22,1000,150,411,413,2,0,117,27.504462285985937
uniform,22,1000,150,411,413,2,0,118,27.727010439994046
uniform,22,1000,150,411,413,2,0,119,27.949533183011226
uniform,22,1000,150,411,413,2,0,120,28.165910817013355
uniform,22,1000,150,411,413,2,0,121,28.379528213990852
uniform,22,1000,150,411,413,2,0,122,28.59517439000774
uniform,22,1000,150,411,413,2,0,123,28.82553188499878
uniform,22,1000,150,411,413,2,0,124,29.03813966800226
uniform,22,1000,150,411,413,2,0,125,29.259860199003015
uniform,22,1000,150,411,413,2,0,126,29.509186593000777
uniform,22,1000,150,411,413,2,0,127,29.726640129985753
uniform,22,1000,150,411,413,2,0,128,29.939146657998208
uniform,22,1000,150,411,413,2,0,129,30.152944748988375
uniform,22,1000,150,411,413,2,0,130,30.386876325006597
uniform,22,1000,150,411,413,2,0,131,30.599171692010714
uniform,22,1000,150,411,413,2,0,132,30.821645933989203
uniform,22,1000,150,411,413,2,0,133,31.049397714989027
uniform,22,1000,150,411,413,2,0,134,31.33363091899082
uniform,22,1000,150,411,413,2,0,135,31.60481718298979
uniform,22,1000,150,411,413,2,0,136,31.87750166899059
uniform,22,1000,150,411,413,2,0,137,32.241334749007365
uniform,22,1000,150,411,413,2,0,138,32.51615193698672
uniform,22,1000,150,411,413,2,0,139,32.81513437899412
uniform,22,1000,150,411,413,2,0,140,33.072666708001634
uniform,22,1000,150,411,413,2,0,141,33.333858775993576
uniform,22,1000,150,411,413,2,0,142,33.55892708999454
uniform,22,1000,150,411,413,2,0,143,33.7874674880004
uniform,22,1000,150,411,413,2,0,144,34.00814175698906
uniform,22,1000,150,411,413,2,0,145,34.2229955829971
uniform,22,1000,150,411,413,2,0,146,34.46487099598744
uniform,22,1000,150,411,413,2,0,147,34.69885438098572
uniform,22,1000,150,411,413,2,0,148,34.909484600008
uniform,22,1000,150,411,413,2,0,149,35.122646739007905
uniform,22,1000,150,411,413,2,0,150,35.47226690800744
uniform,22,1000,150,411,413,2,0,151,35.8331573419855
uniform,22,1000,150,411,413,2,0,152,36.17395065899473
uniform,22,1000,150,411,413,2,0,153,36.65047524898546
uniform,22,1000,150,411,413,2,0,154,37.05427295799018
uniform,22,1000,150,411,413,2,0,155,37.35960456999601
uniform,22,1000,150,411,413,2,0,156,37.654077359999064
uniform,22,1000,150,411,413,2,0,157,37.9155119129864
uniform,22,1000,150,411,413,2,0,158,38.15334805898601
uniform,22,1000,150,411,413,2,0,159,38.383991952985525
uniform,22,1000,150,411,413,2,0,160,38.608927161985775
uniform,22,1000,150,411,413,2,0,161,38.84531753300689
uniform,22,1000,150,411,413,2,0,162,39.08911904098932
uniform,22,1000,150,411,413,2,0,163,39.327351240004646
uniform,22,1000,150,411,413,2,0,164,39.551899145008065
uniform,22,1000,150,411,413,2,0,165,39.78609213899472
uniform,22,1000,150,411,413,2,0,166,40.01961414399557
uniform,22,1000,150,411,413,2,0,167,40.231333834992256
uniform,22,1000,150,411,413,2,0,168,40.44196503699641
uniform,22,1000,150,411,413,2,0,169,40.660308351012645
uniform,22,1000,150,411,413,2,0,170,40.88409820798552
uniform,22,1000,150,411,413,2,0,171,41.104993616987485
uniform,22,1000,150,411,413,2,0,172,41.33963328201207
uniform,22,1000,150,411,413,2,0,173,41.60640890899231
uniform,22,1000,150,411,413,2,0,174,41.83529043299495
uniform,22,1000,150,411,413,2,0,175,42.07085011200979
uniform,22,1000,150,411,413,2,0,176,42.27881376098958
uniform,22,1000,150,411,413,2,0,177,42.48665216099471
uniform,22,1000,150,411,413,2,0,178,42.71305208400008
uniform,22,1000,150,411,413,2,0,179,42.92694314499386
uniform,22,1000,150,411,413,2,0,180,43.14750228999765
uniform,22,1000,150,411,413,2,0,181,43.35895511799026
uniform,22,1000,150,411,413,2,0,182,43.581827855989104
uniform,22,1000,150,411,413,2,0,183,43.80340311100008
uniform,22,1000,150,411,413,2,0,184,44.019678175012814
uniform,22,1000,150,411,413,2,0,185,44.23731105600018
uniform,22,1000,150,411,413,2,0,186,44.445538174011745
uniform,22,1000,150,411,413,2,0,187,44.66574122098973
uniform,22,1000,150,411,413,2,0,188,44.87868161100778
uniform,22,1000,150,411,413,2,0,189,45.112915376987075
uniform,22,1000,150,411,413,2,0,190,45.32749084298848
uniform,22,1000,150,411,413,2,0,191,45.53658932700637
uniform,22,1000,150,411,413,2,0,192,45.756676811986836
uniform,22,1000,150,411,413,2,0,193,45.97775842901319
uniform,22,1000,150,411,413,2,0,194,46.191236590006156
uniform,22,1000,150,411,413,2,0,195,46.42281178900157
uniform,22,1000,150,411,413,2,0,196,46.63311388200964
uniform,22,1000,150,411,413,2,0,197,46.85242462801398
uniform,22,1000,150,411,413,2,0,198,47.089428870007396
uniform,22,1000,150,411,413,2,0,199,47.30168003300787
uniform,22,1000,150,411,413,2,0,200,47.52073769501294
uniform,22,1000,150,411,413,2,0,201,47.73768505299813
uniform,22,1000,150,411,413,2,0,202,47.94756310401135
uniform,22,1000,150,411,413,2,0,203,48.1625562380068
uniform,22,1000,150,411,413,2,0,204,48.386882118007634
uniform,22,1000,150,411,413,2,0,205,48.593827244010754
uniform,22,1000,150,411,413,2,0,206,48.80635898798937
uniform,22,1000,150,411,413,2,0,207,49.01560822900501
uniform,22,1000,150,411,413,2,0,208,49.23417978201178
uniform,22,1000,150,411,413,2,0,209,49.448979086999316
uniform,22,1000,150,411,413,2,0,210,49.66877625999041
uniform,22,1000,150,411,413,2,0,211,49.87606923299609
uniform,22,1000,150,411,413,2,0,212,50.0938446430082
uniform,22,1000,150,411,413,2,0,213,50.305141443997854
uniform,22,1000,150,411,413,2,0,214,50.52201536600478
uniform,22,1000,150,411,413,2,0,215,50.74106983700767
uniform,22,1000,150,411,413,2,0,216,50.95115159600391
uniform,22,1000,150,411,413,2,0,217,51.17839066099259
uniform,22,1000,150,411,413,2,0,218,51.4231169919949
uniform,22,1000,150,411,413,2,0,219,51.64151935899281
uniform,22,1000,150,411,413,2,0,220,52.03534011699958
uniform,22,1000,150,411,413,2,0,221,52.26773958498961
uniform,22,1000,150,411,413,2,0,222,52.53113740301342
uniform,22,1000,150,411,413,2,0,223,52.919299252011115
uniform,22,1000,150,411,413,2,0,224,53.30277366298833
uniform,22,1000,150,411,413,2,0,225,53.62297960600699
uniform,22,1000,150,411,413,2,0,226,53.94322857700172
uniform,22,1000,150,411,413,2,0,227,54.35033109199139
uniform,22,1000,150,411,413,2,0,228,54.68991429099697
uniform,22,1000,150,411,413,2,0,229,54.99794820998795
uniform,22,1000,150,411,413,2,0,230,55.30851032899227
uniform,22,1000,150,411,413,2,0,231,55.56675410000025
uniform,22,1000,150,411,413,2,0,232,55.81314078299329
uniform,22,1000,150,411,413,2,0,233,56.037899162009126
uniform,22,1000,150,411,413,2,0,234,56.278392106993124
uniform,22,1000,150,411,413,2,0,235,56.495130332012195
uniform,22,1000,150,411,413,2,0,236,56.7334447230096
uniform,22,1000,150,411,413,2,0,237,56.94502711298992
uniform,22,1000,150,411,413,2,0,238,57.154527253995184
uniform,22,1000,150,411,413,2,0,239,57.410831359011354
uniform,22,1000,150,411,413,2,0,240,57.63548826001352
uniform,22,1000,150,411,413,2,0,241,57.88691976701375
uniform,22,1000,150,411,413,2,0,242,58.09930535001331
uniform,22,1000,150,411,413,2,0,243,58.30417375799152
uniform,22,1000,150,411,413,2,0,244,58.5303386739979
uniform,22,1000,150,411,413,2,0,245,58.76189357499243
uniform,22,1000,150,411,413,2,0,246,58.98137056399719
uniform,22,1000,150,411,413,2,0,247,59.23238620799384
uniform,22,1000,150,411,413,2,0,248,59.43725257800543
uniform,22,1000,150,411,413,2,0,249,59.65083793600206
uniform,22,1000,150,411,413,2,0,250,59.872315723012434
uniform,22,1000,150,411,413,2,0,251,60.09099927698844
uniform,22,1000,150,411,413,2,0,252,60.30168238800252
uniform,22,1000,150,411,413,2,0,253,60.509470404009335
uniform,22,1000,150,411,413,2,0,254,60.71469614500529
uniform,22,1000,150,411,413,2,0,255,60.918320314987795
uniform,22,1000,150,411,413,2,0,256,61.14526659299736
uniform,22,1000,150,411,413,2,0,257,61.3784031420073
uniform,22,1000,150,411,413,2,0,258,61.61262753698975
uniform,22,1000,150,411,413,2,0,259,61.84510733000934
uniform,22,1000,150,411,413,2,0,260,62.08233596899663
uniform,22,1000,150,411,413,2,0,261,62.30816205200972
uniform,22,1000,150,411,413,2,0,262,62.51190464699175
uniform,22,1000,150,411,413,2,0,263,62.7507052180008
uniform,22,1000,150,411,413,2,0,264,62.96443731299951
uniform,22,1000,150,411,413,2,0,265,63.187060694006504
uniform,22,1000,150,411,413,2,0,266,63.4323531120026
uniform,22,1000,150,411,413,2,0,267,63.679304155986756
uniform,22,1000,150,411,413,2,0,268,63.89582265299396
uniform,22,1000,150,411,413,2,0,269,64.1281281360134
uniform,22,1000,150,411,413,2,0,270,64.35785510099959
uniform,22,1000,150,411,413,2,0,271,64.56457803098601
uniform,22,1000,150,411,413,2,0,272,64.79159646600601
uniform,22,1000,150,411,413,2,0,273,64.99699725100072
uniform,22,1000,150,411,413,2,0,274,65.24499827399268
uniform,22,1000,150,411,413,2,0,275,65.4623991890112
uniform,22,1000,150,411,413,2,0,276,65.69763618300203
uniform,22,1000,150,411,413,2,0,277,65.92214761598734
uniform,22,1000,150,411,413,2,0,278,66.14430228600395
uniform,22,1000,150,411,413,2,0,279,66.41434902700712
uniform,22,1000,150,411,413,2,0,280,66.63727247799397
uniform,22,1000,150,411,413,2,0,281,66.8966734620044
uniform,22,1000,150,411,413,2,0,282,67.12918840599013
uniform,22,1000,150,411,413,2,0,283,67.3449241000053
uniform,22,1000,150,411,413,2,0,284,67.57873903700965
uniform,22,1000,150,411,413,2,0,285,67.80160155400517
uniform,22,1000,150,411,413,2,0,286,68.02404945998569
uniform,22,1000,150,411,413,2,0,287,68.26148867601296
uniform,22,1000,150,411,413,2,0,288,68.48523887898773
uniform,22,1000,150,411,413,2,0,289,68.72864595399005
uniform,22,1000,150,411,413,2,0,290,68.9859156209859
uniform,22,1000,150,411,413,2,0,291,69.22480118600652
uniform,22,1000,150,411,413,2,0,292,69.4412402859889
uniform,22,1000,150,411,413,2,0,293,69.64754710899433
uniform,22,1000,150,411,413,2,0,294,69.8550018479873
uniform,22,1000,150,411,413,2,0,295,70.0776576299977
uniform,22,1000,150,411,413,2,0,296,70.30146375700133
uniform,22,1000,150,411,413,2,0,297,70.53106138500152
uniform,22,1000,150,411,413,2,0,298,70.74874541501049
uniform,22,1000,150,411,413,2,0,299,71.02236460198765
uniform,22,1000,150,411,413,2,0,300,71.26403102400945
uniform,22,1000,150,411,413,2,0,301,71.49111393198837
uniform,22,1000,150,411,413,2,0,302,71.70930641400628
uniform,22,1000,150,411,413,2,0,303,71.92581214700476
uniform,22,1000,150,411,413,2,0,304,72.13208789398777
uniform,22,1000,150,411,413,2,0,305,72.34624108299613
uniform,22,1000,150,411,413,2,0,306,72.57212894700933
uniform,22,1000,150,411,413,2,0,307,72.78653136698995
uniform,22,1000,150,411,413,2,0,308,72.99290874699363
uniform,22,1000,150,411,413,2,0,309,73.20640926700435
uniform,22,1000,150,411,413,2,0,310,73.41323069899227
uniform,22,1000,150,411,413,2,0,311,73.63410595900496
uniform,22,1000,150,411,413,2,0,312,73.95364750100998
uniform,22,1000,150,411,413,2,0,313,74.17702766699949
uniform,22,1000,150,411,413,2,0,314,74.39455508399988
uniform,22,1000,150,411,413,2,0,315,74.62710273000994
uniform,22,1000,150,411,413,2,0,316,74.84442678600317
uniform,22,1000,150,411,413,2,0,317,75.05354911301401
uniform,22,1000,150,411,413,2,0,318,75.29332694300683
uniform,22,1000,150,411,412,1,0,319,75.51147623400902
uniform,22,1000,150,411,412,1,0,320,75.7682347749942
uniform,22,1000,150,411,412,1,0,321,75.97275690399692
uniform,22,1000,150,411,412,1,0,322,76.20066964501166
uniform,22,1000,150,411,412,1,0,323,76.42827917198883
uniform,22,1000,150,411,412,1,0,324,76.64813827199396
uniform,22,1000,150,411,412,1,0,325,76.86548142498941
uniform,22,1000,150,411,412,1,0,326,77.07436881700414
uniform,22,1000,150,411,412,1,0,327,77.32072855599108
uniform,22,1000,150,411,412,1,0,328,77.55737004498951
uniform,22,1000,150,411,412,1,0,329,77.78588486500666
uniform,22,1000,150,411,412,1,0,330,78.00145177199738
uniform,22,1000,150,411,412,1,0,331,78.23112706601387
uniform,22,1000,150,411,412,1,0,332,78.46935182900052
uniform,22,1000,150,411,412,1,0,333,78.70385140299913
uniform,22,1000,150,411,412,1,0,334,78.90883989201393
uniform,22,1000,150,411,412,1,0,335,79.13312686601421
uniform,22,1000,150,411,412,1,0,336,79.34026552099385
uniform,22,1000,150,411,412,1,0,337,79.544373118988
uniform,22,1000,150,411,412,1,0,338,79.76134079901385
uniform,22,1000,150,411,412,1,0,339,79.96531032500206
uniform,22,1000,150,411,412,1,0,340,80.17183991399361
uniform,22,1000,150,411,412,1,0,341,80.4025593730039
uniform,22,1000,150,411,412,1,0,342,80.63474370000768
uniform,22,1000,150,411,412,1,0,343,80.8524282189901
uniform,22,1000,150,411,412,1,0,344,81.05905355198774
uniform,22,1000,150,411,412,1,0,345,81.26416300199344
uniform,22,1000,150,411,412,1,0,346,81.48082183900988
uniform,22,1000,150,411,412,1,0,347,81.68582504498772
uniform,22,1000,150,411,412,1,0,348,81.91053209299571
uniform,22,1000,150,411,412,1,0,349,82.1258495899965
uniform,22,1000,150,411,412,1,0,350,82.34541349401115
uniform,22,1000,150,411,412,1,0,351,82.56123222000315
uniform,22,1000,150,411,412,1,0,352,82.76542524498655
uniform,22,1000,150,411,412,1,0,353,82.96978702300112
uniform,22,1000,150,411,412,1,0,354,83.18286988299224
uniform,22,1000,150,411,412,1,0,355,83.40078428699053
uniform,22,1000,150,411,412,1,0,356,83.62536105499021
uniform,22,1000,150,411,412,1,0,357,83.84325263599749
uniform,22,1000,150,411,412,1,0,358,84.08150579998619
uniform,22,1000,150,411,412,1,0,359,84.29731012400589
uniform,22,1000,150,411,412,1,0,360,84.52372110501165
uniform,22,1000,150,411,412,1,0,361,84.7482304169971
uniform,22,1000,150,411,412,1,0,362,84.96386071000597
uniform,22,1000,150,411,412,1,0,363,85.17157481098548
uniform,22,1000,150,411,412,1,0,364,85.3765047880006
uniform,22,1000,150,411,412,1,0,365,85.58911236800486
uniform,22,1000,150,411,412,1,0,366,85.79384129299433
uniform,22,1000,150,411,412,1,0,367,85.99791373399785
uniform,22,1000,150,411,412,1,0,368,86.22514192998642
uniform,22,1000,150,411,412,1,0,369,86.43069499800913
uniform,22,1000,150,411,412,1,0,370,86.63205433401163
uniform,22,1000,150,411,412,1,0,371,86.83614419499645
uniform,22,1000,150,411,412,1,0,372,87.04249202698702
uniform,22,1000,150,411,412,1,0,373,87.25948698900174
uniform,22,1000,150,411,412,1,0,374,87.47169027099153
uniform,22,1000,150,411,412,1,0,375,87.68487062799977
uniform,22,1000,150,411,412,1,0,376,87.91129374000593
uniform,22,1000,150,411,412,1,0,377,88.11771551301354
uniform,22,1000,150,411,412,1,0,378,88.32251218700549
uniform,22,1000,150,411,412,1,0,379,88.5304545199906
uniform,22,1000,150,411,412,1,0,380,88.74227493698709
uniform,22,1000,150,411,412,1,0,381,88.965719180007
uniform,22,1000,150,411,412,1,0,382,89.22940420199302
uniform,22,1000,150,411,412,1,0,383,89.50536042600288
uniform,22,1000,150,411,412,1,0,384,89.74219632599852
uniform,22,1000,150,411,412,1,0,385,89.96010520099662
uniform,22,1000,150,411,412,1,0,386,90.18104594701435
uniform,22,1000,150,411,412,1,0,387,90.41540789601277
uniform,22,1000,150,411,412,1,0,388,90.62136088500847
uniform,22,1000,150,411,412,1,0,389,90.82668437200482
uniform,22,1000,150,411,412,1,0,390,91.03478960500797
uniform,22,1000,150,411,412,1,0,391,91.26723839298938
uniform,22,1000,150,411,412,1,0,392,91.47340445799637
uniform,22,1000,150,411,412,1,0,393,91.70610773999942
uniform,22,1000,150,411,412,1,0,394,91.92457842399017
uniform,22,1000,150,411,412,1,0,395,92.14226719099679
uniform,22,1000,150,411,412,1,0,396,92.350567468995
uniform,22,1000,150,411,412,1,0,397,92.5709079799999
uniform,22,1000,150,411,412,1,0,398,92.78796864999458
uniform,22,1000,150,411,412,1,0,399,93.01184027601266
uniform,22,1000,150,411,412,1,0,400,93.2554640530143
uniform,22,1000,150,411,412,1,0,401,93.48739652099903
uniform,22,1000,150,411,412,1,0,402,93.70072369000991
uniform,22,1000,150,411,412,1,0,403,93.92457056199783
uniform,22,1000,150,411,412,1,0,404,94.14857956100604
uniform,22,1000,150,411,412,1,0,405,94.35267439301242
uniform,22,1000,150,411,412,1,0,406,94.56351984399953
uniform,22,1000,150,411,412,1,0,407,94.81008858198766
uniform,22,1000,150,411,412,1,0,408,95.02580476299045
uniform,22,1000,150,411,412,1,0,409,95.23597214301117
uniform,22,1000,150,411,412,1,0,410,95.46239887099364
uniform,22,1000,150,411,412,1,0,411,95.67237679098616
uniform,22,1000,150,411,412,1,0,412,95.88025651901262
uniform,22,1000,150,411,412,1,0,413,96.09431480598869
uniform,22,1000,150,411,412,1,0,414,96.31385505798971
uniform,22,1000,150,411,412,1,0,415,96.53990022599464
uniform,22,1000,150,411,412,1,0,416,96.75639386300463
uniform,22,1000,150,411,412,1,0,417,96.98923435801407
uniform,22,1000,150,411,412,1,0,418,97.2089628780086
uniform,22,1000,150,411,412,1,0,419,97.4221245989902
uniform,22,1000,150,411,412,1,0,420,97.62756879598601
uniform,22,1000,150,411,412,1,0,421,97.8317106240138
uniform,22,1000,150,411,412,1,0,422,98.057710699999
uniform,22,1000,150,411,412,1,0,423,98.29873698600568
uniform,22,1000,150,411,412,1,0,424,98.51147674099775
uniform,22,1000,150,411,412,1,0,425,98.73248192100436
uniform,22,1000,150,411,412,1,0,426,98.94778318799217
uniform,22,1000,150,411,412,1,0,427,99.15149164901231
uniform,22,1000,150,411,412,1,0,428,99.38645383500261
uniform,22,1000,150,411,412,1,0,429,99.58823044100427
uniform,22,1000,150,411,412,1,0,430,99.80996347600012
uniform,22,1000,150,411,412,1,0,431,100.01209009299055
uniform,23,250,150,100,101,1,0,1,0.03204300400102511
uniform,23,250,150,100,101,1,0,2,0.05953143801889382
uniform,23,250,150,100,101,1,0,3,0.08600743699935265
uniform,23,250,150,100,101,1,0,4,0.10973310601548292
uniform,23,250,150,100,101,1,0,5,0.14374378501088358
uniform,23,250,150,100,101,1,0,6,0.18478377000428736
uniform,23,250,150,100,101,1,0,7,0.2254598120052833
uniform,23,250,150,100,101,1,0,8,0.2529233280220069
uniform,23,250,150,100,101,1,0,9,0.29403561900835484
uniform,23,250,150,100,101,1,0,10,0.3211960810003802
uniform,23,250,150,100,101,1,0,11,0.3535092610109132
uniform,23,250,150,100,101,1,0,12,0.3822205960168503
uniform,23,250,150,100,101,1,0,13,0.41782296300516464
uniform,23,250,150,100,101,1,0,14,0.4396290250006132
uniform,23,250,150,100,101,1,0,15,0.4686465850099921
uniform,23,250,150,100,101,1,0,16,0.49387591899721883
uniform,23,250,150,100,101,1,0,17,0.5215893890126608
uniform,23,250,150,100,101,1,0,18,0.5474087290058378
uniform,23,250,150,100,101,1,0,19,0.5742639990057796
uniform,23,250,150,100,101,1,0,20,0.5995239060139284
uniform,23,250,150,100,101,1,0,21,0.6306617240188643
uniform,23,250,150,100,101,1,0,22,0.6564524669956882
uniform,23,250,150,100,101,1,0,23,0.6858701549936086
uniform,23,250,150,100,101,1,0,24,0.7113949290069286
uniform,23,250,150,100,101,1,0,25,0.7353167640103493
uniform,23,250,150,100,101,1,0,26,0.7589868170034606
uniform,23,250,150,100,101,1,0,27,0.7834137880126946
uniform,23,250,150,100,101,1,0,28,0.8143391490157228
uniform,23,250,150,100,101,1,0,29,0.8388930190121755
uniform,23,250,150,100,101,1,0,30,0.8628909440012649
uniform,23,250,150,100,101,1,0,31,0.8888458180008456
uniform,23,250,150,100,101,1,0,32,0.9200056400150061
uniform,23,250,150,100,101,1,0,33,0.9498555090103764
uniform,23,250,150,100,101,1,0,34,0.9748835890204646
uniform,23,250,150,100,101,1,0,35,0.9995639710105024
uniform,23,250,150,100,101,1,0,36,1.023221708019264
uniform,23,250,150,100,101,1,0,37,1.0466404830222018
uniform,23,250,150,100,101,1,0,38,1.073734047007747
uniform,23,250,150,100,101,1,0,39,1.097918687009951
uniform,23,250,150,100,101,1,0,40,1.1220174100017175
uniform,23,250,150,100,101,1,0,41,1.1501361340051517
uniform,23,250,150,100,101,1,0,42,1.1816561140003614
uniform,23,250,150,100,101,1,0,43,1.2097747400111984
uniform,23,250,150,100,101,1,0,44,1.235228335019201
uniform,23,250,150,100,101,1,0,45,1.2644654430041555
uniform,23,250,150,100,101,1,0,46,1.2897094970103353
uniform,23,250,150,100,101,1,0,47,1.315639310021652
uniform,23,250,150,100,101,1,0,48,1.34732484901906
uniform,23,250,150,100,101,1,0,49,1.3741382370062638
uniform,23,250,150,100,101,1,0,50,1.400104321015533
uniform,23,250,150,100,101,1,0,51,1.4305581120133866
uniform,23,250,150,100,101,1,0,52,1.4569069429999217
uniform,23,250,150,100,101,1,0,53,1.480216926021967
uniform,23,250,150,100,101,1,0,54,1.5071663040143903
uniform,23,250,150,100,101,1,0,55,1.5302048440207727
uniform,23,250,150,100,101,1,0,56,1.5638939019991085
uniform,23,250,150,100,101,1,0,57,1.5946100279979873
uniform,23,250,150,100,101,1,0,58,1.6260077670158353
uniform,23,250,150,100,101,1,0,59,1.6566572709998582
uniform,23,250,150,100,101,1,0,60,1.6921705120184924
uniform,23,250,150,100,101,1,0,61,1.7171105460147373
uniform,23,250,150,100,101,1,0,62,1.740333471010672
uniform,23,250,150,100,101,1,0,63,1.765454928012332
uniform,23,250,150,100,101,1,0,64,1.789350398001261
uniform,23,250,150,100,101,1,0,65,1.812664515018696
uniform,23,250,150,100,101,1,0,66,1.8454662339936476
uniform,23,250,150,100,101,1,0,67,1.8705513540189713
uniform,23,250,150,100,101,1,0,68,1.8951049809984397
uniform,23,250,150,100,101,1,0,69,1.9251869420113508
uniform,23,250,150,100,101,1,0,70,1.9498255000216886
uniform,23,250,150,100,101,1,0,71,1.9730830159969628
uniform,23,250,150,100,101,1,0,72,1.9990993860119488
uniform,23,250,150,100,101,1,0,73,2.032320555008482
uniform,23,250,150,100,101,1,0,74,2.0592065160162747
uniform,23,250,150,100,101,1,0,75,2.0860472909989767
uniform,23,250,150,100,101,1,0,76,2.1128778450074606
uniform,23,250,150,100,101,1,0,77,2.138331169000594
uniform,23,250,150,100,101,1,0,78,2.161642077000579
uniform,23,250,150,100,101,1,0,79,2.1902089090144727
uniform,23,250,150,100,101,1,0,80,2.2134587070031557
uniform,23,250,150,100,101,1,0,81,2.2370512970082927
uniform,23,250,150,100,101,1,0,82,2.265022723993752
uniform,23,250,150,100,101,1,0,83,2.2911585720139556
uniform,23,250,150,100,101,1,0,84,2.3178522630187217
uniform,23,250,150,100,101,1,0,85,2.3414655630185734
uniform,23,250,150,100,101,1,0,86,2.3693605790031143
uniform,23,250,150,100,101,1,0,87,2.3982791720191017
uniform,23,250,150,100,101,1,0,88,2.4249955140112434
uniform,23,250,150,100,101,1,0,89,2.4530452610051725
uniform,23,250,150,100,101,1,0,90,2.4765527569979895
uniform,23,250,150,100,101,1,0,91,2.500394260016037
uniform,23,250,150,100,101,1,0,92,2.5369397360191215
uniform,23,250,150,100,100,0,1,93,2.5652150270179845
uniform,24,250,150,100,101,1,0,1,0.03832465797313489
uniform,24,250,150,100,101,1,0,2,0.06472696797573008
uniform,24,250,150,100,101,1,0,3,0.08871193599770777
uniform,24,250,150,100,101,1,0,4,0.11360819099354558
uniform,24,250,150,100,101,1,0,5,0.13805056997807696
uniform,24,250,150,100,101,1,0,6,0.1649667929741554
uniform,24,250,150,100,101,1,0,7,0.1883547799952794
uniform,24,250,150,100,101,1,0,8,0.22185336897382513
uniform,24,250,150,100,101,1,0,9,0.25970618799328804
uniform,24,250,150,100,100,0,1,10,0.3055433909757994
uniform,25,500,150,199,201,2,0,1,0.13634829499642365
uniform,25,500,150,199,201,2,0,2,0.21094377199187875
uniform,25,500,150,199,201,2,0,3,0.29012200600118376
uniform,25,500,150,199,201,2,0,4,0.36497051699552685
uniform,25,500,150,199,201,2,0,5,0.4323120490007568
uniform,25,500,150,199,201,2,0,6,0.49846233701100573
uniform,25,500,150,199,201,2,0,7,0.580369420000352
uniform,25,500,150,199,201,2,0,8,0.6556409719923977
uniform,25,500,150,199,201,2,0,9,0.7206307680171449
uniform,25,500,150,199,201,2,0,10,0.7861211010022089
uniform,25,500,150,199,201,2,0,11,0.8545655350026209
uniform,25,500,150,199,201,2,0,12,0.9273807030112948
uniform,25,500,150,199,201,2,0,13,0.9970627950096969
uniform,25,500,150,199,201,2,0,14,1.0769343780120835
uniform,25,500,150,199,201,2,0,15,1.145616144000087
uniform,25,500,150,199,201,2,0,16,1.2159725239907857
uniform,25,500,150,199,201,2,0,17,1.2798389900126494
uniform,25,500,150,199,201,2,0,18,1.343595879006898
uniform,25,500,150,199,201,2,0,19,1.421985355002107
uniform,25,500,150,199,201,2,0,20,1.511657205002848
uniform,25,500,150,199,201,2,0,21,1.5742608369910158
uniform,25,500,150,199,201,2,0,22,1.654585493990453
uniform,25,500,150,199,200,1,0,23,1.7307548070093617
uniform,25,500,150,199,200,1,0,24,1.7951237070083153
uniform,25,500,150,199,200,1,0,25,1.8636064369929954
uniform,25,500,150,199,200,1,0,26,1.9388280040002428
uniform,25,500,150,199,200,1,0,27,2.0302911839971785
uniform,25,500,150,199,200,1,0,28,2.099985706008738
uniform,25,500,150,199,200,1,0,29,2.165783130010823
uniform,25,500,150,199,200,1,0,30,2.236324700003024
uniform,25,500,150,199,200,1,0,31,2.31623457299429
uniform,25,500,150,199,200,1,0,32,2.38316911100992
uniform,25,500,150,199,200,1,0,33,2.506076079997001
uniform,25,500,150,199,200,1,0,34,2.581124877993716
uniform,25,500,150,199,200,1,0,35,2.6443492360122036
uniform,25,500,150,199,200,1,0,36,2.704837889992632
uniform,25,500,150,199,200,1,0,37,2.7664942480041645
uniform,25,500,150,199,200,1,0,38,2.8423540010116994
uniform,25,500,150,199,200,1,0,39,2.9034259490144905
uniform,25,500,150,199,200,1,0,40,2.9729934119968675
uniform,25,500,150,199,200,1,0,41,3.039496395009337
uniform,25,500,150,199,200,1,0,42,3.1174032159906346
uniform,25,500,150,199,200,1,0,43,3.1935956540110055
uniform,25,500,150,199,200,1,0,44,3.2728180400154088
uniform,25,500,150,199,200,1,0,45,3.3337280889973044
uniform,25,500,150,199,200,1,0,46,3.4188970460090786
uniform,25,500,150,199,200,1,0,47,3.500410615990404
uniform,25,500,150,199,200,1,0,48,3.5722618919971865
uniform,25,500,150,199,200,1,0,49,3.6312007780070417
uniform,25,500,150,199,200,1,0,50,3.6955685790162534
uniform,25,500,150,199,200,1,0,51,3.7613879069976974
uniform,25,500,150,199,200,1,0,52,3.837257792998571
uniform,25,500,150,199,200,1,0,53,3.9231184410164133
uniform,25,500,150,199,200,1,0,54,3.9860947859997395
uniform,25,500,150,199,200,1,0,55,4.048036751017207
uniform,25,500,150,199,200,1,0,56,4.107796138006961
uniform,25,500,150,199,200,1,0,57,4.178205834992696
uniform,25,500,150,199,200,1,0,58,4.2402132890129
uniform,25,500,150,199,200,1,0,59,4.306351737992372
uniform,25,500,150,199,200,1,0,60,4.3848459309956525
uniform,25,500,150,199,200,1,0,61,4.464447614009259
uniform,25,500,150,199,200,1,0,62,4.528695790999336
uniform,25,500,150,199,200,1,0,63,4.58749624399934
uniform,25,500,150,199,200,1,0,64,4.646225531992968
uniform,25,500,150,199,200,1,0,65,4.710811199998716
uniform,25,500,150,199,200,1,0,66,4.771982867998304
uniform,25,500,150,199,200,1,0,67,4.846445203002077
uniform,25,500,150,199,200,1,0,68,4.911743017000845
uniform,25,500,150,199,200,1,0,69,4.989044543006457
uniform,25,500,150,199,200,1,0,70,5.060231550014578
uniform,25,500,150,199,200,1,0,71,5.12790935501107
uniform,25,500,150,199,200,1,0,72,5.199605043017073
uniform,25,500,150,199,200,1,0,73,5.268324409000343
uniform,25,500,150,199,200,1,0,74,5.332058639003662
uniform,25,500,150,199,199,0,1,75,5.428689919994213
uniform,26,250,150,105,106,1,0,1,0.03949413198279217
uniform,26,250,150,105,106,1,0,2,0.06436742100049742
uniform,26,250,150,105,106,1,0,3,0.0948308189981617
uniform,26,250,150,105,106,1,0,4,0.11967743298737332
uniform,26,250,150,105,106,1,0,5,0.14971958097885363
uniform,26,250,150,105,106,1,0,6,0.17887565199634992
uniform,26,250,150,105,106,1,0,7,0.20531995498458855
uniform,26,250,150,105,106,1,0,8,0.2341449909727089
uniform,26,250,150,105,106,1,0,9,0.2607500289741438
uniform,26,250,150,105,106,1,0,10,0.2851748279936146
uniform,26,250,150,105,106,1,0,11,0.3086022719799075
uniform,26,250,150,105,106,1,0,12,0.3320595209952444
uniform,26,250,150,105,106,1,0,13,0.3603032979881391
uniform,26,250,150,105,106,1,0,14,0.3883379449835047
uniform,26,250,150,105,106,1,0,15,0.41261647499050014
uniform,26,250,150,105,106,1,0,16,0.4388166429998819
uniform,26,250,150,105,106,1,0,17,0.4713347449724097
uniform,26,250,150,105,106,1,0,18,0.4970696370000951
uniform,26,250,150,105,106,1,0,19,0.5224566709948704
uniform,26,250,150,105,106,1,0,20,0.5460115289897658
uniform,26,250,150,105,106,1,0,21,0.5710433579806704
uniform,26,250,150,105,106,1,0,22,0.5974978869780898
uniform,26,250,150,105,106,1,0,23,0.6257871089910623
uniform,26,250,150,105,106,1,0,24,0.6493909569981042
uniform,26,250,150,105,105,0,1,25,0.6754639749997295
uniform,27,120,150,48,48,0,1,1,0.01259991800179705
uniform,28,120,150,50,50,0,1,1,0.010458484990522265
uniform,29,500,150,204,207,3,0,1,0.14135048000025563
uniform,29,500,150,204,207,3,0,2,0.21445684900390916
uniform,29,500,150,204,207,3,0,3,0.2885850169986952
uniform,29,500,150,204,207,3,0,4,0.35734067400335334
uniform,29,500,150,204,207,3,0,5,0.434705630003009
uniform,29,500,150,204,207,3,0,6,0.5257131450052839
uniform,29,500,150,204,207,3,0,7,0.5937887290201616
uniform,29,500,150,204,207,3,0,8,0.6705249460064806
uniform,29,500,150,204,207,3,0,9,0.7452862390200607
uniform,29,500,150,204,207,3,0,10,0.8163111780013423
uniform,29,500,150,204,207,3,0,11,0.8833202570094727
uniform,29,500,150,204,207,3,0,12,0.9551193620136473
uniform,29,500,150,204,207,3,0,13,1.0239222130039707
uniform,29,500,150,204,207,3,0,14,1.0913508649973664
uniform,29,500,150,204,207,3,0,15,1.162784295011079
uniform,29,500,150,204,207,3,0,16,1.2409115780028515
uniform,29,500,150,204,207,3,0,17,1.3128929060185328
uniform,29,500,150,204,206,2,0,18,1.3867038110038266
uniform,29,500,150,204,206,2,0,19,1.4573330490093213
uniform,29,500,150,204,206,2,0,20,1.5235861240071245
uniform,29,500,150,204,206,2,0,21,1.617924848018447
uniform,29,500,150,204,206,2,0,22,1.6838972900004592
uniform,29,500,150,204,206,2,0,23,1.7573215549928136
uniform,29,500,150,204,206,2,0,24,1.8234770570124965
uniform,29,500,150,204,206,2,0,25,1.9116675650002435
uniform,29,500,150,204,206,2,0,26,1.983785346004879
uniform,29,500,150,204,206,2,0,27,2.0515549660194665
uniform,29,500,150,204,206,2,0,28,2.1183932310086675
uniform,29,500,150,204,206,2,0,29,2.1979949540109374
uniform,29,500,150,204,206,2,0,30,2.276508322014706
uniform,29,500,150,204,206,2,0,31,2.3407966360100545
uniform,29,500,150,204,206,2,0,32,2.4237283219990786
uniform,29,500,150,204,206,2,0,33,2.496692182001425
uniform,29,500,150,204,206,2,0,34,2.5688469980086666
uniform,29,500,150,204,206,2,0,35,2.64438044000417
uniform,29,500,150,204,206,2,0,36,2.7114516670117155
uniform,29,500,150,204,206,2,0,37,2.7876381130190566
uniform,29,500,150,204,206,2,0,38,2.866343150002649
uniform,29,500,150,204,206,2,0,39,2.9464308629976586
uniform,29,500,150,204,206,2,0,40,3.01683052701992
uniform,29,500,150,204,206,2,0,41,3.083769382996252
uniform,29,500,150,204,206,2,0,42,3.1505897890019696
uniform,29,500,150,204,206,2,0,43,3.219741131993942
uniform,29,500,150,204,206,2,0,44,3.28610678500263
uniform,29,500,150,204,206,2,0,45,3.3508224920078646
uniform,29,500,150,204,206,2,0,46,3.4134260040009394
uniform,29,500,150,204,206,2,0,47,3.477456249005627
uniform,29,500,150,204,206,2,0,48,3.5486953660147265
uniform,29,500,150,204,206,2,0,49,3.6123372180154547
uniform,29,500,150,204,206,2,0,50,3.6870721930172294
uniform,29,500,150,204,206,2,0,51,3.750053954019677
uniform,29,500,150,204,206,2,0,52,3.819512788002612
uniform,29,500,150,204,206,2,0,53,3.882848084991565
uniform,29,500,150,204,206,2,0,54,3.9455328340118285
uniform,29,500,150,204,206,2,0,55,4.010342635010602
uniform,29,500,150,204,206,2,0,56,4.085636094008805
uniform,29,500,150,204,206,2,0,57,4.180278550018556
uniform,29,500,150,204,206,2,0,58,4.275636417994974
uniform,29,500,150,204,205,1,0,59,4.355531797016738
uniform,29,500,150,204,205,1,0,60,4.437071610009298
uniform,29,500,150,204,205,1,0,61,4.504954102012562
uniform,29,500,150,204,205,1,0,62,4.5943240220076405
uniform,29,500,150,204,205,1,0,63,4.673656143015251
uniform,29,500,150,204,205,1,0,64,4.754154669994023
uniform,29,500,150,204,205,1,0,65,4.828768170002149
uniform,29,500,150,204,205,1,0,66,4.89745791599853
uniform,29,500,150,204,205,1,0,67,4.963610233011423
uniform,29,500,150,204,205,1,0,68,5.0341015640005935
uniform,29,500,150,204,205,1,0,69,5.107407086004969
uniform,29,500,150,204,205,1,0,70,5.172070828004507
uniform,29,500,150,204,205,1,0,71,5.237187649996486
uniform,29,500,150,204,205,1,0,72,5.302106579008978
uniform,29,500,150,204,205,1,0,73,5.367684094992001
uniform,29,500,150,204,205,1,0,74,5.433455813006731
uniform,29,500,150,204,205,1,0,75,5.497764555999311
uniform,29,500,150,204,205,1,0,76,5.566353639005683
uniform,29,500,150,204,205,1,0,77,5.639928221004084
uniform,29,500,150,204,205,1,0,78,5.701431532012066
uniform,29,500,150,204,205,1,0,79,5.762789916014299
uniform,29,500,150,204,205,1,0,80,5.823889637016691
uniform,29,500,150,204,205,1,0,81,5.885596223000903
uniform,29,500,150,204,205,1,0,82,5.948225900996476
uniform,29,500,150,204,205,1,0,83,6.010491676017409
uniform,29,500,150,204,205,1,0,84,6.071453077020124
uniform,29,500,150,204,205,1,0,85,6.142455277004046
uniform,29,500,150,204,205,1,0,86,6.203336941020098
uniform,29,500,150,204,205,1,0,87,6.265501415007748
uniform,29,500,150,204,205,1,0,88,6.327526059001684
uniform,29,500,150,204,205,1,0,89,6.4012346460076515
uniform,29,500,150,204,205,1,0,90,6.46628011399298
uniform,29,500,150,204,205,1,0,91,6.532562444015639
uniform,29,500,150,204,205,1,0,92,6.594663983996725
uniform,29,500,150,204,205,1,0,93,6.658084041002439
uniform,29,500,150,204,205,1,0,94,6.7353705530113075
uniform,29,500,150,204,205,1,0,95,6.812499521998689
uniform,29,500,150,204,205,1,0,96,6.88458422999247
uniform,29,500,150,204,205,1,0,97,6.9495624550036155
uniform,29,500,150,204,205,1,0,98,7.012497562012868
uniform,29,500,150,204,205,1,0,99,7.074840529006906
uniform,29,500,150,204,205,1,0,100,7.147998274012934
uniform,29,500,150,204,205,1,0,101,7.209410695999395
uniform,29,500,150,204,205,1,0,102,7.274882274999982
uniform,29,500,150,204,205,1,0,103,7.336063296999782
uniform,29,500,150,204,205,1,0,104,7.404116165009327
uniform,29,500,150,204,205,1,0,105,7.469979036017321
uniform,29,500,150,204,205,1,0,106,7.544262493000133
uniform,29,500,150,204,205,1,0,107,7.611816437012749
uniform,29,500,150,204,205,1,0,108,7.671016370004509
uniform,29,500,150,204,205,1,0,109,7.733906843001023
uniform,29,500,150,204,205,1,0,110,7.826548840006581
uniform,29,500,150,204,205,1,0,111,7.933899102004943
uniform,29,500,150,204,205,1,0,112,8.01946308001061
uniform,29,500,150,204,205,1,0,113,8.105721899017226
uniform,29,500,150,204,205,1,0,114,8.207159606012283
uniform,29,500,150,204,205,1,0,115,8.33484076699824
uniform,29,500,150,204,205,1,0,116,8.408846714999527
uniform,29,500,150,204,205,1,0,117,8.489546222001081
uniform,29,500,150,204,205,1,0,118,8.585952199005987
uniform,29,500,150,204,205,1,0,119,8.659879957005614
uniform,29,500,150,204,205,1,0,120,8.7531630230078
uniform,29,500,150,204,205,1,0,121,8.823932758008596
uniform,29,500,150,204,205,1,0,122,8.90885179201723
uniform,29,500,150,204,205,1,0,123,8.988221831008559
uniform,29,500,150,204,205,1,0,124,9.058969698002329
uniform,29,500,150,204,205,1,0,125,9.129418283991981
uniform,29,500,150,204,205,1,0,126,9.203480255004251
uniform,29,500,150,204,205,1,0,127,9.269010452000657
uniform,29,500,150,204,205,1,0,128,9.335978123999666
uniform,29,500,150,204,205,1,0,129,9.406685782014392
uniform,29,500,150,204,205,1,0,130,9.507005544001004
uniform,29,500,150,204,205,1,0,131,9.607243427017238
uniform,29,500,150,204,205,1,0,132,9.6940125550027
uniform,29,500,150,204,205,1,0,133,9.769472019019304
uniform,29,500,150,204,205,1,0,134,9.837477287015645
uniform,29,500,150,204,205,1,0,135,9.9172481019923
uniform,29,500,150,204,205,1,0,136,9.994512456993107
uniform,29,500,150,204,205,1,0,137,10.065726383007132
uniform,29,500,150,204,205,1,0,138,10.140560657018796
uniform,29,500,150,204,205,1,0,139,10.205619576008758
uniform,29,500,150,204,205,1,0,140,10.303561794018606
uniform,29,500,150,204,205,1,0,141,10.412994106998667
uniform,29,500,150,204,205,1,0,142,10.48359961801907
uniform,29,500,150,204,205,1,0,143,10.550640149012906
uniform,29,500,150,204,205,1,0,144,10.618924811016768
uniform,29,500,150,204,205,1,0,145,10.684303871006705
uniform,29,500,150,204,205,1,0,146,10.833918620017357
uniform,29,500,150,204,205,1,0,147,10.945496775006177
uniform,29,500,150,204,205,1,0,148,11.019705020997208
uniform,29,500,150,204,205,1,0,149,11.110092095012078
uniform,29,500,150,204,205,1,0,150,11.175772401009453
uniform,29,500,150,204,205,1,0,151,11.2526707490033
uniform,29,500,150,204,205,1,0,152,11.325012112007244
uniform,29,500,150,204,205,1,0,153,11.390213569015032
uniform,29,500,150,204,205,1,0,154,11.462068772001658
uniform,29,500,150,204,205,1,0,155,11.531849687016802
uniform,29,500,150,204,205,1,0,156,11.601892278005835
uniform,29,500,150,204,205,1,0,157,11.666014351008926
uniform,29,500,150,204,205,1,0,158,11.733294083009241
uniform,29,500,150,204,205,1,0,159,11.795960526011186
uniform,29,500,150,204,205,1,0,160,11.864368728012778
uniform,29,500,150,204,205,1,0,161,11.925930433993926
uniform,29,500,150,204,205,1,0,162,11.99252416199306
uniform,29,500,150,204,205,1,0,163,12.058750791009516
uniform,29,500,150,204,205,1,0,164,12.139813179004705
uniform,29,500,150,204,205,1,0,165,12.201850415993249
uniform,29,500,150,204,205,1,0,166,12.26974979302031
uniform,29,500,150,204,205,1,0,167,12.330448888009414
uniform,29,500,150,204,205,1,0,168,12.391119327017805
uniform,29,500,150,204,205,1,0,169,12.452915767004015
uniform,29,500,150,204,205,1,0,170,12.516955011000391
uniform,29,500,150,204,205,1,0,171,12.57926047500223
uniform,29,500,150,204,205,1,0,172,12.642347938992316
uniform,29,500,150,204,205,1,0,173,12.70962613701704
uniform,29,500,150,204,205,1,0,174,12.77016138000181
uniform,29,500,150,204,205,1,0,175,12.83124993200181
uniform,29,500,150,204,205,1,0,176,12.891305978002492
uniform,29,500,150,204,205,1,0,177,12.959102142020129
uniform,29,500,150,204,205,1,0,178,13.019648456014693
uniform,29,500,150,204,205,1,0,179,13.079900041018846
uniform,29,500,150,204,205,1,0,180,13.150313991995063
uniform,29,500,150,204,205,1,0,181,13.218660358019406
uniform,29,500,150,204,205,1,0,182,13.283191119000548
uniform,29,500,150,204,205,1,0,183,13.343899358005729
uniform,29,500,150,204,205,1,0,184,13.415585770999314
uniform,29,500,150,204,205,1,0,185,13.47913420299301
uniform,29,500,150,204,205,1,0,186,13.540237948996946
uniform,29,500,150,204,205,1,0,187,13.602104307006812
uniform,29,500,150,204,205,1,0,188,13.664765202003764
uniform,29,500,150,204,205,1,0,189,13.727793257014127
uniform,29,500,150,204,205,1,0,190,13.800265661004232
uniform,29,500,150,204,205,1,0,191,13.88352556800237
uniform,29,500,150,204,205,1,0,192,13.948975070001325
uniform,29,500,150,204,205,1,0,193,14.017715204012347
uniform,29,500,150,204,205,1,0,194,14.087713320011972
uniform,29,500,150,204,205,1,0,195,14.16562131801038
uniform,29,500,150,204,205,1,0,196,14.22752704800223
uniform,29,500,150,204,205,1,0,197,14.302629034005804
uniform,29,500,150,204,205,1,0,198,14.369304293999448
uniform,29,500,150,204,205,1,0,199,14.44414970499929
uniform,29,500,150,204,205,1,0,200,14.509966423007427
uniform,29,500,150,204,205,1,0,201,14.569426797999768
uniform,29,500,150,204,205,1,0,202,14.635232391010504
uniform,29,500,150,204,205,1,0,203,14.694762722006999
uniform,29,500,150,204,205,1,0,204,14.766334503015969
uniform,29,500,150,204,205,1,0,205,14.83111664900207
uniform,29,500,150,204,205,1,0,206,14.88945904801949
uniform,29,500,150,204,205,1,0,207,14.950184421002632
uniform,29,500,150,204,205,1,0,208,15.0098326090083
uniform,29,500,150,204,205,1,0,209,15.068715692003025
uniform,29,500,150,204,205,1,0,210,15.13574372199946
uniform,29,500,150,204,205,1,0,211,15.200539625016972
uniform,29,500,150,204,205,1,0,212,15.264387833012734
uniform,29,500,150,204,205,1,0,213,15.337056507007219
uniform,29,500,150,204,205,1,0,214,15.402095416007796
uniform,29,500,150,204,205,1,0,215,15.462532423000084
uniform,29,500,150,204,205,1,0,216,15.527440164005384
uniform,29,500,150,204,205,1,0,217,15.587553018005565
uniform,29,500,150,204,205,1,0,218,15.655062478006585
uniform,29,500,150,204,205,1,0,219,15.72394412799622
uniform,29,500,150,204,205,1,0,220,15.7899259130063
uniform,29,500,150,204,205,1,0,221,15.851334239996504
uniform,29,500,150,204,205,1,0,222,15.910982608009363
uniform,29,500,150,204,205,1,0,223,15.971724219009047
uniform,29,500,150,204,205,1,0,224,16.065631533012493
uniform,29,500,150,204,205,1,0,225,16.13352359700366
uniform,29,500,150,204,205,1,0,226,16.198889905994292
uniform,29,500,150,204,205,1,0,227,16.268519049015595
uniform,29,500,150,204,205,1,0,228,16.33834234101232
uniform,29,500,150,204,205,1,0,229,16.403272441995796
uniform,29,500,150,204,205,1,0,230,16.468495733017335
uniform,29,500,150,204,205,1,0,231,16.530751344020246
uniform,29,500,150,204,205,1,0,232,16.597669125010725
uniform,29,500,150,204,205,1,0,233,16.667525296012172
uniform,29,500,150,204,205,1,0,234,16.731084850995103
uniform,29,500,150,204,205,1,0,235,16.805362022016197
uniform,29,500,150,204,205,1,0,236,16.873995582020143
uniform,29,500,150,204,205,1,0,237,16.9399381300027
uniform,29,500,150,204,205,1,0,238,17.002301544009242
uniform,29,500,150,204,205,1,0,239,17.062999429006595
uniform,29,500,150,204,205,1,0,240,17.128151537006488
uniform,29,500,150,204,205,1,0,241,17.194966155017028
uniform,29,500,150,204,205,1,0,242,17.265961941011483
uniform,29,500,150,204,205,1,0,243,17.333205881004687
uniform,29,500,150,204,205,1,0,244,17.395488597016083
uniform,29,500,150,204,205,1,0,245,17.46232869999949
uniform,29,500,150,204,205,1,0,246,17.549712378007825
uniform,29,500,150,204,205,1,0,247,17.614958485995885
uniform,29,500,150,204,205,1,0,248,17.67748384299921
uniform,29,500,150,204,205,1,0,249,17.740556288015796
uniform,29,500,150,204,205,1,0,250,17.831509893003386
uniform,29,500,150,204,205,1,0,251,17.896579936001217
uniform,29,500,150,204,205,1,0,252,17.95900292301667
uniform,29,500,150,204,205,1,0,253,18.023137762997067
uniform,29,500,150,204,205,1,0,254,18.085803099005716
uniform,29,500,150,204,205,1,0,255,18.14821172799566
uniform,29,500,150,204,205,1,0,256,18.21027621801477
uniform,29,500,150,204,205,1,0,257,18.28188376300386
uniform,29,500,150,204,205,1,0,258,18.354818974999944
uniform,29,500,150,204,205,1,0,259,18.421861059003277
uniform,29,500,150,204,205,1,0,260,18.50065306801116
uniform,29,500,150,204,205,1,0,261,18.578311554010725
uniform,29,500,150,204,205,1,0,262,18.65350735699758
uniform,29,500,150,204,205,1,0,263,18.711581145995297
uniform,29,500,150,204,205,1,0,264,18.769571259006625
uniform,29,500,150,204,205,1,0,265,18.83993990899762
uniform,29,500,150,204,205,1,0,266,18.899654769018525
uniform,29,500,150,204,205,1,0,267,18.962703993020114
uniform,29,500,150,204,205,1,0,268,19.033538009010954
uniform,29,500,150,204,205,1,0,269,19.101803277008003
uniform,29,500,150,204,205,1,0,270,19.1631965690176
uniform,29,500,150,204,205,1,0,271,19.221990994992666
uniform,29,500,150,204,205,1,0,272,19.286650127003668
uniform,29,500,150,204,205,1,0,273,19.350897012016503
uniform,29,500,150,204,205,1,0,274,19.411170456995023
uniform,29,500,150,204,205,1,0,275,19.494102338008815
uniform,29,500,150,204,205,1,0,276,19.553724330005934
uniform,29,500,150,204,205,1,0,277,19.612929129012628
uniform,29,500,150,204,205,1,0,278,19.680581702996278
uniform,29,500,150,204,205,1,0,279,19.740298567019636
uniform,29,500,150,204,205,1,0,280,19.8166175490187
uniform,29,500,150,204,205,1,0,281,19.879210451996187
uniform,29,500,150,204,205,1,0,282,19.93812977700145
uniform,29,500,150,204,205,1,0,283,19.997436809993815
uniform,29,500,150,204,205,1,0,284,20.064051527995616
uniform,29,500,150,204,205,1,0,285,20.14107017000788
uniform,29,500,150,204,205,1,0,286,20.21136481600115
uniform,29,500,150,204,205,1,0,287,20.282710767991375
uniform,29,500,150,204,205,1,0,288,20.361984603019664
uniform,29,500,150,204,205,1,0,289,20.425206965010148
uniform,29,500,150,204,205,1,0,290,20.49630344900652
uniform,29,500,150,204,205,1,0,291,20.576762272015912
uniform,29,500,150,204,205,1,0,292,20.65211494799587
uniform,29,500,150,204,205,1,0,293,20.723852540017106
uniform,29,500,150,204,205,1,0,294,20.791350614017574
uniform,29,500,150,204,205,1,0,295,20.857331609004177
uniform,29,500,150,204,205,1,0,296,20.922629323991714
uniform,29,500,150,204,205,1,0,297,20.990676103014266
uniform,29,500,150,204,205,1,0,298,21.05399859001045
uniform,29,500,150,204,205,1,0,299,21.115834085008828
uniform,29,500,150,204,205,1,0,300,21.181790328002535
uniform,29,500,150,204,205,1,0,301,21.25199283400434
uniform,29,500,150,204,205,1,0,302,21.311679967009695
uniform,29,500,150,204,205,1,0,303,21.374906515004113
uniform,29,500,150,204,205,1,0,304,21.442605117015773
uniform,29,500,150,204,205,1,0,305,21.507131357997423
uniform,29,500,150,204,205,1,0,306,21.58093090701732
uniform,29,500,150,204,205,1,0,307,21.64568497700384
uniform,29,500,150,204,205,1,0,308,21.714196542015998
uniform,29,500,150,204,205,1,0,309,21.773447097017197
uniform,29,500,150,204,205,1,0,310,21.83836807499756
uniform,29,500,150,204,205,1,0,311,21.896243808005238
uniform,29,500,150,204,205,1,0,312,21.954280328995083
uniform,29,500,150,204,205,1,0,313,22.01285174000077
uniform,29,500,150,204,205,1,0,314,22.081597462005448
uniform,29,500,150,204,205,1,0,315,22.147082993993536
uniform,29,500,150,204,205,1,0,316,22.21168803801993
uniform,29,500,150,204,205,1,0,317,22.26929549901979
uniform,29,500,150,204,205,1,0,318,22.32715455701691
uniform,29,500,150,204,205,1,0,319,22.39375735100475
uniform,29,500,150,204,205,1,0,320,22.45735907400376
uniform,29,500,150,204,205,1,0,321,22.52453314399463
uniform,29,500,150,204,205,1,0,322,22.583511242992245
uniform,29,500,150,204,205,1,0,323,22.646940042002825
uniform,29,500,150,204,205,1,0,324,22.71251845700317
uniform,29,500,150,204,205,1,0,325,22.77089883800363
uniform,29,500,150,204,205,1,0,326,22.834940594999352
uniform,29,500,150,204,205,1,0,327,22.892781692993594
uniform,29,500,150,204,205,1,0,328,22.95109615000547
uniform,29,500,150,204,205,1,0,329,23.01251576800132
uniform,29,500,150,204,205,1,0,330,23.085704032011563
uniform,29,500,150,204,205,1,0,331,23.14763958999538
uniform,29,500,150,204,205,1,0,332,23.206001119018765
uniform,29,500,150,204,205,1,0,333,23.272073311993154
uniform,29,500,150,204,205,1,0,334,23.333930608001538
uniform,29,500,150,204,205,1,0,335,23.397109087993158
uniform,29,500,150,204,205,1,0,336,23.460368393018143
uniform,29,500,150,204,205,1,0,337,23.522927764017368
uniform,29,500,150,204,205,1,0,338,23.606671603018185
uniform,29,500,150,204,205,1,0,339,23.669670436007436
uniform,29,500,150,204,205,1,0,340,23.729972414992517
uniform,29,500,150,204,205,1,0,341,23.794883265014505
uniform,29,500,150,204,205,1,0,342,23.85634769499302
uniform,29,500,150,204,205,1,0,343,23.919625640002778
uniform,29,500,150,204,205,1,0,344,23.983944106992567
uniform,29,500,150,204,205,1,0,345,24.043311109009665
uniform,29,500,150,204,205,1,0,346,24.101932496996596
uniform,29,500,150,204,205,1,0,347,24.173222453013295
uniform,29,500,150,204,205,1,0,348,24.237160287011648
uniform,29,500,150,204,205,1,0,349,24.297481878020335
uniform,29,500,150,204,205,1,0,350,24.355386019014986
uniform,29,500,150,204,205,1,0,351,24.429780264006695
uniform,29,500,150,204,205,1,0,352,24.486918214010075
uniform,29,500,150,204,205,1,0,353,24.54926222600625
uniform,29,500,150,204,205,1,0,354,24.62288494000677
uniform,29,500,150,204,205,1,0,355,24.685330662003253
uniform,29,500,150,204,205,1,0,356,24.751825893996283
uniform,29,500,150,204,205,1,0,357,24.80953245901037
uniform,29,500,150,204,205,1,0,358,24.877968731016153
uniform,29,500,150,204,205,1,0,359,24.93679512399831
uniform,29,500,150,204,205,1,0,360,25.00933935699868
uniform,29,500,150,204,205,1,0,361,25.073226611013524
uniform,29,500,150,204,205,1,0,362,25.13865274901036
uniform,29,500,150,204,205,1,0,363,25.19976136801415
uniform,29,500,150,204,205,1,0,364,25.257098839996615
uniform,29,500,150,204,205,1,0,365,25.32063263899181
uniform,29,500,150,204,205,1,0,366,25.382821436011
uniform,29,500,150,204,205,1,0,367,25.4541474590078
uniform,29,500,150,204,205,1,0,368,25.52352586601046
uniform,29,500,150,204,205,1,0,369,25.58894746901933
uniform,29,500,150,204,205,1,0,370,25.64985305099981
uniform,29,500,150,204,205,1,0,371,25.71531597399735
uniform,29,500,150,204,205,1,0,372,25.787538383010542
uniform,29,500,150,204,205,1,0,373,25.86156333301915
uniform,29,500,150,204,205,1,0,374,25.9246474239917
uniform,29,500,150,204,205,1,0,375,25.994004242005758
uniform,29,500,150,204,205,1,0,376,26.062643623998156
uniform,29,500,150,204,205,1,0,377,26.14076227400801
uniform,29,500,150,204,205,1,0,378,26.204083028016612
uniform,29,500,150,204,205,1,0,379,26.267823786009103
uniform,29,500,150,204,205,1,0,380,26.328948782000225
uniform,29,500,150,204,205,1,0,381,26.398059850005666
uniform,29,500,150,204,205,1,0,382,26.474175976007245
uniform,29,500,150,204,205,1,0,383,26.533766198001103
uniform,29,500,150,204,205,1,0,384,26.592014593014028
uniform,29,500,150,204,205,1,0,385,26.652156176016433
uniform,29,500,150,204,205,1,0,386,26.711215663992334
uniform,29,500,150,204,205,1,0,387,26.77065991400741
uniform,29,500,150,204,205,1,0,388,26.8294206809951
uniform,29,500,150,204,205,1,0,389,26.88696098100627
uniform,29,500,150,204,205,1,0,390,26.946226197003853
uniform,29,500,150,204,205,1,0,391,27.004040656000143
uniform,29,500,150,204,205,1,0,392,27.071581105992664
uniform,29,500,150,204,205,1,0,393,27.135965850000503
uniform,29,500,150,204,205,1,0,394,27.19515282800421
uniform,29,500,150,204,205,1,0,395,27.259407998993993
uniform,29,500,150,204,205,1,0,396,27.319771106995177
uniform,29,500,150,204,205,1,0,397,27.37991839501774
uniform,29,500,150,204,205,1,0,398,27.453491915017366
uniform,29,500,150,204,205,1,0,399,27.525915717997123
uniform,29,500,150,204,205,1,0,400,27.589781154005323
uniform,29,500,150,204,205,1,0,401,27.650416974007385
uniform,29,500,150,204,205,1,0,402,27.715785734995734
uniform,29,500,150,204,205,1,0,403,27.77903631501249
uniform,29,500,150,204,205,1,0,404,27.846591392997652
uniform,29,500,150,204,205,1,0,405,27.907983103999868
uniform,29,500,150,204,205,1,0,406,27.967873314017197
uniform,29,500,150,204,205,1,0,407,28.039929596998263
uniform,29,500,150,204,205,1,0,408,28.115304203005508
uniform,29,500,150,204,205,1,0,409,28.179200064012548
uniform,29,500,150,204,205,1,0,410,28.237429557018913
uniform,29,500,150,204,205,1,0,411,28.296198258991353
uniform,29,500,150,204,205,1,0,412,28.359504157007905
uniform,29,500,150,204,205,1,0,413,28.417484213015996
uniform,29,500,150,204,205,1,0,414,28.494583969993982
uniform,29,500,150,204,205,1,0,415,28.556725314003415
uniform,29,500,150,204,205,1,0,416,28.622196831012843
uniform,29,500,150,204,205,1,0,417,28.68207274901215
uniform,29,500,150,204,205,1,0,418,28.744416575005744
uniform,29,500,150,204,205,1,0,419,28.802178314013872
uniform,29,500,150,204,205,1,0,420,28.876867662009317
uniform,29,500,150,204,205,1,0,421,28.942621023015818
uniform,29,500,150,204,205,1,0,422,29.02333950100001
uniform,29,500,150,204,205,1,0,423,29.09144361599465
uniform,29,500,150,204,205,1,0,424,29.15765815699706
uniform,29,500,150,204,205,1,0,425,29.22105338500114
uniform,29,500,150,204,205,1,0,426,29.29239587500342
uniform,29,500,150,204,205,1,0,427,29.352815437014215
uniform,29,500,150,204,205,1,0,428,29.416835910000373
uniform,29,500,150,204,205,1,0,429,29.480562686017947
uniform,29,500,150,204,205,1,0,430,29.542229503014823
uniform,29,500,150,204,205,1,0,431,29.600823342014337
uniform,29,500,150,204,205,1,0,432,29.6660728979914
uniform,29,500,150,204,205,1,0,433,29.726620503002778
uniform,29,500,150,204,205,1,0,434,29.80379076799727
uniform,29,500,150,204,204,0,1,435,29.86650879701483
uniform,30,500,150,202,203,1,0,1,0.11716160899959505
uniform,30,500,150,202,203,1,0,2,0.1926590240036603
uniform,30,500,150,202,203,1,0,3,0.27297385898418725
uniform,30,500,150,202,203,1,0,4,0.368257869995432
uniform,30,500,150,202,203,1,0,5,0.46153439598856494
uniform,30,500,150,202,203,1,0,6,0.5324801550013945
uniform,30,500,150,202,202,0,1,7,0.5993175259791315
uniform,31,1000,150,411,415,4,0,1,0.42254841499379836
uniform,31,1000,150,411,415,4,0,2,0.6508698539983016
uniform,31,1000,150,411,414,3,0,3,0.9334251589898486
uniform,31,1000,150,411,413,2,0,4,1.1819219469907694
uniform,31,1000,150,411,413,2,0,5,1.4070463000098243
uniform,31,1000,150,411,413,2,0,6,1.6417467579885852
uniform,31,1000,150,411,413,2,0,7,1.8810271690017544
uniform,31,1000,150,411,413,2,0,8,2.1201975459989626
uniform,31,1000,150,411,413,2,0,9,2.3675558870017994
uniform,31,1000,150,411,413,2,0,10,2.613330830994528
uniform,31,1000,150,411,413,2,0,11,2.859724031004589
uniform,31,1000,150,411,413,2,0,12,3.083266511996044
uniform,31,1000,150,411,413,2,0,13,3.3178657529933844
uniform,31,1000,150,411,413,2,0,14,3.5583876080054324
uniform,31,1000,150,411,413,2,0,15,3.819941508001648
uniform,31,1000,150,411,413,2,0,16,4.125780459988164
uniform,31,1000,150,411,413,2,0,17,4.382628743012901
uniform,31,1000,150,411,413,2,0,18,4.6346687549958006
uniform,31,1000,150,411,413,2,0,19,4.867617599986261
uniform,31,1000,150,411,413,2,0,20,5.126053812011378
uniform,31,1000,150,411,413,2,0,21,5.37708333300543
uniform,31,1000,150,411,413,2,0,22,5.636055006994866
uniform,31,1000,150,411,413,2,0,23,5.859783961990615
uniform,31,1000,150,411,413,2,0,24,6.109027686994523
uniform,31,1000,150,411,413,2,0,25,6.3599058389954735
uniform,31,1000,150,411,413,2,0,26,6.591643827006919
uniform,31,1000,150,411,412,1,0,27,6.8560927149956115
uniform,31,1000,150,411,412,1,0,28,7.111546964995796
uniform,31,1000,150,411,412,1,0,29,7.349971263989573
uniform,31,1000,150,411,412,1,0,30,7.596237063000444
uniform,31,1000,150,411,412,1,0,31,7.818888620997313
uniform,31,1000,150,411,412,1,0,32,8.041481747990474
uniform,31,1000,150,411,412,1,0,33,8.264259515999584
uniform,31,1000,150,411,412,1,0,34,8.5068535929895
uniform,31,1000,150,411,412,1,0,35,8.740814796998166
uniform,31,1000,150,411,412,1,0,36,8.961464155989233
uniform,31,1000,150,411,412,1,0,37,9.190576505992794
uniform,31,1000,150,411,412,1,0,38,9.409037467004964
uniform,31,1000,150,411,412,1,0,39,9.6660685960087
uniform,31,1000,150,411,412,1,0,40,9.888833147007972
uniform,31,1000,150,411,412,1,0,41,10.107371318008518
uniform,31,1000,150,411,412,1,0,42,10.336370867007645
uniform,31,1000,150,411,412,1,0,43,10.573188632988604
uniform,31,1000,150,411,412,1,0,44,10.801335736003239
uniform,31,1000,150,411,412,1,0,45,11.068720885989023
uniform,31,1000,150,411,412,1,0,46,11.305966674990486
uniform,31,1000,150,411,412,1,0,47,11.539566907013068
uniform,31,1000,150,411,412,1,0,48,11.780898803990567
uniform,31,1000,150,411,412,1,0,49,12.001997735002078
uniform,31,1000,150,411,412,1,0,50,12.223637787014013
uniform,31,1000,150,411,412,1,0,51,12.443754940992221
uniform,31,1000,150,411,412,1,0,52,12.667819685011636
uniform,31,1000,150,411,412,1,0,53,12.88933188500232
uniform,31,1000,150,411,412,1,0,54,13.11317050899379
uniform,31,1000,150,411,412,1,0,55,13.358489682985237
uniform,31,1000,150,411,412,1,0,56,13.581242621992715
uniform,31,1000,150,411,412,1,0,57,13.844040319003398
uniform,31,1000,150,411,412,1,0,58,14.082501758006401
uniform,31,1000,150,411,412,1,0,59,14.332297520013526
uniform,31,1000,150,411,412,1,0,60,14.551907387998654
uniform,31,1000,150,411,412,1,0,61,14.781391499011079
uniform,31,1000,150,411,412,1,0,62,15.083151103986893
uniform,31,1000,150,411,412,1,0,63,15.310344397992594
uniform,31,1000,150,411,412,1,0,64,15.555415315990103
uniform,31,1000,150,411,412,1,0,65,15.796396154008107
uniform,31,1000,150,411,412,1,0,66,16.025334781006677
uniform,31,1000,150,411,412,1,0,67,16.26463817601325
uniform,31,1000,150,411,412,1,0,68,16.52874722398701
uniform,31,1000,150,411,412,1,0,69,16.812587169988547
uniform,31,1000,150,411,412,1,0,70,17.041028742009075
uniform,31,1000,150,411,412,1,0,71,17.290887954994105
uniform,31,1000,150,411,412,1,0,72,17.53135013699648
uniform,31,1000,150,411,412,1,0,73,17.812586851010565
uniform,31,1000,150,411,412,1,0,74,18.076467653998407
uniform,31,1000,150,411,412,1,0,75,18.29381578101311
uniform,31,1000,150,411,412,1,0,76,18.51968088900321
uniform,31,1000,150,411,412,1,0,77,18.738053828012198
uniform,31,1000,150,411,412,1,0,78,18.97313043900067
uniform,31,1000,150,411,412,1,0,79,19.209492288006004
uniform,31,1000,150,411,412,1,0,80,19.435704553005053
uniform,31,1000,150,411,412,1,0,81,19.668275169009576
uniform,31,1000,150,411,412,1,0,82,19.905102608987363
uniform,31,1000,150,411,412,1,0,83,20.12731388901011
uniform,31,1000,150,411,412,1,0,84,20.359183227992617
uniform,31,1000,150,411,412,1,0,85,20.575115015002666
uniform,31,1000,150,411,412,1,0,86,20.804493995994562
uniform,31,1000,150,411,412,1,0,87,21.017551352997543
uniform,31,1000,150,411,412,1,0,88,21.242057722003665
uniform,31,1000,150,411,412,1,0,89,21.469963212992297
uniform,31,1000,150,411,412,1,0,90,21.712447700003395
uniform,31,1000,150,411,412,1,0,91,21.922591292997822
uniform,31,1000,150,411,412,1,0,92,22.17261527798837
uniform,31,1000,150,411,412,1,0,93,22.412570537009742
uniform,31,1000,150,411,412,1,0,94,22.64628998399712
uniform,31,1000,150,411,412,1,0,95,22.886901346995728
uniform,31,1000,150,411,412,1,0,96,23.123063828010345
uniform,31,1000,150,411,412,1,0,97,23.345603733003372
uniform,31,1000,150,411,412,1,0,98,23.560631836007815
uniform,31,1000,150,411,412,1,0,99,23.784596696990775
uniform,31,1000,150,411,412,1,0,100,23.996714037988568
uniform,31,1000,150,411,412,1,0,101,24.23220950301038
uniform,31,1000,150,411,412,1,0,102,24.464307982008904
uniform,31,1000,150,411,412,1,0,103,24.812435875996016
uniform,31,1000,150,411,411,0,1,104,25.044453309004894
uniform,32,500,150,204,206,2,0,1,0.12688958999933675
uniform,32,500,150,204,206,2,0,2,0.21838930700323544
uniform,32,500,150,204,206,2,0,3,0.2883412730006967
uniform,32,500,150,204,206,2,0,4,0.35608633200172335
uniform,32,500,150,204,206,2,0,5,0.4247887460223865
uniform,32,500,150,204,206,2,0,6,0.4933525900123641
uniform,32,500,150,204,206,2,0,7,0.5654949380259495
uniform,32,500,150,204,206,2,0,8,0.6319511120091192
uniform,32,500,150,204,206,2,0,9,0.6966173060063738
uniform,32,500,150,204,206,2,0,10,0.8015377190022264
uniform,32,500,150,204,206,2,0,11,0.8681036900088657
uniform,32,500,150,204,206,2,0,12,0.949500838003587
uniform,32,500,150,204,206,2,0,13,1.0301926480024122
uniform,32,500,150,204,206,2,0,14,1.1167303370020818
uniform,32,500,150,204,206,2,0,15,1.194741352024721
uniform,32,500,150,204,205,1,0,16,1.274078594025923
uniform,32,500,150,204,205,1,0,17,1.3448447520204354
uniform,32,500,150,204,205,1,0,18,1.4249268120038323
uniform,32,500,150,204,205,1,0,19,1.5317185970197897
uniform,32,500,150,204,205,1,0,20,1.602951633016346
uniform,32,500,150,204,205,1,0,21,1.6892912250186782
uniform,32,500,150,204,205,1,0,22,1.7546760710247327
uniform,32,500,150,204,205,1,0,23,1.8200184740126133
uniform,32,500,150,204,205,1,0,24,1.8972776330192573
uniform,32,500,150,204,205,1,0,25,1.9668170869990718
uniform,32,500,150,204,205,1,0,26,2.034012097021332
uniform,32,500,150,204,205,1,0,27,2.1224995990050957
uniform,32,500,150,204,205,1,0,28,2.188509273022646
uniform,32,500,150,204,205,1,0,29,2.2548277270107064
uniform,32,500,150,204,205,1,0,30,2.320050866022939
uniform,32,500,150,204,205,1,0,31,2.3832508170162328
uniform,32,500,150,204,205,1,0,32,2.4659653620037716
uniform,32,500,150,204,205,1,0,33,2.5535584570025094
uniform,32,500,150,204,205,1,0,34,2.6293130480044056
uniform,32,500,150,204,205,1,0,35,2.705672002019128
uniform,32,500,150,204,205,1,0,36,2.781494491006015
uniform,32,500,150,204,205,1,0,37,2.8494189670018386
uniform,32,500,150,204,205,1,0,38,2.9169478840194643
uniform,32,500,150,204,205,1,0,39,2.9829409000230953
uniform,32,500,150,204,205,1,0,40,3.058156286017038
uniform,32,500,150,204,205,1,0,41,3.122300155024277
uniform,32,500,150,204,205,1,0,42,3.2018959580163937
uniform,32,500,150,204,205,1,0,43,3.2718059760227334
uniform,32,500,150,204,205,1,0,44,3.340371648024302
uniform,32,500,150,204,205,1,0,45,3.406148790003499
uniform,32,500,150,204,205,1,0,46,3.476317349006422
uniform,32,500,150,204,205,1,0,47,3.556390037003439
uniform,32,500,150,204,205,1,0,48,3.631284177012276
uniform,32,500,150,204,205,1,0,49,3.6980866700178012
uniform,32,500,150,204,205,1,0,50,3.764211442001397
uniform,32,500,150,204,205,1,0,51,3.829480547021376
uniform,32,500,150,204,205,1,0,52,3.9256613270263188
uniform,32,500,150,204,205,1,0,53,4.009353878005641
uniform,32,500,150,204,205,1,0,54,4.081696041015675
uniform,32,500,150,204,205,1,0,55,4.143348066019826
uniform,32,500,150,204,205,1,0,56,4.205014040024253
uniform,32,500,150,204,205,1,0,57,4.267018353013555
uniform,32,500,150,204,205,1,0,58,4.329823245003354
uniform,32,500,150,204,205,1,0,59,4.398736561008263
uniform,32,500,150,204,205,1,0,60,4.462242558016442
uniform,32,500,150,204,205,1,0,61,4.524184125009924
uniform,32,500,150,204,205,1,0,62,4.595862939022481
uniform,32,500,150,204,205,1,0,63,4.680980458011618
uniform,32,500,150,204,205,1,0,64,4.746158656023908
uniform,32,500,150,204,205,1,0,65,4.808451365010114
uniform,32,500,150,204,205,1,0,66,4.8855633409984875
uniform,32,500,150,204,205,1,0,67,4.952113340026699
uniform,32,500,150,204,205,1,0,68,5.01491560600698
uniform,32,500,150,204,205,1,0,69,5.077014873008011
uniform,32,500,150,204,205,1,0,70,5.137005948025035
uniform,32,500,150,204,205,1,0,71,5.2039031099993736
uniform,32,500,150,204,205,1,0,72,5.265317333018174
uniform,32,500,150,204,205,1,0,73,5.347251406026771
uniform,32,500,150,204,205,1,0,74,5.412874970003031
uniform,32,500,150,204,205,1,0,75,5.4831447530013975
uniform,32,500,150,204,205,1,0,76,5.545080411015078
uniform,32,500,150,204,205,1,0,77,5.607020239025587
uniform,32,500,150,204,205,1,0,78,5.673417209007312
uniform,32,500,150,204,205,1,0,79,5.7358474760258105
uniform,32,500,150,204,205,1,0,80,5.800587190024089
uniform,32,500,150,204,205,1,0,81,5.861488696013112
uniform,32,500,150,204,205,1,0,82,5.923460205027368
uniform,32,500,150,204,205,1,0,83,5.988411235011881
uniform,32,500,150,204,205,1,0,84,6.049557097023353
uniform,32,500,150,204,205,1,0,85,6.112450712011196
uniform,32,500,150,204,205,1,0,86,6.1869965020159725
uniform,32,500,150,204,205,1,0,87,6.249932714010356
uniform,32,500,150,204,205,1,0,88,6.313913584017428
uniform,32,500,150,204,205,1,0,89,6.375050407019444
uniform,32,500,150,204,205,1,0,90,6.4391376950079575
uniform,32,500,150,204,205,1,0,91,6.509837838006206
uniform,32,500,150,204,205,1,0,92,6.570512864011107
uniform,32,500,150,204,205,1,0,93,6.631368728005327
uniform,32,500,150,204,205,1,0,94,6.691184694005642
uniform,32,500,150,204,205,1,0,95,6.751815480005462
uniform,32,500,150,204,205,1,0,96,6.826459655014332
uniform,32,500,150,204,205,1,0,97,6.886566415021662
uniform,32,500,150,204,205,1,0,98,6.949866466020467
uniform,32,500,150,204,205,1,0,99,7.021443779027322
uniform,32,500,150,204,205,1,0,100,7.088978681014851
uniform,32,500,150,204,205,1,0,101,7.159079528006259
uniform,32,500,150,204,205,1,0,102,7.2301979520125315
uniform,32,500,150,204,205,1,0,103,7.298576173023321
uniform,32,500,150,204,205,1,0,104,7.3659435550216585
uniform,32,500,150,204,205,1,0,105,7.432063944026595
uniform,32,500,150,204,205,1,0,106,7.494564912019996
uniform,32,500,150,204,205,1,0,107,7.574013195000589
uniform,32,500,150,204,205,1,0,108,7.640008679009043
uniform,32,500,150,204,205,1,0,109,7.709229487023549
uniform,32,500,150,204,205,1,0,110,7.770994872000301
uniform,32,500,150,204,205,1,0,111,7.8295211260265205
uniform,32,500,150,204,205,1,0,112,7.892922447004821
uniform,32,500,150,204,205,1,0,113,7.969606589002069
uniform,32,500,150,204,205,1,0,114,8.034598869999172
uniform,32,500,150,204,205,1,0,115,8.098611093999352
uniform,32,500,150,204,205,1,0,116,8.166292695008451
uniform,32,500,150,204,205,1,0,117,8.225163678027457
uniform,32,500,150,204,205,1,0,118,8.283792434027418
uniform,32,500,150,204,205,1,0,119,8.347074234014144
uniform,32,500,150,204,205,1,0,120,8.418840507016284
uniform,32,500,150,204,205,1,0,121,8.495716247998644
uniform,32,500,150,204,205,1,0,122,8.555991397006437
uniform,32,500,150,204,205,1,0,123,8.628868386003887
uniform,32,500,150,204,205,1,0,124,8.702490107010817
uniform,32,500,150,204,205,1,0,125,8.770435201004148
uniform,32,500,150,204,205,1,0,126,8.829190565011231
uniform,32,500,150,204,205,1,0,127,8.892174459004309
uniform,32,500,150,204,205,1,0,128,8.976451254013227
uniform,32,500,150,204,205,1,0,129,9.039094992011087
uniform,32,500,150,204,205,1,0,130,9.102335045026848
uniform,32,500,150,204,205,1,0,131,9.160922884999309
uniform,32,500,150,204,205,1,0,132,9.232554498012178
uniform,32,500,150,204,205,1,0,133,9.297178450011415
uniform,32,500,150,204,205,1,0,134,9.357514238014119
uniform,32,500,150,204,205,1,0,135,9.418148834025487
uniform,32,500,150,204,205,1,0,136,9.489738709002268
uniform,32,500,150,204,205,1,0,137,9.555387538013747
uniform,32,500,150,204,205,1,0,138,9.61934237999958
uniform,32,500,150,204,205,1,0,139,9.682144143007463
uniform,32,500,150,204,205,1,0,140,9.744828627008246
uniform,32,500,150,204,205,1,0,141,9.808218363003107
uniform,32,500,150,204,205,1,0,142,9.870578215020942
uniform,32,500,150,204,205,1,0,143,9.938477928022621
uniform,32,500,150,204,205,1,0,144,10.001486099004978
uniform,32,500,150,204,205,1,0,145,10.070221034024144
uniform,32,500,150,204,205,1,0,146,10.133857220003847
uniform,32,500,150,204,205,1,0,147,10.197324220003793
uniform,32,500,150,204,205,1,0,148,10.2692264750076
uniform,32,500,150,204,205,1,0,149,10.344689028017456
uniform,32,500,150,204,205,1,0,150,10.410533019021386
uniform,32,500,150,204,205,1,0,151,10.485548321012175
uniform,32,500,150,204,205,1,0,152,10.557850465003867
uniform,32,500,150,204,205,1,0,153,10.62648697302211
uniform,32,500,150,204,205,1,0,154,10.701746625010855
uniform,32,500,150,204,205,1,0,155,10.763234822021332
uniform,32,500,150,204,205,1,0,156,10.830205724021653
uniform,32,500,150,204,205,1,0,157,10.905049452005187
uniform,32,500,150,204,205,1,0,158,10.97550218302058
uniform,32,500,150,204,205,1,0,159,11.034495940024499
uniform,32,500,150,204,205,1,0,160,11.09391034100554
uniform,32,500,150,204,205,1,0,161,11.152411567018135
uniform,32,500,150,204,205,1,0,162,11.211024766002083
uniform,32,500,150,204,205,1,0,163,11.274147228017682
uniform,32,500,150,204,205,1,0,164,11.34373547200812
uniform,32,500,150,204,205,1,0,165,11.405115656001726
uniform,32,500,150,204,205,1,0,166,11.501424676011084
uniform,32,500,150,204,205,1,0,167,11.590909176011337
uniform,32,500,150,204,205,1,0,168,11.709608901001047
uniform,32,500,150,204,205,1,0,169,11.781897995009786
uniform,32,500,150,204,205,1,0,170,11.848901490011485
uniform,32,500,150,204,205,1,0,171,11.909819822001737
uniform,32,500,150,204,205,1,0,172,11.977448518009624
uniform,32,500,150,204,205,1,0,173,12.038326991023496
uniform,32,500,150,204,205,1,0,174,12.101223880017642
uniform,32,500,150,204,205,1,0,175,12.165895686019212
uniform,32,500,150,204,205,1,0,176,12.23017053102376
uniform,32,500,150,204,205,1,0,177,12.296138271020027
uniform,32,500,150,204,205,1,0,178,12.359927543002414
uniform,32,500,150,204,205,1,0,179,12.422759758017492
uniform,32,500,150,204,205,1,0,180,12.486715788021684
uniform,32,500,150,204,205,1,0,181,12.570933843002422
uniform,32,500,150,204,205,1,0,182,12.640365565021057
uniform,32,500,150,204,205,1,0,183,12.717002742021577
uniform,32,500,150,204,205,1,0,184,12.793155288003618
uniform,32,500,150,204,205,1,0,185,12.85666019099881
uniform,32,500,150,204,205,1,0,186,12.924647357023787
uniform,32,500,150,204,205,1,0,187,12.994915728020715
uniform,32,500,150,204,205,1,0,188,13.059239224006888
uniform,32,500,150,204,205,1,0,189,13.119543461012654
uniform,32,500,150,204,205,1,0,190,13.183898073009914
uniform,32,500,150,204,205,1,0,191,13.252163973025745
uniform,32,500,150,204,205,1,0,192,13.317483031016309
uniform,32,500,150,204,205,1,0,193,13.377597956015961
uniform,32,500,150,204,205,1,0,194,13.437325184000656
uniform,32,500,150,204,205,1,0,195,13.503393643011805
uniform,32,500,150,204,205,1,0,196,13.564878274017246
uniform,32,500,150,204,205,1,0,197,13.623262484004954
uniform,32,500,150,204,205,1,0,198,13.690224425023189
uniform,32,500,150,204,204,0,1,199,13.753395573003218
uniform,33,500,150,198,200,2,0,1,0.15008018299704418
uniform,33,500,150,198,200,2,0,2,0.21509274098207243
uniform,33,500,150,198,200,2,0,3,0.29515880899270996
uniform,33,500,150,198,200,2,0,4,0.3973643079807516
uniform,33,500,150,198,200,2,0,5,0.46715649199904874
uniform,33,500,150,198,200,2,0,6,0.537982148991432
uniform,33,500,150,198,199,1,0,7,0.6166298860043753
uniform,33,500,150,198,199,1,0,8,0.6899502269807272
uniform,33,500,150,198,199,1,0,9,0.7587599979888182
uniform,33,500,150,198,199,1,0,10,0.8394391339970753
uniform,33,500,150,198,199,1,0,11,0.911535767983878
uniform,33,500,150,198,199,1,0,12,0.980595959990751
uniform,33,500,150,198,199,1,0,13,1.0584227189829107
uniform,33,500,150,198,199,1,0,14,1.1423592079954688
uniform,33,500,150,198,199,1,0,15,1.2127298489795066
uniform,33,500,150,198,199,1,0,16,1.2899308089981787
uniform,33,500,150,198,199,1,0,17,1.3610130729794037
uniform,33,500,150,198,199,1,0,18,1.4520352660038043
uniform,33,500,150,198,199,1,0,19,1.5251511139795184
uniform,33,500,150,198,199,1,0,20,1.590687321004225
uniform,33,500,150,198,199,1,0,21,1.6747705389861949
uniform,33,500,150,198,199,1,0,22,1.7560752510034945
uniform,33,500,150,198,199,1,0,23,1.8346823979809415
uniform,33,500,150,198,199,1,0,24,1.9003270719840657
uniform,33,500,150,198,199,1,0,25,1.9900079089857172
uniform,33,500,150,198,199,1,0,26,2.057732755987672
uniform,33,500,150,198,199,1,0,27,2.120512750989292
uniform,33,500,150,198,199,1,0,28,2.1962389599939343
uniform,33,500,150,198,199,1,0,29,2.2588334549800493
uniform,33,500,150,198,199,1,0,30,2.3218037920014467
uniform,33,500,150,198,199,1,0,31,2.3840217469842173
uniform,33,500,150,198,199,1,0,32,2.449923715990735
uniform,33,500,150,198,199,1,0,33,2.521361524006352
uniform,33,500,150,198,199,1,0,34,2.5831645269936416
uniform,33,500,150,198,199,1,0,35,2.6528823139960878
uniform,33,500,150,198,199,1,0,36,2.731568379997043
uniform,33,500,150,198,199,1,0,37,2.8070196759945247
uniform,33,500,150,198,199,1,0,38,2.8818521479843184
uniform,33,500,150,198,199,1,0,39,2.9473269369918853
uniform,33,500,150,198,199,1,0,40,3.015590050985338
uniform,33,500,150,198,199,1,0,41,3.083458716981113
uniform,33,500,150,198,199,1,0,42,3.146426381979836
uniform,33,500,150,198,199,1,0,43,3.216417008981807
uniform,33,500,150,198,199,1,0,44,3.2796150089998264
uniform,33,500,150,198,199,1,0,45,3.3440630059922114
uniform,33,500,150,198,199,1,0,46,3.4066812789824326
uniform,33,500,150,198,199,1,0,47,3.4739932229858823
uniform,33,500,150,198,199,1,0,48,3.534779225999955
uniform,33,500,150,198,199,1,0,49,3.605253625981277
uniform,33,500,150,198,199,1,0,50,3.667905031994451
uniform,33,500,150,198,199,1,0,51,3.7315616109990515
uniform,33,500,150,198,199,1,0,52,3.8136832999880426
uniform,33,500,150,198,199,1,0,53,3.906022520008264
uniform,33,500,150,198,199,1,0,54,3.9767680499935523
uniform,33,500,150,198,199,1,0,55,4.070044505991973
uniform,33,500,150,198,199,1,0,56,4.145192455005599
uniform,33,500,150,198,199,1,0,57,4.21281697897939
uniform,33,500,150,198,199,1,0,58,4.282837901002495
uniform,33,500,150,198,199,1,0,59,4.350198881991673
uniform,33,500,150,198,199,1,0,60,4.426237867999589
uniform,33,500,150,198,199,1,0,61,4.493993262003642
uniform,33,500,150,198,199,1,0,62,4.553499014000408
uniform,33,500,150,198,199,1,0,63,4.621780279994709
uniform,33,500,150,198,199,1,0,64,4.683455933991354
uniform,33,500,150,198,199,1,0,65,4.74540179799078
uniform,33,500,150,198,199,1,0,66,4.8072052740026265
uniform,33,500,150,198,199,1,0,67,4.873839968000539
uniform,33,500,150,198,199,1,0,68,4.943979926989414
uniform,33,500,150,198,199,1,0,69,5.010758675984107
uniform,33,500,150,198,199,1,0,70,5.07361891400069
uniform,33,500,150,198,199,1,0,71,5.134937558003003
uniform,33,500,150,198,199,1,0,72,5.2010661009990145
uniform,33,500,150,198,199,1,0,73,5.271381695987657
uniform,33,500,150,198,199,1,0,74,5.334144246997312
uniform,33,500,150,198,199,1,0,75,5.405784931004746
uniform,33,500,150,198,199,1,0,76,5.482790068985196
uniform,33,500,150,198,199,1,0,77,5.546775124996202
uniform,33,500,150,198,199,1,0,78,5.618248657992808
uniform,33,500,150,198,199,1,0,79,5.68950345099438
uniform,33,500,150,198,199,1,0,80,5.752192315005232
uniform,33,500,150,198,199,1,0,81,5.812421307986369
uniform,33,500,150,198,199,1,0,82,5.871625722997123
uniform,33,500,150,198,199,1,0,83,5.940528551989701
uniform,33,500,150,198,199,1,0,84,6.0025790159998
uniform,33,500,150,198,199,1,0,85,6.077721801993903
uniform,33,500,150,198,199,1,0,86,6.17817862398806
uniform,33,500,150,198,198,0,1,87,6.246877626981586
uniform,34,120,150,50,51,1,0,1,0.012326672003837302
uniform,34,120,150,50,51,1,0,2,0.03374343199538998
uniform,34,120,150,50,51,1,0,3,0.04959717899328098
uniform,34,120,150,50,51,1,0,4,0.06457317198510282
uniform,34,120,150,50,51,1,0,5,0.0781602349888999
uniform,34,120,150,50,51,1,0,6,0.09206182599882595
uniform,34,120,150,50,51,1,0,7,0.1053299929772038
uniform,34,120,150,50,51,1,0,8,0.12010643698158674
uniform,34,120,150,50,51,1,0,9,0.1336550099949818
uniform,34,120,150,50,51,1,0,10,0.15125156097928993
uniform,34,120,150,50,51,1,0,11,0.1648395269876346
uniform,34,120,150,50,51,1,0,12,0.17802881897659972
uniform,34,120,150,50,51,1,0,13,0.1917255719890818
uniform,34,120,150,50,51,1,0,14,0.20481957599986345
uniform,34,120,150,50,51,1,0,15,0.21785861399257556
uniform,34,120,150,50,51,1,0,16,0.2313793950015679
uniform,34,120,150,50,51,1,0,17,0.24641182998311706
uniform,34,120,150,50,51,1,0,18,0.26082987498375587
uniform,34,120,150,50,51,1,0,19,0.2740670380007941
uniform,34,120,150,50,51,1,0,20,0.28704195297905244
uniform,34,120,150,50,51,1,0,21,0.3004803779767826
uniform,34,120,150,50,51,1,0,22,0.3151429249846842
uniform,34,120,150,50,51,1,0,23,0.3278458139975555
uniform,34,120,150,50,51,1,0,24,0.3424302999919746
uniform,34,120,150,50,51,1,0,25,0.35561376198893413
uniform,34,120,150,50,51,1,0,26,0.36934246798045933
uniform,34,120,150,50,51,1,0,27,0.3823258850025013
uniform,34,120,150,50,51,1,0,28,0.39581836099387147
uniform,34,120,150,50,51,1,0,29,0.409231847996125
uniform,34,120,150,50,51,1,0,30,0.4230403319816105
uniform,34,120,150,50,51,1,0,31,0.43662916898028925
uniform,34,120,150,50,51,1,0,32,0.4508930610027164
uniform,34,120,150,50,51,1,0,33,0.4651586189866066
uniform,34,120,150,50,51,1,0,34,0.47775210899999365
uniform,34,120,150,50,51,1,0,35,0.4907498079992365
uniform,34,120,150,50,51,1,0,36,0.5050814510032069
uniform,34,120,150,50,51,1,0,37,0.5183034329966176
uniform,34,120,150,50,51,1,0,38,0.5318157360015903
uniform,34,120,150,50,51,1,0,39,0.5462093520036433
uniform,34,120,150,50,51,1,0,40,0.5589830029930454
uniform,34,120,150,50,51,1,0,41,0.5719007150037214
uniform,34,120,150,50,51,1,0,42,0.5865307159838267
uniform,34,120,150,50,51,1,0,43,0.5993123539956287
uniform,34,120,150,50,50,0,1,44,0.6128871839900967
uniform,35,250,150,100,101,1,0,1,0.03314963000593707
uniform,35,250,150,100,100,0,1,2,0.061740253993775696
uniform,36,250,150,102,103,1,0,1,0.03043917298782617
uniform,36,250,150,102,103,1,0,2,0.06465840101009235
uniform,36,250,150,102,103,1,0,3,0.09360244800336659
uniform,36,250,150,102,102,0,1,4,0.13122478299192153
uniform,37,120,150,49,50,1,0,1,0.010105381981702521
uniform,37,120,150,49,50,1,0,2,0.02663787399069406
uniform,37,120,150,49,50,1,0,3,0.04216568198171444
uniform,37,120,150,49,50,1,0,4,0.0619049749802798
uniform,37,120,150,49,50,1,0,5,0.07648532898747362
uniform,37,120,150,49,50,1,0,6,0.0946657519962173
uniform,37,120,150,49,50,1,0,7,0.10906733499723487
uniform,37,120,150,49,50,1,0,8,0.12313992599956691
uniform,37,120,150,49,50,1,0,9,0.13654408199363388
uniform,37,120,150,49,50,1,0,10,0.15125840998371132
uniform,37,120,150,49,50,1,0,11,0.16631385500659235
uniform,37,120,150,49,50,1,0,12,0.17966765898745507
uniform,37,120,150,49,50,1,0,13,0.1947675439878367
uniform,37,120,150,49,50,1,0,14,0.2096632269967813
uniform,37,120,150,49,50,1,0,15,0.2234644950076472
uniform,37,120,150,49,50,1,0,16,0.23696274097892456
uniform,37,120,150,49,50,1,0,17,0.250633833988104
uniform,37,120,150,49,50,1,0,18,0.26411034099874087
uniform,37,120,150,49,50,1,0,19,0.2803740069794003
uniform,37,120,150,49,50,1,0,20,0.2996002989821136
uniform,37,120,150,49,50,1,0,21,0.3137172099959571
uniform,37,120,150,49,50,1,0,22,0.3277481459954288
uniform,37,120,150,49,50,1,0,23,0.3413242299866397
uniform,37,120,150,49,50,1,0,24,0.35482357000000775
uniform,37,120,150,49,50,1,0,25,0.3683806709886994
uniform,37,120,150,49,50,1,0,26,0.3822365769883618
uniform,37,120,150,49,50,1,0,27,0.3956161969981622
uniform,37,120,150,49,50,1,0,28,0.41025676400749944
uniform,37,120,150,49,50,1,0,29,0.4245408930000849
uniform,37,120,150,49,50,1,0,30,0.4396148899977561
uniform,37,120,150,49,50,1,0,31,0.46207811299245805
uniform,37,120,150,49,50,1,0,32,0.47748172999126837
uniform,37,120,150,49,50,1,0,33,0.491350558004342
uniform,37,120,150,49,50,1,0,34,0.5058720349916257
uniform,37,120,150,49,50,1,0,35,0.5185923060053028
uniform,37,120,150,49,50,1,0,36,0.5322259329841472
uniform,37,120,150,49,50,1,0,37,0.5454345470061526
uniform,37,120,150,49,50,1,0,38,0.5593908150040079
uniform,37,120,150,49,50,1,0,39,0.5729297449870501
uniform,37,120,150,49,50,1,0,40,0.5865414660074748
uniform,37,120,150,49,50,1,0,41,0.603191476984648
uniform,37,120,150,49,50,1,0,42,0.616648727998836
uniform,37,120,150,49,50,1,0,43,0.63022927599377
uniform,37,120,150,49,50,1,0,44,0.6418553849798627
uniform,37,120,150,49,50,1,0,45,0.6545215859950986
uniform,37,120,150,49,50,1,0,46,0.6692193709895946
uniform,37,120,150,49,50,1,0,47,0.6816903089929838
uniform,37,120,150,49,50,1,0,48,0.6949471439875197
uniform,37,120,150,49,50,1,0,49,0.7088185460015666
uniform,37,120,150,49,50,1,0,50,0.7258692489995155
uniform,37,120,150,49,50,1,0,51,0.7398774010071065
uniform,37,120,150,49,50,1,0,52,0.7551880459941458
uniform,37,120,150,49,50,1,0,53,0.7701440560049377
uniform,37,120,150,49,50,1,0,54,0.7857692969846539
uniform,37,120,150,49,50,1,0,55,0.7995014569896739
uniform,37,120,150,49,49,0,1,56,0.8123633009963669
uniform,38,120,150,46,47,1,0,1,0.0176752999832388
uniform,38,120,150,46,47,1,0,2,0.033988170995144174
uniform,38,120,150,46,47,1,0,3,0.04731608598376624
uniform,38,120,150,46,47,1,0,4,0.060423088987590745
uniform,38,120,150,46,47,1,0,5,0.073573811998358
uniform,38,120,150,46,47,1,0,6,0.09068192599806935
uniform,38,120,150,46,47,1,0,7,0.10395710699958727
uniform,38,120,150,46,47,1,0,8,0.12172513199038804
uniform,38,120,150,46,47,1,0,9,0.1363981849863194
uniform,38,120,150,46,47,1,0,10,0.1492600769852288
uniform,38,120,150,46,47,1,0,11,0.1624582929944154
uniform,38,120,150,46,47,1,0,12,0.17509249900467694
uniform,38,120,150,46,47,1,0,13,0.18763579000369646
uniform,38,120,150,46,47,1,0,14,0.201755507994676
uniform,38,120,150,46,47,1,0,15,0.21611930499784648
uniform,38,120,150,46,47,1,0,16,0.23300089198164642
uniform,38,120,150,46,47,1,0,17,0.24724560798495077
uniform,38,120,150,46,47,1,0,18,0.2639820559998043
uniform,38,120,150,46,47,1,0,19,0.2792256760003511
uniform,38,120,150,46,47,1,0,20,0.2923504549835343
uniform,38,120,150,46,47,1,0,21,0.3096265000058338
uniform,38,120,150,46,47,1,0,22,0.322482988005504
uniform,38,120,150,46,47,1,0,23,0.33516554298694246
uniform,38,120,150,46,47,1,0,24,0.3488099679816514
uniform,38,120,150,46,47,1,0,25,0.36187805800000206
uniform,38,120,150,46,47,1,0,26,0.37852151700644754
uniform,38,120,150,46,47,1,0,27,0.392127522994997
uniform,38,120,150,46,47,1,0,28,0.405291031987872
uniform,38,120,150,46,47,1,0,29,0.4261147810029797
uniform,38,120,150,46,47,1,0,30,0.4401866539847106
uniform,38,120,150,46,47,1,0,31,0.4608150809945073
uniform,38,120,150,46,46,0,1,32,0.4752664109983016
uniform,39,1000,150,404,409,5,0,1,0.46787655900698155
uniform,39,1000,150,404,408,4,0,2,0.7016454600088764
uniform,39,1000,150,404,407,3,0,3,0.983564574009506
uniform,39,1000,150,404,407,3,0,4,1.2616653089935426
uniform,39,1000,150,404,407,3,0,5,1.5048992639931384
uniform,39,1000,150,404,407,3,0,6,1.7468804980162531
uniform,39,1000,150,404,407,3,0,7,1.9687561870086938
uniform,39,1000,150,404,407,3,0,8,2.1915681599930394
uniform,39,1000,150,404,407,3,0,9,2.4212234810111113
uniform,39,1000,150,404,407,3,0,10,2.6592130350181833
uniform,39,1000,150,404,407,3,0,11,2.8956733800005168
uniform,39,1000,150,404,407,3,0,12,3.117230574018322
uniform,39,1000,150,404,407,3,0,13,3.341088529006811
uniform,39,1000,150,404,407,3,0,14,3.572974436014192
uniform,39,1000,150,404,407,3,0,15,3.794267129007494
uniform,39,1000,150,404,407,3,0,16,4.034515686013037
uniform,39,1000,150,404,407,3,0,17,4.306474025011994
uniform,39,1000,150,404,407,3,0,18,4.636310713016428
uniform,39,1000,150,404,407,3,0,19,4.875673464004649
uniform,39,1000,150,404,407,3,0,20,5.162112932011951
uniform,39,1000,150,404,407,3,0,21,5.398980839003343
uniform,39,1000,150,404,407,3,0,22,5.622033015009947
uniform,39,1000,150,404,407,3,0,23,5.872068191005383
uniform,39,1000,150,404,407,3,0,24,6.092123283015098
uniform,39,1000,150,404,407,3,0,25,6.316095904010581
uniform,39,1000,150,404,407,3,0,26,6.614072927011875
uniform,39,1000,150,404,407,3,0,27,6.919399978010915
uniform,39,1000,150,404,407,3,0,28,7.159632149996469
uniform,39,1000,150,404,407,3,0,29,7.399195970996516
uniform,39,1000,150,404,407,3,0,30,7.62710085400613
uniform,39,1000,150,404,407,3,0,31,7.848456214007456
uniform,39,1000,150,404,407,3,0,32,8.077346695994493
uniform,39,1000,150,404,407,3,0,33,8.306743688008282
uniform,39,1000,150,404,407,3,0,34,8.55370743299136
uniform,39,1000,150,404,407,3,0,35,8.783728028007317
uniform,39,1000,150,404,406,2,0,36,9.008730727015063
uniform,39,1000,150,404,406,2,0,37,9.239172685018275
uniform,39,1000,150,404,406,2,0,38,9.470362210005987
uniform,39,1000,150,404,406,2,0,39,9.689283560990589
uniform,39,1000,150,404,406,2,0,40,9.90866389000439
uniform,39,1000,150,404,406,2,0,41,10.128295305999927
uniform,39,1000,150,404,406,2,0,42,10.362187957012793
uniform,39,1000,150,404,406,2,0,43,10.591539201996056
uniform,39,1000,150,404,406,2,0,44,10.830901650013402
uniform,39,1000,150,404,406,2,0,45,11.049636993993772
uniform,39,1000,150,404,406,2,0,46,11.26522189899697
uniform,39,1000,150,404,406,2,0,47,11.515914057992632
uniform,39,1000,150,404,406,2,0,48,11.737926103000063
uniform,39,1000,150,404,406,2,0,49,11.957477435993496
uniform,39,1000,150,404,406,2,0,50,12.177311159000965
uniform,39,1000,150,404,406,2,0,51,12.417162529018242
uniform,39,1000,150,404,406,2,0,52,12.639849097002298
uniform,39,1000,150,404,406,2,0,53,12.859883814991917
uniform,39,1000,150,404,406,2,0,54,13.080812858999707
uniform,39,1000,150,404,406,2,0,55,13.299529559008079
uniform,39,1000,150,404,406,2,0,56,13.519730856991373
uniform,39,1000,150,404,406,2,0,57,13.735593699006131
uniform,39,1000,150,404,406,2,0,58,13.954351679014508
uniform,39,1000,150,404,406,2,0,59,14.170943384000566
uniform,39,1000,150,404,406,2,0,60,14.388739196001552
uniform,39,1000,150,404,406,2,0,61,14.604708080005366
uniform,39,1000,150,404,406,2,0,62,14.844196780002676
uniform,39,1000,150,404,406,2,0,63,15.10235444700811
uniform,39,1000,150,404,406,2,0,64,15.32285420401604
uniform,39,1000,150,404,406,2,0,65,15.543861059995834
uniform,39,1000,150,404,406,2,0,66,15.787538294011028
uniform,39,1000,150,404,406,2,0,67,16.104978804010898
uniform,39,1000,150,404,406,2,0,68,16.342606003017863
uniform,39,1000,150,404,406,2,0,69,16.59310351399472
uniform,39,1000,150,404,406,2,0,70,16.832897624000907
uniform,39,1000,150,404,406,2,0,71,17.062096392997773
uniform,39,1000,150,404,406,2,0,72,17.29794466900057
uniform,39,1000,150,404,406,2,0,73,17.51608714699978
uniform,39,1000,150,404,406,2,0,74,17.737821086018812
uniform,39,1000,150,404,406,2,0,75,17.955399869999383
uniform,39,1000,150,404,406,2,0,76,18.16689783500624
uniform,39,1000,150,404,406,2,0,77,18.386168689990882
uniform,39,1000,150,404,406,2,0,78,18.611922415992012
uniform,39,1000,150,404,406,2,0,79,18.85670453601051
uniform,39,1000,150,404,406,2,0,80,19.072512700018706
uniform,39,1000,150,404,406,2,0,81,19.283481624006527
uniform,39,1000,150,404,406,2,0,82,19.51052263699239
uniform,39,1000,150,404,406,2,0,83,19.772943393007154
uniform,39,1000,150,404,406,2,0,84,20.01821576699149
uniform,39,1000,150,404,406,2,0,85,20.284213156992337
uniform,39,1000,150,404,406,2,0,86,20.530750620004255
uniform,39,1000,150,404,406,2,0,87,20.750021843996365
uniform,39,1000,150,404,406,2,0,88,20.96095932801836
uniform,39,1000,150,404,406,2,0,89,21.199584064015653
uniform,39,1000,150,404,406,2,0,90,21.478965448011877
uniform,39,1000,150,404,406,2,0,91,21.690497906995006
uniform,39,1000,150,404,406,2,0,92,21.902868349017808
uniform,39,1000,150,404,406,2,0,93,22.13921742400271
uniform,39,1000,150,404,406,2,0,94,22.368000746995676
uniform,39,1000,150,404,406,2,0,95,22.577887326013297
uniform,39,1000,150,404,406,2,0,96,22.787017513997853
uniform,39,1000,150,404,406,2,0,97,23.05358394701034
uniform,39,1000,150,404,406,2,0,98,23.263088528008666
uniform,39,1000,150,404,406,2,0,99,23.47449425200466
uniform,39,1000,150,404,406,2,0,100,23.684673750016373
uniform,39,1000,150,404,406,2,0,101,23.893454483011737
uniform,39,1000,150,404,406,2,0,102,24.10631928301882
uniform,39,1000,150,404,406,2,0,103,24.327257691009436
uniform,39,1000,150,404,406,2,0,104,24.55749220601865
uniform,39,1000,150,404,406,2,0,105,24.775226299010683
uniform,39,1000,150,404,406,2,0,106,24.983832205005456
uniform,39,1000,150,404,406,2,0,107,25.196750408009393
uniform,39,1000,150,404,406,2,0,108,25.414729056006763
uniform,39,1000,150,404,406,2,0,109,25.642350198002532
uniform,39,1000,150,404,406,2,0,110,25.86990954101202
uniform,39,1000,150,404,406,2,0,111,26.102677729009883
uniform,39,1000,150,404,406,2,0,112,26.340446943999268
uniform,39,1000,150,404,406,2,0,113,26.564702973002568
uniform,39,1000,150,404,406,2,0,114,26.795162544993218
uniform,39,1000,150,404,406,2,0,115,27.004743301018607
uniform,39,1000,150,404,406,2,0,116,27.22403026500251
uniform,39,1000,150,404,406,2,0,117,27.44105369099998
uniform,39,1000,150,404,406,2,0,118,27.68705332800164
uniform,39,1000,150,404,406,2,0,119,27.920750262012007
uniform,39,1000,150,404,406,2,0,120,28.16488134500105
uniform,39,1000,150,404,406,2,0,121,28.399278008000692
uniform,39,1000,150,404,406,2,0,122,28.63273070799187
uniform,39,1000,150,404,406,2,0,123,28.84806065299199
uniform,39,1000,150,404,406,2,0,124,29.109848366992082
uniform,39,1000,150,404,406,2,0,125,29.344035860995064
uniform,39,1000,150,404,406,2,0,126,29.553677438001614
uniform,39,1000,150,404,406,2,0,127,29.762354931997834
uniform,39,1000,150,404,406,2,0,128,30.010751138004707
uniform,39,1000,150,404,406,2,0,129,30.27882481299457
uniform,39,1000,150,404,406,2,0,130,30.554949629004113
uniform,39,1000,150,404,405,1,0,131,30.782956693990855
uniform,39,1000,150,404,405,1,0,132,31.000976203009486
uniform,39,1000,150,404,405,1,0,133,31.234584535995964
uniform,39,1000,150,404,405,1,0,134,31.458253404009156
uniform,39,1000,150,404,405,1,0,135,31.667895986000076
uniform,39,1000,150,404,405,1,0,136,31.875427546998253
uniform,39,1000,150,404,405,1,0,137,32.089870563009754
uniform,39,1000,150,404,405,1,0,138,32.298093199002324
uniform,39,1000,150,404,405,1,0,139,32.52341299201362
uniform,39,1000,150,404,405,1,0,140,32.731421035015956
uniform,39,1000,150,404,405,1,0,141,32.94568491799873
uniform,39,1000,150,404,405,1,0,142,33.165026028000284
uniform,39,1000,150,404,405,1,0,143,33.37552343701827
uniform,39,1000,150,404,405,1,0,144,33.58413136101444
uniform,39,1000,150,404,405,1,0,145,33.78910611500032
uniform,39,1000,150,404,405,1,0,146,34.01036154900794
uniform,39,1000,150,404,405,1,0,147,34.21750888400129
uniform,39,1000,150,404,405,1,0,148,34.43578281800728
uniform,39,1000,150,404,405,1,0,149,34.644592777010985
uniform,39,1000,150,404,405,1,0,150,34.85039294799208
uniform,39,1000,150,404,405,1,0,151,35.061196246999316
uniform,39,1000,150,404,405,1,0,152,35.280114199995296
uniform,39,1000,150,404,405,1,0,153,35.49248606900801
uniform,39,1000,150,404,405,1,0,154,35.70380827100598
uniform,39,1000,150,404,405,1,0,155,35.92707029101439
uniform,39,1000,150,404,405,1,0,156,36.15696301899152
uniform,39,1000,150,404,405,1,0,157,36.36249579701689
uniform,39,1000,150,404,405,1,0,158,36.56708680099109
uniform,39,1000,150,404,405,1,0,159,36.77437695200206
uniform,39,1000,150,404,405,1,0,160,36.99213947801036
uniform,39,1000,150,404,405,1,0,161,37.22738197000581
uniform,39,1000,150,404,405,1,0,162,37.43395537001197
uniform,39,1000,150,404,405,1,0,163,37.65189930101042
uniform,39,1000,150,404,405,1,0,164,37.8564655680093
uniform,39,1000,150,404,405,1,0,165,38.06498708599247
uniform,39,1000,150,404,405,1,0,166,38.27072848100215
uniform,39,1000,150,404,405,1,0,167,38.48287789800088
uniform,39,1000,150,404,405,1,0,168,38.700041738018626
uniform,39,1000,150,404,405,1,0,169,38.922897965996526
uniform,39,1000,150,404,405,1,0,170,39.13573367500794
uniform,39,1000,150,404,405,1,0,171,39.341343067993876
uniform,39,1000,150,404,405,1,0,172,39.55726795599912
uniform,39,1000,150,404,405,1,0,173,39.782323060993804
uniform,39,1000,150,404,405,1,0,174,39.99634079899988
uniform,39,1000,150,404,405,1,0,175,40.23219343699748
uniform,39,1000,150,404,405,1,0,176,40.456534758006455
uniform,39,1000,150,404,405,1,0,177,40.67299928201828
uniform,39,1000,150,404,405,1,0,178,40.906839178001974
uniform,39,1000,150,404,405,1,0,179,41.152780513017206
uniform,39,1000,150,404,405,1,0,180,41.38577496999642
uniform,39,1000,150,404,405,1,0,181,41.61268931499217
uniform,39,1000,150,404,405,1,0,182,41.827999561995966
uniform,39,1000,150,404,405,1,0,183,42.067739616992185
uniform,39,1000,150,404,405,1,0,184,42.28197269301745
uniform,39,1000,150,404,405,1,0,185,42.50488820800092
uniform,39,1000,150,404,405,1,0,186,42.728666059003444
uniform,39,1000,150,404,405,1,0,187,42.938460856006714
uniform,39,1000,150,404,405,1,0,188,43.152349120995495
uniform,39,1000,150,404,405,1,0,189,43.37049602001207
uniform,39,1000,150,404,405,1,0,190,43.63799945099163
uniform,39,1000,150,404,405,1,0,191,43.877348445006646
uniform,39,1000,150,404,405,1,0,192,44.1019064669963
uniform,39,1000,150,404,405,1,0,193,44.30692547300714
uniform,39,1000,150,404,405,1,0,194,44.51133969199145
uniform,39,1000,150,404,405,1,0,195,44.729658304015175
uniform,39,1000,150,404,405,1,0,196,44.932896190992324
uniform,39,1000,150,404,405,1,0,197,45.160955141996965
uniform,39,1000,150,404,405,1,0,198,45.368173452996416
uniform,39,1000,150,404,405,1,0,199,45.585782373003894
uniform,39,1000,150,404,405,1,0,200,45.79449136601761
uniform,39,1000,150,404,405,1,0,201,46.02115333700203
uniform,39,1000,150,404,405,1,0,202,46.22493395101628
uniform,39,1000,150,404,405,1,0,203,46.551034188014455
uniform,39,1000,150,404,405,1,0,204,46.79838522200589
uniform,39,1000,150,404,405,1,0,205,47.0515712260094
uniform,39,1000,150,404,405,1,0,206,47.26443338801619
uniform,39,1000,150,404,405,1,0,207,47.47827223301283
uniform,39,1000,150,404,405,1,0,208,47.69198687199969
uniform,39,1000,150,404,405,1,0,209,47.90298646100564
uniform,39,1000,150,404,405,1,0,210,48.14778568301699
uniform,39,1000,150,404,405,1,0,211,48.399532265000744
uniform,39,1000,150,404,405,1,0,212,48.63379928300856
uniform,39,1000,150,404,405,1,0,213,48.84951063201879
uniform,39,1000,150,404,405,1,0,214,49.054318768990925
uniform,39,1000,150,404,405,1,0,215,49.25773740300792
uniform,39,1000,150,404,405,1,0,216,49.462549015006516
uniform,39,1000,150,404,405,1,0,217,49.69626614500885
uniform,39,1000,150,404,405,1,0,218,49.904402871005004
uniform,39,1000,150,404,405,1,0,219,50.107647761004046
uniform,39,1000,150,404,405,1,0,220,50.33231604000321
uniform,39,1000,150,404,405,1,0,221,50.538656352990074
uniform,39,1000,150,404,405,1,0,222,50.76526046299841
uniform,39,1000,150,404,405,1,0,223,50.97246803500457
uniform,39,1000,150,404,405,1,0,224,51.19915513400338
uniform,39,1000,150,404,405,1,0,225,51.410166026005754
uniform,39,1000,150,404,405,1,0,226,51.62518601899501
uniform,39,1000,150,404,405,1,0,227,51.83228412200697
uniform,39,1000,150,404,405,1,0,228,52.03345861801063
uniform,39,1000,150,404,405,1,0,229,52.25703457300551
uniform,39,1000,150,404,405,1,0,230,52.46712821800611
uniform,39,1000,150,404,405,1,0,231,52.66898798701004
uniform,39,1000,150,404,405,1,0,232,52.87495198001852
uniform,39,1000,150,404,405,1,0,233,53.0838891119929
uniform,39,1000,150,404,405,1,0,234,53.32612692701514
uniform,39,1000,150,404,405,1,0,235,53.547545455017826
uniform,39,1000,150,404,405,1,0,236,53.78214269201271
uniform,39,1000,150,404,405,1,0,237,54.019398074015044
uniform,39,1000,150,404,405,1,0,238,54.23443980200682
uniform,39,1000,150,404,405,1,0,239,54.44241281200084
uniform,39,1000,150,404,405,1,0,240,54.66061472799629
uniform,39,1000,150,404,405,1,0,241,54.88640356200631
uniform,39,1000,150,404,405,1,0,242,55.09114690401475
uniform,39,1000,150,404,405,1,0,243,55.305660604994046
uniform,39,1000,150,404,405,1,0,244,55.54060340000433
uniform,39,1000,150,404,405,1,0,245,55.754648041998735
uniform,39,1000,150,404,405,1,0,246,55.98210166301578
uniform,39,1000,150,404,405,1,0,247,56.19485922300373
uniform,39,1000,150,404,405,1,0,248,56.43402020900976
uniform,39,1000,150,404,405,1,0,249,56.66667983299703
uniform,39,1000,150,404,405,1,0,250,56.90026926601422
uniform,39,1000,150,404,405,1,0,251,57.132186364004156
uniform,39,1000,150,404,405,1,0,252,57.3488094760105
uniform,39,1000,150,404,405,1,0,253,57.55131341901142
uniform,39,1000,150,404,405,1,0,254,57.7769144460035
uniform,39,1000,150,404,405,1,0,255,57.98437517200364
uniform,39,1000,150,404,405,1,0,256,58.19178676701267
uniform,39,1000,150,404,405,1,0,257,58.409933704009745
uniform,39,1000,150,404,405,1,0,258,58.6140378130076
uniform,39,1000,150,404,405,1,0,259,58.84465447301045
uniform,39,1000,150,404,405,1,0,260,59.05273123100051
uniform,39,1000,150,404,405,1,0,261,59.270858833013335
uniform,39,1000,150,404,405,1,0,262,59.47325662599178
uniform,39,1000,150,404,405,1,0,263,59.6751854220056
uniform,39,1000,150,404,405,1,0,264,59.87363819099846
uniform,39,1000,150,404,405,1,0,265,60.095855232008034
uniform,39,1000,150,404,405,1,0,266,60.314967614016496
uniform,39,1000,150,404,405,1,0,267,60.567623445997015
uniform,39,1000,150,404,405,1,0,268,60.77429194599972
uniform,39,1000,150,404,405,1,0,269,60.98735693699564
uniform,39,1000,150,404,405,1,0,270,61.18579572599265
uniform,39,1000,150,404,405,1,0,271,61.386219567997614
uniform,39,1000,150,404,405,1,0,272,61.58888450099039
uniform,39,1000,150,404,405,1,0,273,61.79631981701823
uniform,39,1000,150,404,405,1,0,274,61.995562216994585
uniform,39,1000,150,404,405,1,0,275,62.19798169200658
uniform,39,1000,150,404,405,1,0,276,62.405616464995546
uniform,39,1000,150,404,405,1,0,277,62.60843923300854
uniform,39,1000,150,404,405,1,0,278,62.81666882199352
uniform,39,1000,150,404,405,1,0,279,63.02823737100698
uniform,39,1000,150,404,405,1,0,280,63.23835500399582
uniform,39,1000,150,404,405,1,0,281,63.441995260014664
uniform,39,1000,150,404,405,1,0,282,63.6540560600115
uniform,39,1000,150,404,405,1,0,283,63.857478624006035
uniform,39,1000,150,404,405,1,0,284,64.05852715400397
uniform,39,1000,150,404,405,1,0,285,64.27158642499126
uniform,39,1000,150,404,405,1,0,286,64.49730636799359
uniform,39,1000,150,404,405,1,0,287,64.70719837900833
uniform,39,1000,150,404,405,1,0,288,64.93465650099097
uniform,39,1000,150,404,405,1,0,289,65.17356202600058
uniform,39,1000,150,404,405,1,0,290,65.38260129501577
uniform,39,1000,150,404,405,1,0,291,65.59192795000854
uniform,39,1000,150,404,405,1,0,292,65.79250064500957
uniform,39,1000,150,404,405,1,0,293,65.99483398901066
uniform,39,1000,150,404,405,1,0,294,66.1924031600065
uniform,39,1000,150,404,405,1,0,295,66.40179198101396
uniform,39,1000,150,404,405,1,0,296,66.60133669700008
uniform,39,1000,150,404,405,1,0,297,66.8087658949953
uniform,39,1000,150,404,405,1,0,298,67.01079044200014
uniform,39,1000,150,404,405,1,0,299,67.22006953900564
uniform,39,1000,150,404,405,1,0,300,67.41836252101348
uniform,39,1000,150,404,405,1,0,301,67.62008915600018
uniform,39,1000,150,404,405,1,0,302,67.83842017900315
uniform,39,1000,150,404,405,1,0,303,68.05043994900188
uniform,39,1000,150,404,405,1,0,304,68.25537707700278
uniform,39,1000,150,404,405,1,0,305,68.45956123399083
uniform,39,1000,150,404,405,1,0,306,68.68020143301692
uniform,39,1000,150,404,405,1,0,307,68.88100763599505
uniform,39,1000,150,404,405,1,0,308,69.10393421800109
uniform,39,1000,150,404,405,1,0,309,69.34231692401227
uniform,39,1000,150,404,405,1,0,310,69.54523830700782
uniform,39,1000,150,404,405,1,0,311,69.75276145199314
uniform,39,1000,150,404,405,1,0,312,69.95542092999676
uniform,39,1000,150,404,405,1,0,313,70.15407663199585
uniform,39,1000,150,404,405,1,0,314,70.3456550599949
uniform,39,1000,150,404,405,1,0,315,70.54713170800824
uniform,39,1000,150,404,405,1,0,316,70.74590959801571
uniform,39,1000,150,404,405,1,0,317,70.95670556501136
uniform,39,1000,150,404,405,1,0,318,71.15627334799501
uniform,39,1000,150,404,405,1,0,319,71.36510444799205
uniform,39,1000,150,404,405,1,0,320,71.57264355599182
uniform,39,1000,150,404,405,1,0,321,71.7807813519903
uniform,39,1000,150,404,405,1,0,322,71.99584333499661
uniform,39,1000,150,404,405,1,0,323,72.19794717399054
uniform,39,1000,150,404,405,1,0,324,72.39624811700196
uniform,39,1000,150,404,405,1,0,325,72.59923940201406
uniform,39,1000,150,404,405,1,0,326,72.81655305501772
uniform,39,1000,150,404,405,1,0,327,73.01678495499073
uniform,39,1000,150,404,405,1,0,328,73.23969337000744
uniform,39,1000,150,404,405,1,0,329,73.47423073099344
uniform,39,1000,150,404,405,1,0,330,73.69886561401654
uniform,39,1000,150,404,405,1,0,331,73.90882247500122
uniform,39,1000,150,404,405,1,0,332,74.17021509600454
uniform,39,1000,150,404,405,1,0,333,74.37798718400882
uniform,39,1000,150,404,405,1,0,334,74.59870119701372
uniform,39,1000,150,404,405,1,0,335,74.79814542399254
uniform,39,1000,150,404,405,1,0,336,75.0205392469943
uniform,39,1000,150,404,405,1,0,337,75.24031498900149
uniform,39,1000,150,404,405,1,0,338,75.4658309709921
uniform,39,1000,150,404,405,1,0,339,75.7188398700091
uniform,39,1000,150,404,405,1,0,340,75.96110098299687
uniform,39,1000,150,404,405,1,0,341,76.19299568599672
uniform,39,1000,150,404,405,1,0,342,76.40831035599695
uniform,39,1000,150,404,405,1,0,343,76.61973227700219
uniform,39,1000,150,404,405,1,0,344,76.81762307899771
uniform,39,1000,150,404,405,1,0,345,77.01858761601034
uniform,39,1000,150,404,405,1,0,346,77.22022042400204
uniform,39,1000,150,404,405,1,0,347,77.42066138499649
uniform,39,1000,150,404,405,1,0,348,77.63576433400158
uniform,39,1000,150,404,405,1,0,349,77.84060571400914
uniform,39,1000,150,404,405,1,0,350,78.05826167500345
uniform,39,1000,150,404,405,1,0,351,78.26131583799724
uniform,39,1000,150,404,405,1,0,352,78.46528429799946
uniform,39,1000,150,404,405,1,0,353,78.70045034700888
uniform,39,1000,150,404,405,1,0,354,78.91885101000662
uniform,39,1000,150,404,405,1,0,355,79.12669589999132
uniform,39,1000,150,404,405,1,0,356,79.33071203701547
uniform,39,1000,150,404,405,1,0,357,79.53269234800246
uniform,39,1000,150,404,405,1,0,358,79.73399599199183
uniform,39,1000,150,404,404,0,1,359,80.04601030700724
uniform,40,1000,150,396,400,4,0,1,0.4363131349964533
uniform,40,1000,150,396,399,3,0,2,0.7063357240112964
uniform,40,1000,150,396,399,3,0,3,0.9520598250092007
uniform,40,1000,150,396,398,2,0,4,1.2302663039881736
uniform,40,1000,150,396,398,2,0,5,1.4991964969958644
uniform,40,1000,150,396,398,2,0,6,1.7410660019959323
uniform,40,1000,150,396,398,2,0,7,1.9756521439994685
uniform,40,1000,150,396,398,2,0,8,2.209189602988772
uniform,40,1000,150,396,398,2,0,9,2.4397758950071875
uniform,40,1000,150,396,398,2,0,10,2.663178271992365
uniform,40,1000,150,396,398,2,0,11,2.8863099130103365
uniform,40,1000,150,396,398,2,0,12,3.1118990200047847
uniform,40,1000,150,396,398,2,0,13,3.334274530992843
uniform,40,1000,150,396,398,2,0,14,3.5551541289896704
uniform,40,1000,150,396,398,2,0,15,3.7798885479860473
uniform,40,1000,150,396,398,2,0,16,4.0342789409914985
uniform,40,1000,150,396,398,2,0,17,4.269566087983549
uniform,40,1000,150,396,398,2,0,18,4.494637321011396
uniform,40,1000,150,396,398,2,0,19,4.7171611599915195
uniform,40,1000,150,396,398,2,0,20,4.94906624298892
uniform,40,1000,150,396,398,2,0,21,5.192526884988183
uniform,40,1000,150,396,398,2,0,22,5.416232832008973
uniform,40,1000,150,396,398,2,0,23,5.639708483009599
uniform,40,1000,150,396,398,2,0,24,5.943464045994915
uniform,40,1000,150,396,398,2,0,25,6.171083922992693
uniform,40,1000,150,396,398,2,0,26,6.434792935993755
uniform,40,1000,150,396,398,2,0,27,6.680778607988032
uniform,40,1000,150,396,398,2,0,28,6.919680446997518
uniform,40,1000,150,396,398,2,0,29,7.172006651002448
uniform,40,1000,150,396,398,2,0,30,7.404734406998614
uniform,40,1000,150,396,398,2,0,31,7.662491533992579
uniform,40,1000,150,396,398,2,0,32,7.891151513002114
uniform,40,1000,150,396,398,2,0,33,8.11922332100221
uniform,40,1000,150,396,398,2,0,34,8.365121999988332
uniform,40,1000,150,396,398,2,0,35,8.604218229011167
uniform,40,1000,150,396,398,2,0,36,8.825244735984597
uniform,40,1000,150,396,398,2,0,37,9.04418775299564
uniform,40,1000,150,396,398,2,0,38,9.286048720008694
uniform,40,1000,150,396,398,2,0,39,9.504704802995548
uniform,40,1000,150,396,398,2,0,40,9.724770644010277
uniform,40,1000,150,396,398,2,0,41,9.96616178698605
uniform,40,1000,150,396,398,2,0,42,10.232440188992769
uniform,40,1000,150,396,398,2,0,43,10.461165982007515
uniform,40,1000,150,396,398,2,0,44,10.682948778005084
uniform,40,1000,150,396,398,2,0,45,10.9083162950119
uniform,40,1000,150,396,398,2,0,46,11.122165189008228
uniform,40,1000,150,396,398,2,0,47,11.384059718984645
uniform,40,1000,150,396,398,2,0,48,11.66372788901208
uniform,40,1000,150,396,397,1,0,49,11.890517155989073
uniform,40,1000,150,396,397,1,0,50,12.12447259799228
uniform,40,1000,150,396,397,1,0,51,12.350112051004544
uniform,40,1000,150,396,397,1,0,52,12.56715527299093
uniform,40,1000,150,396,397,1,0,53,12.788060783001129
uniform,40,1000,150,396,397,1,0,54,13.010019631008618
uniform,40,1000,150,396,397,1,0,55,13.234672850987408
uniform,40,1000,150,396,397,1,0,56,13.45204757899046
uniform,40,1000,150,396,397,1,0,57,13.699910778988851
uniform,40,1000,150,396,397,1,0,58,13.928061416983837
uniform,40,1000,150,396,397,1,0,59,14.14191964699421
uniform,40,1000,150,396,397,1,0,60,14.363246597000398
uniform,40,1000,150,396,397,1,0,61,14.580672682990553
uniform,40,1000,150,396,397,1,0,62,14.828205513011198
uniform,40,1000,150,396,397,1,0,63,15.060732823010767
uniform,40,1000,150,396,397,1,0,64,15.272609484003624
uniform,40,1000,150,396,397,1,0,65,15.49945898700389
uniform,40,1000,150,396,397,1,0,66,15.735550629004138
uniform,40,1000,150,396,397,1,0,67,15.952349453000352
uniform,40,1000,150,396,397,1,0,68,16.253836288000457
uniform,40,1000,150,396,397,1,0,69,16.51816852198681
uniform,40,1000,150,396,397,1,0,70,16.753945014002966
uniform,40,1000,150,396,397,1,0,71,16.967690455989214
uniform,40,1000,150,396,397,1,0,72,17.24141315498855
uniform,40,1000,150,396,397,1,0,73,17.456471070006955
uniform,40,1000,150,396,397,1,0,74,17.68041136401007
uniform,40,1000,150,396,397,1,0,75,17.91091013100231
uniform,40,1000,150,396,397,1,0,76,18.184390003007138
uniform,40,1000,150,396,397,1,0,77,18.414782109000953
uniform,40,1000,150,396,397,1,0,78,18.645098724984564
uniform,40,1000,150,396,397,1,0,79,18.85759795398917
uniform,40,1000,150,396,397,1,0,80,19.153700463008136
uniform,40,1000,150,396,397,1,0,81,19.412982262001606
uniform,40,1000,150,396,397,1,0,82,19.614835473010316
uniform,40,1000,150,396,397,1,0,83,19.829161450994434
uniform,40,1000,150,396,397,1,0,84,20.036879632010823
uniform,40,1000,150,396,397,1,0,85,20.257257447985467
uniform,40,1000,150,396,397,1,0,86,20.498982583987527
uniform,40,1000,150,396,397,1,0,87,20.733031606010627
uniform,40,1000,150,396,397,1,0,88,20.975066071987385
uniform,40,1000,150,396,397,1,0,89,21.189087432983797
uniform,40,1000,150,396,397,1,0,90,21.40239199300413
uniform,40,1000,150,396,397,1,0,91,21.612705373991048
uniform,40,1000,150,396,397,1,0,92,21.84586973898695
uniform,40,1000,150,396,397,1,0,93,22.076930204988457
uniform,40,1000,150,396,397,1,0,94,22.297847628011368
uniform,40,1000,150,396,397,1,0,95,22.521678354998585
uniform,40,1000,150,396,397,1,0,96,22.75804373199935
uniform,40,1000,150,396,397,1,0,97,22.96692421499756
uniform,40,1000,150,396,397,1,0,98,23.198541360005038
uniform,40,1000,150,396,397,1,0,99,23.409438063012203
uniform,40,1000,150,396,397,1,0,100,23.629096004995517
uniform,40,1000,150,396,397,1,0,101,23.849584281997522
uniform,40,1000,150,396,397,1,0,102,24.061427117994754
uniform,40,1000,150,396,397,1,0,103,24.307195542001864
uniform,40,1000,150,396,397,1,0,104,24.51943692698842
uniform,40,1000,150,396,397,1,0,105,24.730367518990533
uniform,40,1000,150,396,397,1,0,106,24.980254377995152
uniform,40,1000,150,396,397,1,0,107,25.198991004988784
uniform,40,1000,150,396,397,1,0,108,25.4202649880026
uniform,40,1000,150,396,397,1,0,109,25.633795801986707
uniform,40,1000,150,396,397,1,0,110,25.888024479005253
uniform,40,1000,150,396,397,1,0,111,26.096665415010648
uniform,40,1000,150,396,397,1,0,112,26.304561246011872
uniform,40,1000,150,396,397,1,0,113,26.523669304995565
uniform,40,1000,150,396,397,1,0,114,26.758154598006513
uniform,40,1000,150,396,397,1,0,115,26.980611723993206
uniform,40,1000,150,396,397,1,0,116,27.19181162500172
uniform,40,1000,150,396,397,1,0,117,27.420660576986847
uniform,40,1000,150,396,397,1,0,118,27.648052773001837
uniform,40,1000,150,396,397,1,0,119,27.873256455000956
uniform,40,1000,150,396,397,1,0,120,28.117153705010423
uniform,40,1000,150,396,397,1,0,121,28.333999396010768
uniform,40,1000,150,396,397,1,0,122,28.549866904999362
uniform,40,1000,150,396,397,1,0,123,28.774576741998317
uniform,40,1000,150,396,396,0,1,124,29.000534693012014
uniform,41,1000,150,399,402,3,0,1,0.43277972799842246
uniform,41,1000,150,399,401,2,0,2,0.6854523720103316
uniform,41,1000,150,399,401,2,0,3,0.9155415180139244
uniform,41,1000,150,399,401,2,0,4,1.1397126119991299
uniform,41,1000,150,399,401,2,0,5,1.4036964480183087
uniform,41,1000,150,399,401,2,0,6,1.6285640010028146
uniform,41,1000,150,399,401,2,0,7,1.8615877620177343
uniform,41,1000,150,399,401,2,0,8,2.0996520339976996
uniform,41,1000,150,399,401,2,0,9,2.327977231994737
uniform,41,1000,150,399,401,2,0,10,2.5745740389975253
uniform,41,1000,150,399,401,2,0,11,2.812311112997122
uniform,41,1000,150,399,401,2,0,12,3.054869562998647
uniform,41,1000,150,399,401,2,0,13,3.311604771995917
uniform,41,1000,150,399,400,1,0,14,3.6133172679983545
uniform,41,1000,150,399,400,1,0,15,3.8640530339907855
uniform,41,1000,150,399,400,1,0,16,4.089532676007366
uniform,41,1000,150,399,400,1,0,17,4.326421234989539
uniform,41,1000,150,399,400,1,0,18,4.5512547089892905
uniform,41,1000,150,399,400,1,0,19,4.816310813010205
uniform,41,1000,150,399,400,1,0,20,5.039081919007003
uniform,41,1000,150,399,400,1,0,21,5.271100097015733
uniform,41,1000,150,399,400,1,0,22,5.512205864011776
uniform,41,1000,150,399,400,1,0,23,5.784682350000367
uniform,41,1000,150,399,400,1,0,24,6.01568474501255
uniform,41,1000,150,399,400,1,0,25,6.233082516002469
uniform,41,1000,150,399,400,1,0,26,6.469517092016758
uniform,41,1000,150,399,400,1,0,27,6.710500785993645
uniform,41,1000,150,399,400,1,0,28,6.936502949014539
uniform,41,1000,150,399,400,1,0,29,7.153146839002147
uniform,41,1000,150,399,400,1,0,30,7.406248901010258
uniform,41,1000,150,399,400,1,0,31,7.662856056995224
uniform,41,1000,150,399,400,1,0,32,7.886102771997685
uniform,41,1000,150,399,400,1,0,33,8.11436399500235
uniform,41,1000,150,399,400,1,0,34,8.342466313013574
uniform,41,1000,150,399,400,1,0,35,8.56949387100758
uniform,41,1000,150,399,400,1,0,36,8.79183254999225
uniform,41,1000,150,399,400,1,0,37,9.020593983004801
uniform,41,1000,150,399,400,1,0,38,9.242822571017314
uniform,41,1000,150,399,400,1,0,39,9.503533809009241
uniform,41,1000,150,399,400,1,0,40,9.742600881989347
uniform,41,1000,150,399,400,1,0,41,9.985368719004327
uniform,41,1000,150,399,400,1,0,42,10.262630348996026
uniform,41,1000,150,399,400,1,0,43,10.486565497005358
uniform,41,1000,150,399,400,1,0,44,10.703593963000458
uniform,41,1000,150,399,400,1,0,45,10.968763408018276
uniform,41,1000,150,399,400,1,0,46,11.227819473017007
uniform,41,1000,150,399,400,1,0,47,11.4669563480129
uniform,41,1000,150,399,400,1,0,48,11.688152827991871
uniform,41,1000,150,399,400,1,0,49,11.926355236995732
uniform,41,1000,150,399,400,1,0,50,12.143502810009522
uniform,41,1000,150,399,400,1,0,51,12.36314005200984
uniform,41,1000,150,399,400,1,0,52,12.57960954401642
uniform,41,1000,150,399,400,1,0,53,12.813691139017465
uniform,41,1000,150,399,400,1,0,54,13.04249161601183
uniform,41,1000,150,399,400,1,0,55,13.259524076012895
uniform,41,1000,150,399,400,1,0,56,13.513701687013963
uniform,41,1000,150,399,400,1,0,57,13.751471547991969
uniform,41,1000,150,399,400,1,0,58,13.998779848014237
uniform,41,1000,150,399,400,1,0,59,14.269928298017476
uniform,41,1000,150,399,400,1,0,60,14.505392730003223
uniform,41,1000,150,399,399,0,1,61,14.71771536799497
uniform,42,500,150,200,202,2,0,1,0.1224825450044591
uniform,42,500,150,200,202,2,0,2,0.18873609200818464
uniform,42,500,150,200,202,2,0,3,0.26777003100141883
uniform,42,500,150,200,202,2,0,4,0.3480517200077884
uniform,42,500,150,200,201,1,0,5,0.43091667399858125
uniform,42,500,150,200,201,1,0,6,0.4969947340141516
uniform,42,500,150,200,201,1,0,7,0.5623976390052121
uniform,42,500,150,200,201,1,0,8,0.6410881729971152
uniform,42,500,150,200,201,1,0,9,0.705929424992064
uniform,42,500,150,200,201,1,0,10,0.7781090649950784
uniform,42,500,150,200,201,1,0,11,0.8460959029907826
uniform,42,500,150,200,201,1,0,12,0.9241931890137494
uniform,42,500,150,200,201,1,0,13,0.988290662993677
uniform,42,500,150,200,201,1,0,14,1.0524054499983322
uniform,42,500,150,200,201,1,0,15,1.132486009009881
uniform,42,500,150,200,201,1,0,16,1.196896036999533
uniform,42,500,150,200,201,1,0,17,1.2618177070107777
uniform,42,500,150,200,201,1,0,18,1.3276357320137322
uniform,42,500,150,200,201,1,0,19,1.394671117013786
uniform,42,500,150,200,201,1,0,20,1.4677182610030286
uniform,42,500,150,200,201,1,0,21,1.5365675619977992
uniform,42,500,150,200,201,1,0,22,1.6060468780051451
uniform,42,500,150,200,201,1,0,23,1.684183623001445
uniform,42,500,150,200,201,1,0,24,1.753399120992981
uniform,42,500,150,200,201,1,0,25,1.8280131260107737
uniform,42,500,150,200,201,1,0,26,1.8927766479901038
uniform,42,500,150,200,201,1,0,27,1.9556218429934233
uniform,42,500,150,200,201,1,0,28,2.0208402859861962
uniform,42,500,150,200,201,1,0,29,2.0828476719907485
uniform,42,500,150,200,201,1,0,30,2.1458405280136503
uniform,42,500,150,200,201,1,0,31,2.2083272220043
uniform,42,500,150,200,201,1,0,32,2.270993282989366
uniform,42,500,150,200,201,1,0,33,2.3382417029934004
uniform,42,500,150,200,201,1,0,34,2.4107436549966224
uniform,42,500,150,200,201,1,0,35,2.474208252999233
uniform,42,500,150,200,201,1,0,36,2.5499883299926296
uniform,42,500,150,200,201,1,0,37,2.625735409994377
uniform,42,500,150,200,201,1,0,38,2.6961420360021293
uniform,42,500,150,200,201,1,0,39,2.7614758500130847
uniform,42,500,150,200,201,1,0,40,2.8316280719882343
uniform,42,500,150,200,201,1,0,41,2.898711096000625
uniform,42,500,150,200,201,1,0,42,2.9643104000133462
uniform,42,500,150,200,201,1,0,43,3.0348582960141357
uniform,42,500,150,200,201,1,0,44,3.121302673011087
uniform,42,500,150,200,201,1,0,45,3.193737636989681
uniform,42,500,150,200,201,1,0,46,3.2694741130108014
uniform,42,500,150,200,201,1,0,47,3.334449235990178
uniform,42,500,150,200,201,1,0,48,3.3964250099961646
uniform,42,500,150,200,201,1,0,49,3.457885896990774
uniform,42,500,150,200,201,1,0,50,3.5262270029925276
uniform,42,500,150,200,201,1,0,51,3.598585103987716
uniform,42,500,150,200,201,1,0,52,3.662905345001491
uniform,42,500,150,200,201,1,0,53,3.729401930992026
uniform,42,500,150,200,201,1,0,54,3.80549662100384
uniform,42,500,150,200,201,1,0,55,3.8674984610115644
uniform,42,500,150,200,201,1,0,56,3.9332403320004232
uniform,42,500,150,200,201,1,0,57,3.995302104012808
uniform,42,500,150,200,201,1,0,58,4.081544437009143
uniform,42,500,150,200,201,1,0,59,4.16369460299029
uniform,42,500,150,200,201,1,0,60,4.23813727099332
uniform,42,500,150,200,201,1,0,61,4.300650057004532
uniform,42,500,150,200,201,1,0,62,4.361053547996562
uniform,42,500,150,200,201,1,0,63,4.421091764990706
uniform,42,500,150,200,201,1,0,64,4.484372203995008
uniform,42,500,150,200,201,1,0,65,4.547531485994114
uniform,42,500,150,200,201,1,0,66,4.61440689698793
uniform,42,500,150,200,201,1,0,67,4.696797649987275
uniform,42,500,150,200,201,1,0,68,4.773239492991706
uniform,42,500,150,200,201,1,0,69,4.837962407997111
uniform,42,500,150,200,201,1,0,70,4.990602640988072
uniform,42,500,150,200,201,1,0,71,5.05719024600694
uniform,42,500,150,200,201,1,0,72,5.125864822010044
uniform,42,500,150,200,201,1,0,73,5.183681380003691
uniform,42,500,150,200,201,1,0,74,5.2507995089981705
uniform,42,500,150,200,201,1,0,75,5.313282808987424
uniform,42,500,150,200,201,1,0,76,5.380619670992019
uniform,42,500,150,200,201,1,0,77,5.449078996985918
uniform,42,500,150,200,201,1,0,78,5.512503467005445
uniform,42,500,150,200,201,1,0,79,5.592107442003908
uniform,42,500,150,200,201,1,0,80,5.660521592013538
uniform,42,500,150,200,201,1,0,81,5.724228586012032
uniform,42,500,150,200,201,1,0,82,5.788427760999184
uniform,42,500,150,200,201,1,0,83,5.852401204989292
uniform,42,500,150,200,201,1,0,84,5.91644018801162
uniform,42,500,150,200,201,1,0,85,5.980359881999902
uniform,42,500,150,200,201,1,0,86,6.044732740003383
uniform,42,500,150,200,201,1,0,87,6.1138679170107935
uniform,42,500,150,200,201,1,0,88,6.18214378101402
uniform,42,500,150,200,201,1,0,89,6.246489032986574
uniform,42,500,150,200,201,1,0,90,6.322567155002616
uniform,42,500,150,200,201,1,0,91,6.3899815659970045
uniform,42,500,150,200,200,0,1,92,6.456689454993466
uniform,43,500,150,201,203,2,0,1,0.12420421998831443
uniform,43,500,150,201,203,2,0,2,0.20332486598636024
uniform,43,500,150,201,203,2,0,3,0.27498830499826
uniform,43,500,150,201,203,2,0,4,0.34459660298307426
uniform,43,500,150,201,203,2,0,5,0.41693893598858267
uniform,43,500,150,201,203,2,0,6,0.4871094499831088
uniform,43,500,150,201,203,2,0,7,0.5618298589834012
uniform,43,500,150,201,202,1,0,8,0.6339586669928394
uniform,43,500,150,201,202,1,0,9,0.7104537079867441
uniform,43,500,150,201,202,1,0,10,0.7854727809899487
uniform,43,500,150,201,202,1,0,11,0.8538851850025821
uniform,43,500,150,201,202,1,0,12,0.940148973983014
uniform,43,500,150,201,202,1,0,13,1.0123531580029521
uniform,43,500,150,201,202,1,0,14,1.0789867299899925
uniform,43,500,150,201,202,1,0,15,1.145233941002516
uniform,43,500,150,201,202,1,0,16,1.2221948149963282
uniform,43,500,150,201,202,1,0,17,1.290517044981243
uniform,43,500,150,201,202,1,0,18,1.36125010199612
uniform,43,500,150,201,202,1,0,19,1.4285860949894413
uniform,43,500,150,201,202,1,0,20,1.493265622004401
uniform,43,500,150,201,202,1,0,21,1.5569718689948786
uniform,43,500,150,201,202,1,0,22,1.624540533986874
uniform,43,500,150,201,202,1,0,23,1.6951433999929577
uniform,43,500,150,201,202,1,0,24,1.78320328600239
uniform,43,500,150,201,202,1,0,25,1.8641558609961066
uniform,43,500,150,201,202,1,0,26,1.9279729289992247
uniform,43,500,150,201,202,1,0,27,2.008802469004877
uniform,43,500,150,201,202,1,0,28,2.074698926007841
uniform,43,500,150,201,202,1,0,29,2.1436630429816432
uniform,43,500,150,201,202,1,0,30,2.2124987400020473
uniform,43,500,150,201,202,1,0,31,2.2876481649873313
uniform,43,500,150,201,202,1,0,32,2.3564844520005863
uniform,43,500,150,201,202,1,0,33,2.41920395498164
uniform,43,500,150,201,202,1,0,34,2.483574537007371
uniform,43,500,150,201,202,1,0,35,2.562673509004526
uniform,43,500,150,201,202,1,0,36,2.6255060819967184
uniform,43,500,150,201,202,1,0,37,2.6917540179856587
uniform,43,500,150,201,202,1,0,38,2.770572084002197
uniform,43,500,150,201,202,1,0,39,2.831371488980949
uniform,43,500,150,201,202,1,0,40,2.898828257981222
uniform,43,500,150,201,202,1,0,41,2.9624688290059566
uniform,43,500,150,201,202,1,0,42,3.0357927159930114
uniform,43,500,150,201,202,1,0,43,3.0992984129989054
uniform,43,500,150,201,202,1,0,44,3.1658712289936375
uniform,43,500,150,201,202,1,0,45,3.2298871819803026
uniform,43,500,150,201,202,1,0,46,3.2957248220045585
uniform,43,500,150,201,202,1,0,47,3.3621349149907473
uniform,43,500,150,201,202,1,0,48,3.426060828991467
uniform,43,500,150,201,202,1,0,49,3.4931099789973814
uniform,43,500,150,201,202,1,0,50,3.56275947499671
uniform,43,500,150,201,202,1,0,51,3.6291704649920575
uniform,43,500,150,201,202,1,0,52,3.692721191997407
uniform,43,500,150,201,202,1,0,53,3.7561086459900253
uniform,43,500,150,201,202,1,0,54,3.8258593280042987
uniform,43,500,150,201,202,1,0,55,3.8858430289837997
uniform,43,500,150,201,202,1,0,56,3.9602878500008956
uniform,43,500,150,201,202,1,0,57,4.031582561990945
uniform,43,500,150,201,202,1,0,58,4.104346862994134
uniform,43,500,150,201,202,1,0,59,4.166271402995335
uniform,43,500,150,201,202,1,0,60,4.231832332996419
uniform,43,500,150,201,202,1,0,61,4.293096915003844
uniform,43,500,150,201,202,1,0,62,4.36762254498899
uniform,43,500,150,201,202,1,0,63,4.43343508898397
uniform,43,500,150,201,202,1,0,64,4.4997175479948055
uniform,43,500,150,201,202,1,0,65,4.560550380992936
uniform,43,500,150,201,202,1,0,66,4.625992237997707
uniform,43,500,150,201,202,1,0,67,4.6864245510078035
uniform,43,500,150,201,202,1,0,68,4.746661323995795
uniform,43,500,150,201,202,1,0,69,4.815951486991253
uniform,43,500,150,201,202,1,0,70,4.883379740989767
uniform,43,500,150,201,202,1,0,71,4.945905878004851
uniform,43,500,150,201,202,1,0,72,5.028102573996875
uniform,43,500,150,201,202,1,0,73,5.101881634996971
uniform,43,500,150,201,202,1,0,74,5.169089498987887
uniform,43,500,150,201,202,1,0,75,5.237601244007237
uniform,43,500,150,201,202,1,0,76,5.318114071007585
uniform,43,500,150,201,202,1,0,77,5.381346352980472
uniform,43,500,150,201,202,1,0,78,5.450073786982102
uniform,43,500,150,201,202,1,0,79,5.512595965992659
uniform,43,500,150,201,202,1,0,80,5.5808726380055305
uniform,43,500,150,201,202,1,0,81,5.654324314004043
uniform,43,500,150,201,201,0,1,82,5.719071597995935
uniform,44,250,150,101,103,2,0,1,0.035971929988591
uniform,44,250,150,101,103,2,0,2,0.06729723699390888
uniform,44,250,150,101,103,2,0,3,0.11125215998617932
uniform,44,250,150,101,103,2,0,4,0.1366750609886367
uniform,44,250,150,101,103,2,0,5,0.16439019498648122
uniform,44,250,150,101,103,2,0,6,0.19149078900227323
uniform,44,250,150,101,103,2,0,7,0.2191149230056908
uniform,44,250,150,101,103,2,0,8,0.24660264098201878
uniform,44,250,150,101,103,2,0,9,0.27165833598701283
uniform,44,250,150,101,103,2,0,10,0.2996951109962538
uniform,44,250,150,101,103,2,0,11,0.32758944199304096
uniform,44,250,150,101,103,2,0,12,0.3547623089980334
uniform,44,250,150,101,103,2,0,13,0.3796992319985293
uniform,44,250,150,101,103,2,0,14,0.41414639400318265
uniform,44,250,150,101,103,2,0,15,0.4389317460008897
uniform,44,250,150,101,103,2,0,16,0.46379344500019215
uniform,44,250,150,101,103,2,0,17,0.4875270070042461
uniform,44,250,150,101,103,2,0,18,0.5176255049882457
uniform,44,250,150,101,102,1,0,19,0.5469997070031241
uniform,44,250,150,101,102,1,0,20,0.5708593890012708
uniform,44,250,150,101,102,1,0,21,0.5987739230040461
uniform,44,250,150,101,102,1,0,22,0.6224652189994231
uniform,44,250,150,101,102,1,0,23,0.6461069729994051
uniform,44,250,150,101,102,1,0,24,0.6739180290023796
uniform,44,250,150,101,102,1,0,25,0.6960031949856784
uniform,44,250,150,101,102,1,0,26,0.7202232299896423
uniform,44,250,150,101,102,1,0,27,0.7440871099825017
uniform,44,250,150,101,102,1,0,28,0.7707303869829047
uniform,44,250,150,101,102,1,0,29,0.799237187980907
uniform,44,250,150,101,102,1,0,30,0.8292620340071153
uniform,44,250,150,101,102,1,0,31,0.858016874990426
uniform,44,250,150,101,102,1,0,32,0.8882394630054478
uniform,44,250,150,101,102,1,0,33,0.9212082870071754
uniform,44,250,150,101,102,1,0,34,0.9502828420081642
uniform,44,250,150,101,102,1,0,35,0.9737636930076405
uniform,44,250,150,101,102,1,0,36,0.9972965900087729
uniform,44,250,150,101,102,1,0,37,1.0265945509891026
uniform,44,250,150,101,102,1,0,38,1.0560968790086918
uniform,44,250,150,101,102,1,0,39,1.0869225199858192
uniform,44,250,150,101,102,1,0,40,1.1114402950042859
uniform,44,250,150,101,102,1,0,41,1.136335068003973
uniform,44,250,150,101,102,1,0,42,1.1616015459876508
uniform,44,250,150,101,102,1,0,43,1.1883254899876192
uniform,44,250,150,101,102,1,0,44,1.2192693119868636
uniform,44,250,150,101,102,1,0,45,1.246448888006853
uniform,44,250,150,101,102,1,0,46,1.273807379999198
uniform,44,250,150,101,102,1,0,47,1.2987958689918742
uniform,44,250,150,101,102,1,0,48,1.3248377639974933
uniform,44,250,150,101,102,1,0,49,1.352061921992572
uniform,44,250,150,101,102,1,0,50,1.3841747189871967
uniform,44,250,150,101,102,1,0,51,1.4096371739869937
uniform,44,250,150,101,102,1,0,52,1.4341487500059884
uniform,44,250,150,101,102,1,0,53,1.458983250980964
uniform,44,250,150,101,102,1,0,54,1.4835048399982043
uniform,44,250,150,101,102,1,0,55,1.5102612269984093
uniform,44,250,150,101,102,1,0,56,1.5346710300073028
uniform,44,250,150,101,102,1,0,57,1.5593078210076783
uniform,44,250,150,101,102,1,0,58,1.5849325629824307
uniform,44,250,150,101,102,1,0,59,1.6087284100067336
uniform,44,250,150,101,102,1,0,60,1.6318766640033573
uniform,44,250,150,101,102,1,0,61,1.654915931983851
uniform,44,250,150,101,102,1,0,62,1.6782539770065341
uniform,44,250,150,101,102,1,0,63,1.70262872899184
uniform,44,250,150,101,102,1,0,64,1.725917825999204
uniform,44,250,150,101,102,1,0,65,1.7488998149929103
uniform,44,250,150,101,102,1,0,66,1.7756895780039486
uniform,44,250,150,101,102,1,0,67,1.8064941600023303
uniform,44,250,150,101,102,1,0,68,1.8295228499919176
uniform,44,250,150,101,102,1,0,69,1.8616316359839402
uniform,44,250,150,101,102,1,0,70,1.8913137519848533
uniform,44,250,150,101,102,1,0,71,1.9167426339990925
uniform,44,250,150,101,102,1,0,72,1.9424548420065548
uniform,44,250,150,101,102,1,0,73,1.9687552060058806
uniform,44,250,150,101,102,1,0,74,1.9973776580009144
uniform,44,250,150,101,102,1,0,75,2.0380729699973017
uniform,44,250,150,101,102,1,0,76,2.0618415089847986
uniform,44,250,150,101,102,1,0,77,2.0847505959973205
uniform,44,250,150,101,102,1,0,78,2.1075307139835786
uniform,44,250,150,101,102,1,0,79,2.130296529008774
uniform,44,250,150,101,102,1,0,80,2.1529951069969684
uniform,44,250,150,101,102,1,0,81,2.184100979997311
uniform,44,250,150,101,102,1,0,82,2.213260732998606
uniform,44,250,150,101,102,1,0,83,2.237374797987286
uniform,44,250,150,101,102,1,0,84,2.2608268469921313
uniform,44,250,150,101,102,1,0,85,2.287746774003608
uniform,44,250,150,101,102,1,0,86,2.311738724994939
uniform,44,250,150,101,102,1,0,87,2.3365998799854424
uniform,44,250,150,101,102,1,0,88,2.3616461220080964
uniform,44,250,150,101,102,1,0,89,2.384393493004609
uniform,44,250,150,101,102,1,0,90,2.4121747800090816
uniform,44,250,150,101,102,1,0,91,2.438294114981545
uniform,44,250,150,101,102,1,0,92,2.466683256003307
uniform,44,250,150,101,102,1,0,93,2.49049565999303
uniform,44,250,150,101,102,1,0,94,2.5158567739999853
uniform,44,250,150,101,102,1,0,95,2.5404265969991684
uniform,44,250,150,101,102,1,0,96,2.5688637949933764
uniform,44,250,150,101,102,1,0,97,2.590758089994779
uniform,44,250,150,101,102,1,0,98,2.615232003008714
uniform,44,250,150,101,102,1,0,99,2.6444044609961566
uniform,44,250,150,101,102,1,0,100,2.667402179009514
uniform,44,250,150,101,102,1,0,101,2.6914977979904506
uniform,44,250,150,101,102,1,0,102,2.7146227280027233
uniform,44,250,150,101,102,1,0,103,2.7374055959808175
uniform,44,250,150,101,102,1,0,104,2.7638716969813686
uniform,44,250,150,101,102,1,0,105,2.786871193005936
uniform,44,250,150,101,102,1,0,106,2.8125172939908225
uniform,44,250,150,101,102,1,0,107,2.838770664995536
uniform,44,250,150,101,102,1,0,108,2.862182846001815
uniform,44,250,150,101,102,1,0,109,2.8851917359861545
uniform,44,250,150,101,102,1,0,110,2.9116776890004985
uniform,44,250,150,101,102,1,0,111,2.934431423986098
uniform,44,250,150,101,102,1,0,112,2.95975011200062
uniform,44,250,150,101,102,1,0,113,2.9869077790062875
uniform,44,250,150,101,102,1,0,114,3.0098858079873025
uniform,44,250,150,101,102,1,0,115,3.0386128179961815
uniform,44,250,150,101,102,1,0,116,3.062081103998935
uniform,44,250,150,101,102,1,0,117,3.0860489399929065
uniform,44,250,150,101,102,1,0,118,3.1091163769888226
uniform,44,250,150,101,102,1,0,119,3.1319029899896123
uniform,44,250,150,101,102,1,0,120,3.1571052460058127
uniform,44,250,150,101,102,1,0,121,3.1864259949943516
uniform,44,250,150,101,102,1,0,122,3.2091801629867405
uniform,44,250,150,101,102,1,0,123,3.230606678989716
uniform,44,250,150,101,102,1,0,124,3.253384516981896
uniform,44,250,150,101,102,1,0,125,3.2775163390033413
uniform,44,250,150,101,102,1,0,126,3.3053109050088096
uniform,44,250,150,101,102,1,0,127,3.3286477829969954
uniform,44,250,150,101,102,1,0,128,3.3606784809962846
uniform,44,250,150,101,102,1,0,129,3.387675740988925
uniform,44,250,150,101,102,1,0,130,3.4151721780071966
uniform,44,250,150,101,102,1,0,131,3.4427981750050094
uniform,44,250,150,101,102,1,0,132,3.4668349330022465
uniform,44,250,150,101,102,1,0,133,3.490684797987342
uniform,44,250,150,101,102,1,0,134,3.520723610999994
uniform,44,250,150,101,102,1,0,135,3.549257510981988
uniform,44,250,150,101,101,0,1,136,3.577465904993005
uniform,45,120,150,48,48,0,1,1,0.009345730009954423
uniform,46,500,150,200,202,2,0,1,0.11407379401498474
uniform,46,500,150,200,202,2,0,2,0.18046543400851078
uniform,46,500,150,200,201,1,0,3,0.26117051602341235
uniform,46,500,150,200,201,1,0,4,0.3484125430113636
uniform,46,500,150,200,201,1,0,5,0.4218089620117098
uniform,46,500,150,200,201,1,0,6,0.49892817001091316
uniform,46,500,150,200,201,1,0,7,0.5675631480116863
uniform,46,500,150,200,201,1,0,8,0.6313400540093426
uniform,46,500,150,200,201,1,0,9,0.6981243240006734
uniform,46,500,150,200,201,1,0,10,0.767495467007393
uniform,46,500,150,200,201,1,0,11,0.8377092030132189
uniform,46,500,150,200,201,1,0,12,0.902431038004579
uniform,46,500,150,200,201,1,0,13,0.9671696470177267
uniform,46,500,150,200,201,1,0,14,1.0368557530164253
uniform,46,500,150,200,201,1,0,15,1.1007369630096946
uniform,46,500,150,200,201,1,0,16,1.1638902130071074
uniform,46,500,150,200,201,1,0,17,1.2380311000160873
uniform,46,500,150,200,201,1,0,18,1.3017245350056328
uniform,46,500,150,200,201,1,0,19,1.3642876119993161
uniform,46,500,150,200,201,1,0,20,1.4267187370278407
uniform,46,500,150,200,201,1,0,21,1.4895337330235634
uniform,46,500,150,200,201,1,0,22,1.5525577010121197
uniform,46,500,150,200,201,1,0,23,1.6180561580113135
uniform,46,500,150,200,201,1,0,24,1.687803940003505
uniform,46,500,150,200,201,1,0,25,1.7599285550240893
uniform,46,500,150,200,201,1,0,26,1.8242976800247561
uniform,46,500,150,200,201,1,0,27,1.8976072360237595
uniform,46,500,150,200,201,1,0,28,1.972455366019858
uniform,46,500,150,200,201,1,0,29,2.039605609024875
uniform,46,500,150,200,201,1,0,30,2.1072263450187165
uniform,46,500,150,200,201,1,0,31,2.1792308350268286
uniform,46,500,150,200,201,1,0,32,2.246398355026031
uniform,46,500,150,200,201,1,0,33,2.318023883999558
uniform,46,500,150,200,201,1,0,34,2.3955943870241754
uniform,46,500,150,200,201,1,0,35,2.4614680930098984
uniform,46,500,150,200,201,1,0,36,2.524436432024231
uniform,46,500,150,200,201,1,0,37,2.6038506620097905
uniform,46,500,150,200,201,1,0,38,2.671156114025507
uniform,46,500,150,200,201,1,0,39,2.7381315770035144
uniform,46,500,150,200,201,1,0,40,2.8189052040106617
uniform,46,500,150,200,201,1,0,41,2.885877733002417
uniform,46,500,150,200,201,1,0,42,2.9528776630177163
uniform,46,500,150,200,201,1,0,43,3.0193399430136196
uniform,46,500,150,200,201,1,0,44,3.0925088510266505
uniform,46,500,150,200,201,1,0,45,3.1692979780200403
uniform,46,500,150,200,201,1,0,46,3.2323353700048756
uniform,46,500,150,200,201,1,0,47,3.309478751005372
uniform,46,500,150,200,201,1,0,48,3.3784776740067173
uniform,46,500,150,200,201,1,0,49,3.4486304029996973
uniform,46,500,150,200,201,1,0,50,3.5404931050143205
uniform,46,500,150,200,201,1,0,51,3.613557528005913
uniform,46,500,150,200,201,1,0,52,3.7003865640144795
uniform,46,500,150,200,201,1,0,53,3.7791141550114844
uniform,46,500,150,200,201,1,0,54,3.8445523859991226
uniform,46,500,150,200,201,1,0,55,3.9139223090023734
uniform,46,500,150,200,201,1,0,56,3.98273618001258
uniform,46,500,150,200,201,1,0,57,4.055451263004215
uniform,46,500,150,200,201,1,0,58,4.118343794019893
uniform,46,500,150,200,201,1,0,59,4.184496994013898
uniform,46,500,150,200,201,1,0,60,4.257282239006599
uniform,46,500,150,200,201,1,0,61,4.322359025012702
uniform,46,500,150,200,201,1,0,62,4.384859140001936
uniform,46,500,150,200,201,1,0,63,4.44651870301459
uniform,46,500,150,200,201,1,0,64,4.520592575019691
uniform,46,500,150,200,201,1,0,65,4.600766479008598
uniform,46,500,150,200,201,1,0,66,4.680414444999769
uniform,46,500,150,200,201,1,0,67,4.772827321023215
uniform,46,500,150,200,201,1,0,68,4.844955372012919
uniform,46,500,150,200,201,1,0,69,4.9315068520081695
uniform,46,500,150,200,201,1,0,70,5.003895474015735
uniform,46,500,150,200,201,1,0,71,5.071782318002079
uniform,46,500,150,200,201,1,0,72,5.140186936012469
uniform,46,500,150,200,201,1,0,73,5.213018571026623
uniform,46,500,150,200,201,1,0,74,5.280803736008238
uniform,46,500,150,200,200,0,1,75,5.3492546640045475
uniform,47,1000,150,404,406,2,0,1,0.46008069498930126
uniform,47,1000,150,404,405,1,0,2,0.6961500390025321
uniform,47,1000,150,404,405,1,0,3,0.9247232640045695
uniform,47,1000,150,404,405,1,0,4,1.1927855210087728
uniform,47,1000,150,404,405,1,0,5,1.4364497209899127
uniform,47,1000,150,404,405,1,0,6,1.6668653619999532
uniform,47,1000,150,404,405,1,0,7,1.9043587550113443
uniform,47,1000,150,404,405,1,0,8,2.142735998990247
uniform,47,1000,150,404,405,1,0,9,2.3738101180060767
uniform,47,1000,150,404,405,1,0,10,2.6318292779906187
uniform,47,1000,150,404,405,1,0,11,2.8755321909848135
uniform,47,1000,150,404,405,1,0,12,3.1213708969880827
uniform,47,1000,150,404,405,1,0,13,3.354571767995367
uniform,47,1000,150,404,405,1,0,14,3.5841765780060086
uniform,47,1000,150,404,405,1,0,15,3.8281410160125233
uniform,47,1000,150,404,405,1,0,16,4.06332791299792
uniform,47,1000,150,404,405,1,0,17,4.327508935995866
uniform,47,1000,150,404,405,1,0,18,4.551158343005227
uniform,47,1000,150,404,405,1,0,19,4.773358570993878
uniform,47,1000,150,404,405,1,0,20,5.033861212985357
uniform,47,1000,150,404,405,1,0,21,5.309920436993707
uniform,47,1000,150,404,405,1,0,22,5.556371462997049
uniform,47,1000,150,404,405,1,0,23,5.808025081991218
uniform,47,1000,150,404,405,1,0,24,6.051170094986446
uniform,47,1000,150,404,405,1,0,25,6.273639358987566
uniform,47,1000,150,404,405,1,0,26,6.502942874998553
uniform,47,1000,150,404,405,1,0,27,6.7360111190064345
uniform,47,1000,150,404,405,1,0,28,6.971285937994253
uniform,47,1000,150,404,405,1,0,29,7.186205090984004
uniform,47,1000,150,404,405,1,0,30,7.405101592012215
uniform,47,1000,150,404,405,1,0,31,7.622653350001201
uniform,47,1000,150,404,405,1,0,32,7.840762134001125
uniform,47,1000,150,404,405,1,0,33,8.055703952006297
uniform,47,1000,150,404,405,1,0,34,8.27417133099516
uniform,47,1000,150,404,405,1,0,35,8.490175482991617
uniform,47,1000,150,404,405,1,0,36,8.709507204999682
uniform,47,1000,150,404,405,1,0,37,8.967449768999359
uniform,47,1000,150,404,405,1,0,38,9.193723311007489
uniform,47,1000,150,404,405,1,0,39,9.450639727991074
uniform,47,1000,150,404,405,1,0,40,9.69190897300723
uniform,47,1000,150,404,405,1,0,41,9.950624349992722
uniform,47,1000,150,404,405,1,0,42,10.196065689000534
uniform,47,1000,150,404,405,1,0,43,10.431535367999459
uniform,47,1000,150,404,405,1,0,44,10.661295183992479
uniform,47,1000,150,404,405,1,0,45,10.892591079988051
uniform,47,1000,150,404,405,1,0,46,11.113145876995986
uniform,47,1000,150,404,405,1,0,47,11.341376684984425
uniform,47,1000,150,404,405,1,0,48,11.565526793012396
uniform,47,1000,150,404,405,1,0,49,11.802955614984967
uniform,47,1000,150,404,405,1,0,50,12.057962963997852
uniform,47,1000,150,404,405,1,0,51,12.277262173010968
uniform,47,1000,150,404,405,1,0,52,12.521099286997924
uniform,47,1000,150,404,405,1,0,53,12.74381311199977
uniform,47,1000,150,404,405,1,0,54,12.961018208996393
uniform,47,1000,150,404,405,1,0,55,13.192053887993097
uniform,47,1000,150,404,405,1,0,56,13.425247814011527
uniform,47,1000,150,404,405,1,0,57,13.651210634008748
uniform,47,1000,150,404,405,1,0,58,13.871784374990966
uniform,47,1000,150,404,405,1,0,59,14.097733617003541
uniform,47,1000,150,404,405,1,0,60,14.320742545009125
uniform,47,1000,150,404,405,1,0,61,14.537942027993267
uniform,47,1000,150,404,405,1,0,62,14.754281183006242
uniform,47,1000,150,404,405,1,0,63,14.996281600993825
uniform,47,1000,150,404,405,1,0,64,15.21591450201231
uniform,47,1000,150,404,405,1,0,65,15.436546777986223
uniform,47,1000,150,404,405,1,0,66,15.666459189989837
uniform,47,1000,150,404,405,1,0,67,15.9154532290122
uniform,47,1000,150,404,405,1,0,68,16.13912667299155
uniform,47,1000,150,404,405,1,0,69,16.386832338990644
uniform,47,1000,150,404,405,1,0,70,16.616841991984984
uniform,47,1000,150,404,405,1,0,71,16.848016901989467
uniform,47,1000,150,404,405,1,0,72,17.07739621598739
uniform,47,1000,150,404,405,1,0,73,17.326197549002245
uniform,47,1000,150,404,405,1,0,74,17.54331256999285
uniform,47,1000,150,404,405,1,0,75,17.766049981990363
uniform,47,1000,150,404,405,1,0,76,17.98374562500976
uniform,47,1000,150,404,405,1,0,77,18.204882026999258
uniform,47,1000,150,404,405,1,0,78,18.44636809299118
uniform,47,1000,150,404,405,1,0,79,18.665895421989262
uniform,47,1000,150,404,405,1,0,80,18.87820902999374
uniform,47,1000,150,404,405,1,0,81,19.101646675000666
uniform,47,1000,150,404,405,1,0,82,19.31900555998436
uniform,47,1000,150,404,405,1,0,83,19.578787211998133
uniform,47,1000,150,404,405,1,0,84,19.812002899998333
uniform,47,1000,150,404,405,1,0,85,20.043661042989697
uniform,47,1000,150,404,405,1,0,86,20.26400259800721
uniform,47,1000,150,404,405,1,0,87,20.476583303010557
uniform,47,1000,150,404,405,1,0,88,20.686980819009477
uniform,47,1000,150,404,405,1,0,89,20.89533872200991
uniform,47,1000,150,404,405,1,0,90,21.109170595009346
uniform,47,1000,150,404,405,1,0,91,21.324787080986425
uniform,47,1000,150,404,405,1,0,92,21.552714946010383
uniform,47,1000,150,404,405,1,0,93,21.77019272799953
uniform,47,1000,150,404,405,1,0,94,21.98162139800843
uniform,47,1000,150,404,405,1,0,95,22.19593083698419
uniform,47,1000,150,404,404,0,1,96,22.44506503100274
uniform,48,250,150,101,102,1,0,1,0.03621697801281698
uniform,48,250,150,101,102,1,0,2,0.06326234299922362
uniform,48,250,150,101,102,1,0,3,0.08778307601460256
uniform,48,250,150,101,102,1,0,4,0.11193586001172662
uniform,48,250,150,101,102,1,0,5,0.13956971900188364
uniform,48,250,150,101,102,1,0,6,0.16458864702144638
uniform,48,250,150,101,102,1,0,7,0.19249298400245607
uniform,48,250,150,101,102,1,0,8,0.22259036000468768
uniform,48,250,150,101,102,1,0,9,0.25218024401692674
uniform,48,250,150,101,102,1,0,10,0.28094078801223077
uniform,48,250,150,101,102,1,0,11,0.30527402402367443
uniform,48,250,150,101,102,1,0,12,0.3291163410176523
uniform,48,250,150,101,102,1,0,13,0.35651777300518006
uniform,48,250,150,101,102,1,0,14,0.381560674024513
uniform,48,250,150,101,102,1,0,15,0.40801618702244014
uniform,48,250,150,101,102,1,0,16,0.43498554700636305
uniform,48,250,150,101,102,1,0,17,0.46997856002417393
uniform,48,250,150,101,102,1,0,18,0.5039367620192934
uniform,48,250,150,101,102,1,0,19,0.5288086570217274
uniform,48,250,150,101,102,1,0,20,0.5613080920011271
uniform,48,250,150,101,102,1,0,21,0.591257685009623
uniform,48,250,150,101,102,1,0,22,0.6133752320019994
uniform,48,250,150,101,102,1,0,23,0.6402356110047549
uniform,48,250,150,101,102,1,0,24,0.6651354110217653
uniform,48,250,150,101,102,1,0,25,0.7033512160123792
uniform,48,250,150,101,101,0,1,26,0.741803148004692
uniform,49,250,150,102,103,1,0,1,0.02979563901317306
uniform,49,250,150,102,103,1,0,2,0.0550258599978406
uniform,49,250,150,102,103,1,0,3,0.08021539001492783
uniform,49,250,150,102,103,1,0,4,0.10514236000017263
uniform,49,250,150,102,103,1,0,5,0.13233145500998944
uniform,49,250,150,102,103,1,0,6,0.1605540500022471
uniform,49,250,150,102,103,1,0,7,0.18939702500938438
uniform,49,250,150,102,103,1,0,8,0.21467835002113134
uniform,49,250,150,102,103,1,0,9,0.24092324401135556
uniform,49,250,150,102,103,1,0,10,0.26588786402135156
uniform,49,250,150,102,103,1,0,11,0.2889511980174575
uniform,49,250,150,102,103,1,0,12,0.3129282740119379
uniform,49,250,150,102,103,1,0,13,0.3367999320034869
uniform,49,250,150,102,103,1,0,14,0.36033183700055815
uniform,49,250,150,102,103,1,0,15,0.382673906016862
uniform,49,250,150,102,103,1,0,16,0.4064160870038904
uniform,49,250,150,102,103,1,0,17,0.43172373200650327
uniform,49,250,150,102,103,1,0,18,0.4570650070090778
uniform,49,250,150,102,103,1,0,19,0.48089311202056706
uniform,49,250,150,102,103,1,0,20,0.5037678540102206
uniform,49,250,150,102,103,1,0,21,0.5362868980155326
uniform,49,250,150,102,103,1,0,22,0.5585791119956411
uniform,49,250,150,102,103,1,0,23,0.5855268739978783
uniform,49,250,150,102,103,1,0,24,0.6099340470100287
uniform,49,250,150,102,103,1,0,25,0.6341267850075383
uniform,49,250,150,102,103,1,0,26,0.6581423230236396
uniform,49,250,150,102,103,1,0,27,0.6803834730235394
uniform,49,250,150,102,103,1,0,28,0.7042812580184545
uniform,49,250,150,102,103,1,0,29,0.7277170540182851
uniform,49,250,150,102,103,1,0,30,0.7534926540101878
uniform,49,250,150,102,103,1,0,31,0.7872506660060026
uniform,49,250,150,102,103,1,0,32,0.8133962860156316
uniform,49,250,150,102,103,1,0,33,0.8383015310100745
uniform,49,250,150,102,103,1,0,34,0.8625318490085192
uniform,49,250,150,102,103,1,0,35,0.8953797180147376
uniform,49,250,150,102,103,1,0,36,0.9217999160173349
uniform,49,250,150,102,103,1,0,37,0.9572469160193577
uniform,49,250,150,102,103,1,0,38,0.9847572029975709
uniform,49,250,150,102,103,1,0,39,1.0083417140122037
uniform,49,250,150,102,103,1,0,40,1.030072822002694
uniform,49,250,150,102,103,1,0,41,1.0536039209982846
uniform,49,250,150,102,103,1,0,42,1.0836569200037047
uniform,49,250,150,102,103,1,0,43,1.1097964420041535
uniform,49,250,150,102,103,1,0,44,1.1425872709951364
uniform,49,250,150,102,103,1,0,45,1.1643767310015392
uniform,49,250,150,102,103,1,0,46,1.187821037019603
uniform,49,250,150,102,103,1,0,47,1.212865594017785
uniform,49,250,150,102,103,1,0,48,1.2366734730021562
uniform,49,250,150,102,103,1,0,49,1.2615276790165808
uniform,49,250,150,102,103,1,0,50,1.2855487799970433
uniform,49,250,150,102,103,1,0,51,1.3095090610149782
uniform,49,250,150,102,103,1,0,52,1.3342405540170148
uniform,49,250,150,102,103,1,0,53,1.3572517430002335
uniform,49,250,150,102,103,1,0,54,1.3809062160144094
uniform,49,250,150,102,103,1,0,55,1.4107239640143234
uniform,49,250,150,102,103,1,0,56,1.4344505869958084
uniform,49,250,150,102,103,1,0,57,1.4577295610215515
uniform,49,250,150,102,103,1,0,58,1.48411403701175
uniform,49,250,150,102,103,1,0,59,1.5101669860014226
uniform,49,250,150,102,103,1,0,60,1.5338387560041156
uniform,49,250,150,102,103,1,0,61,1.5564756130042952
uniform,49,250,150,102,103,1,0,62,1.579379182017874
uniform,49,250,150,102,103,1,0,63,1.6007710690028034
uniform,49,250,150,102,103,1,0,64,1.6249950430064928
uniform,49,250,150,102,103,1,0,65,1.6489590510027483
uniform,49,250,150,102,103,1,0,66,1.6741496190079488
uniform,49,250,150,102,103,1,0,67,1.69749547902029
uniform,49,250,150,102,103,1,0,68,1.7203555720043369
uniform,49,250,150,102,103,1,0,69,1.7426207270182204
uniform,49,250,150,102,103,1,0,70,1.7756046580034308
uniform,49,250,150,102,103,1,0,71,1.8060110470105428
uniform,49,250,150,102,102,0,1,72,1.8350331209949218
uniform,50,250,150,99,100,1,0,1,0.0335525120026432
uniform,50,250,150,99,100,1,0,2,0.05810640499112196
uniform,50,250,150,99,100,1,0,3,0.08905435801716521
uniform,50,250,150,99,100,1,0,4,0.11256675201002508
uniform,50,250,150,99,99,0,1,5,0.13910012901760638
uniform,51,500,150,196,198,2,0,1,0.117951236985391
uniform,51,500,150,196,197,1,0,2,0.1953138469834812
uniform,51,500,150,196,197,1,0,3,0.28855543400277384
uniform,51,500,150,196,197,1,0,4,0.3962414169800468
uniform,51,500,150,196,197,1,0,5,0.49008872898411937
uniform,51,500,150,196,197,1,0,6,0.56471408798825
uniform,51,500,150,196,197,1,0,7,0.6280008309986442
uniform,51,500,150,196,197,1,0,8,0.7034687319828663
uniform,51,500,150,196,196,0,1,9,0.7742932699911762
uniform,52,250,150,102,102,0,1,1,0.0330360830121208
uniform,53,500,150,206,208,2,0,1,0.12453997900593095
uniform,53,500,150,206,208,2,0,2,0.19413028299459256
uniform,53,500,150,206,207,1,0,3,0.26350106598692946
uniform,53,500,150,206,207,1,0,4,0.33368607200100087
uniform,53,500,150,206,207,1,0,5,0.41163029498420656
uniform,53,500,150,206,207,1,0,6,0.47792077099438757
uniform,53,500,150,206,207,1,0,7,0.5459196660085581
uniform,53,500,150,206,207,1,0,8,0.6138393490109593
uniform,53,500,150,206,207,1,0,9,0.6814418979920447
uniform,53,500,150,206,207,1,0,10,0.7720424179860856
uniform,53,500,150,206,207,1,0,11,0.8405731940001715
uniform,53,500,150,206,207,1,0,12,0.9123719719937071
uniform,53,500,150,206,207,1,0,13,0.9930371860100422
uniform,53,500,150,206,207,1,0,14,1.0596314420108683
uniform,53,500,150,206,207,1,0,15,1.1236314210109413
uniform,53,500,150,206,207,1,0,16,1.1941390289866831
uniform,53,500,150,206,207,1,0,17,1.2640515170060098
uniform,53,500,150,206,207,1,0,18,1.3275824890006334
uniform,53,500,150,206,207,1,0,19,1.3907821509928908
uniform,53,500,150,206,207,1,0,20,1.4573534530063625
uniform,53,500,150,206,207,1,0,21,1.523495339002693
uniform,53,500,150,206,207,1,0,22,1.589075239986414
uniform,53,500,150,206,207,1,0,23,1.6625160359835718
uniform,53,500,150,206,207,1,0,24,1.7267731050087605
uniform,53,500,150,206,207,1,0,25,1.7961519229866099
uniform,53,500,150,206,207,1,0,26,1.8604396820010152
uniform,53,500,150,206,207,1,0,27,1.9301431799831335
uniform,53,500,150,206,207,1,0,28,2.0074892999837175
uniform,53,500,150,206,206,0,1,29,2.0768334989843424
uniform,54,120,150,48,49,1,0,1,0.01554526700056158
uniform,54,120,150,48,49,1,0,2,0.029380552005022764
uniform,54,120,150,48,49,1,0,3,0.04253231702023186
uniform,54,120,150,48,49,1,0,4,0.05643631299608387
uniform,54,120,150,48,49,1,0,5,0.0722194449917879
uniform,54,120,150,48,49,1,0,6,0.08678125400911085
uniform,54,120,150,48,49,1,0,7,0.1026227900001686
uniform,54,120,150,48,49,1,0,8,0.11615076201269403
uniform,54,120,150,48,49,1,0,9,0.13048978301230818
uniform,54,120,150,48,49,1,0,10,0.14376004901714623
uniform,54,120,150,48,49,1,0,11,0.15848890601773746
uniform,54,120,150,48,48,0,1,12,0.17179029001272283
uniform,55,1000,150,400,405,5,0,1,0.435229286988033
uniform,55,1000,150,400,404,4,0,2,0.6667429769877344
uniform,55,1000,150,400,404,4,0,3,0.8908912900078576
uniform,55,1000,150,400,404,4,0,4,1.1405039810051676
uniform,55,1000,150,400,403,3,0,5,1.3660417780047283
uniform,55,1000,150,400,403,3,0,6,1.5923679750121664
uniform,55,1000,150,400,403,3,0,7,1.8159099020122085
uniform,55,1000,150,400,402,2,0,8,2.0959293500054628
uniform,55,1000,150,400,402,2,0,9,2.3183808180037886
uniform,55,1000,150,400,402,2,0,10,2.5779093019955326
uniform,55,1000,150,400,402,2,0,11,2.827608355000848
uniform,55,1000,150,400,402,2,0,12,3.083055338007398
uniform,55,1000,150,400,402,2,0,13,3.3268242010090034
uniform,55,1000,150,400,402,2,0,14,3.550570171995787
uniform,55,1000,150,400,402,2,0,15,3.7880545039952267
uniform,55,1000,150,400,402,2,0,16,4.02730160599458
uniform,55,1000,150,400,402,2,0,17,4.2619105339981616
uniform,55,1000,150,400,402,2,0,18,4.489612907986157
uniform,55,1000,150,400,402,2,0,19,4.716569192009047
uniform,55,1000,150,400,402,2,0,20,4.9467256590141915
uniform,55,1000,150,400,402,2,0,21,5.209199178003473
uniform,55,1000,150,400,402,2,0,22,5.450065115001053
uniform,55,1000,150,400,402,2,0,23,5.6867070219886955
uniform,55,1000,150,400,401,1,0,24,5.915012231998844
uniform,55,1000,150,400,401,1,0,25,6.144698017014889
uniform,55,1000,150,400,401,1,0,26,6.377856492006686
uniform,55,1000,150,400,401,1,0,27,6.634701575007057
uniform,55,1000,150,400,401,1,0,28,6.8815145030093845
uniform,55,1000,150,400,401,1,0,29,7.11608393600909
uniform,55,1000,150,400,401,1,0,30,7.344523400010075
uniform,55,1000,150,400,401,1,0,31,7.571146364003653
uniform,55,1000,150,400,401,1,0,32,7.801326890010387
uniform,55,1000,150,400,401,1,0,33,8.0215222259867
uniform,55,1000,150,400,401,1,0,34,8.248032541014254
uniform,55,1000,150,400,401,1,0,35,8.461100423010066
uniform,55,1000,150,400,401,1,0,36,8.680830166005762
uniform,55,1000,150,400,401,1,0,37,8.921386564004933
uniform,55,1000,150,400,401,1,0,38,9.138743059011176
uniform,55,1000,150,400,401,1,0,39,9.359330626990413
uniform,55,1000,150,400,401,1,0,40,9.574159529991448
uniform,55,1000,150,400,401,1,0,41,9.797856443998171
uniform,55,1000,150,400,401,1,0,42,10.056064442993375
uniform,55,1000,150,400,401,1,0,43,10.28533991498989
uniform,55,1000,150,400,401,1,0,44,10.500582756998483
uniform,55,1000,150,400,401,1,0,45,10.718227250006748
uniform,55,1000,150,400,401,1,0,46,10.946645763993729
uniform,55,1000,150,400,401,1,0,47,11.171647621988086
uniform,55,1000,150,400,401,1,0,48,11.409647544991458
uniform,55,1000,150,400,401,1,0,49,11.638190199999372
uniform,55,1000,150,400,401,1,0,50,11.86350697101443
uniform,55,1000,150,400,401,1,0,51,12.076657057012198
uniform,55,1000,150,400,401,1,0,52,12.303366939013358
uniform,55,1000,150,400,401,1,0,53,12.52273059199797
uniform,55,1000,150,400,401,1,0,54,12.743891627003904
uniform,55,1000,150,400,401,1,0,55,12.960901237995131
uniform,55,1000,150,400,401,1,0,56,13.198092626000289
uniform,55,1000,150,400,401,1,0,57,13.416148274991428
uniform,55,1000,150,400,401,1,0,58,13.650284328003181
uniform,55,1000,150,400,401,1,0,59,13.899815151002258
uniform,55,1000,150,400,401,1,0,60,14.126341218012385
uniform,55,1000,150,400,401,1,0,61,14.34610630798852
uniform,55,1000,150,400,401,1,0,62,14.56481317098951
uniform,55,1000,150,400,401,1,0,63,14.781803229008801
uniform,55,1000,150,400,401,1,0,64,15.004410958994413
uniform,55,1000,150,400,401,1,0,65,15.260129481990589
uniform,55,1000,150,400,401,1,0,66,15.471522661013296
uniform,55,1000,150,400,401,1,0,67,15.69972946299822
uniform,55,1000,150,400,401,1,0,68,15.913609354000073
uniform,55,1000,150,400,401,1,0,69,16.144372690003365
uniform,55,1000,150,400,401,1,0,70,16.36017740701209
uniform,55,1000,150,400,401,1,0,71,16.58024172700243
uniform,55,1000,150,400,401,1,0,72,16.79672764800489
uniform,55,1000,150,400,401,1,0,73,17.018855133996112
uniform,55,1000,150,400,401,1,0,74,17.239618254010566
uniform,55,1000,150,400,401,1,0,75,17.46243295399472
uniform,55,1000,150,400,401,1,0,76,17.67739264201373
uniform,55,1000,150,400,401,1,0,77,17.895308300008764
uniform,55,1000,150,400,401,1,0,78,18.139398636994883
uniform,55,1000,150,400,401,1,0,79,18.367288943001768
uniform,55,1000,150,400,401,1,0,80,18.62341772101354
uniform,55,1000,150,400,401,1,0,81,18.857009058992844
uniform,55,1000,150,400,401,1,0,82,19.107580556999892
uniform,55,1000,150,400,401,1,0,83,19.340141257009236
uniform,55,1000,150,400,401,1,0,84,19.548877716995776
uniform,55,1000,150,400,401,1,0,85,19.775945244007744
uniform,55,1000,150,400,401,1,0,86,19.99485142400954
uniform,55,1000,150,400,401,1,0,87,20.208178598986706
uniform,55,1000,150,400,401,1,0,88,20.418078768998384
uniform,55,1000,150,400,401,1,0,89,20.625508805009304
uniform,55,1000,150,400,401,1,0,90,20.83550258699688
uniform,55,1000,150,400,401,1,0,91,21.04336486000102
uniform,55,1000,150,400,401,1,0,92,21.252397450996796
uniform,55,1000,150,400,401,1,0,93,21.48045576599543
uniform,55,1000,150,400,401,1,0,94,21.720459625008516
uniform,55,1000,150,400,401,1,0,95,21.927654711995274
uniform,55,1000,150,400,401,1,0,96,22.147321319003822
uniform,55,1000,150,400,401,1,0,97,22.369148016005056
uniform,55,1000,150,400,401,1,0,98,22.57819546799874
uniform,55,1000,150,400,401,1,0,99,22.789019991992973
uniform,55,1000,150,400,401,1,0,100,22.99910275801085
uniform,55,1000,150,400,401,1,0,101,23.22088336100569
uniform,55,1000,150,400,401,1,0,102,23.438357634993736
uniform,55,1000,150,400,401,1,0,103,23.651921017008135
uniform,55,1000,150,400,401,1,0,104,23.86260476100142
uniform,55,1000,150,400,401,1,0,105,24.071085570001742
uniform,55,1000,150,400,401,1,0,106,24.280293216987047
uniform,55,1000,150,400,401,1,0,107,24.504463101009605
uniform,55,1000,150,400,401,1,0,108,24.741464252001606
uniform,55,1000,150,400,401,1,0,109,24.986079702997813
uniform,55,1000,150,400,401,1,0,110,25.214497034990927
uniform,55,1000,150,400,401,1,0,111,25.44334220798919
uniform,55,1000,150,400,401,1,0,112,25.667168196989223
uniform,55,1000,150,400,401,1,0,113,25.87449760301388
uniform,55,1000,150,400,401,1,0,114,26.085503779991996
uniform,55,1000,150,400,401,1,0,115,26.316726824006764
uniform,55,1000,150,400,401,1,0,116,26.535378584987484
uniform,55,1000,150,400,401,1,0,117,26.751402683003107
uniform,55,1000,150,400,401,1,0,118,26.97333422099473
uniform,55,1000,150,400,401,1,0,119,27.18668563599931
uniform,55,1000,150,400,401,1,0,120,27.396993461996317
uniform,55,1000,150,400,401,1,0,121,27.618611289013643
uniform,55,1000,150,400,401,1,0,122,27.85323191099451
uniform,55,1000,150,400,401,1,0,123,28.070271425996907
uniform,55,1000,150,400,401,1,0,124,28.283836916001746
uniform,55,1000,150,400,401,1,0,125,28.48885565099772
uniform,55,1000,150,400,401,1,0,126,28.718946451001102
uniform,55,1000,150,400,401,1,0,127,28.943361926998477
uniform,55,1000,150,400,401,1,0,128,29.16773573801038
uniform,55,1000,150,400,401,1,0,129,29.38783151700045
uniform,55,1000,150,400,401,1,0,130,29.60155635001138
uniform,55,1000,150,400,401,1,0,131,29.82656823800062
uniform,55,1000,150,400,401,1,0,132,30.048251817002892
uniform,55,1000,150,400,401,1,0,133,30.262460013007512
uniform,55,1000,150,400,401,1,0,134,30.483390490990132
uniform,55,1000,150,400,401,1,0,135,30.705299436987843
uniform,55,1000,150,400,401,1,0,136,30.944031362014357
uniform,55,1000,150,400,401,1,0,137,31.183533634990454
uniform,55,1000,150,400,401,1,0,138,31.417855625011725
uniform,55,1000,150,400,401,1,0,139,31.644262746995082
uniform,55,1000,150,400,401,1,0,140,31.859769569011405
uniform,55,1000,150,400,401,1,0,141,32.06437581600039
uniform,55,1000,150,400,401,1,0,142,32.30608693600516
uniform,55,1000,150,400,401,1,0,143,32.509054958994966
uniform,55,1000,150,400,401,1,0,144,32.71430478998809
uniform,55,1000,150,400,401,1,0,145,32.9280060279998
uniform,55,1000,150,400,401,1,0,146,33.13543269300135
uniform,55,1000,150,400,401,1,0,147,33.349751603993354
uniform,55,1000,150,400,401,1,0,148,33.5650068570103
uniform,55,1000,150,400,401,1,0,149,33.76866373899975
uniform,55,1000,150,400,401,1,0,150,33.983400978002464
uniform,55,1000,150,400,401,1,0,151,34.19665055698715
uniform,55,1000,150,400,401,1,0,152,34.39920239200001
uniform,55,1000,150,400,401,1,0,153,34.605530160013586
uniform,55,1000,150,400,401,1,0,154,34.813325530005386
uniform,55,1000,150,400,401,1,0,155,35.02366029599216
uniform,55,1000,150,400,401,1,0,156,35.23387123498833
uniform,55,1000,150,400,401,1,0,157,35.441293913987465
uniform,55,1000,150,400,401,1,0,158,35.652426952001406
uniform,55,1000,150,400,401,1,0,159,35.85942753299605
uniform,55,1000,150,400,401,1,0,160,36.06849848499405
uniform,55,1000,150,400,401,1,0,161,36.290955714008305
uniform,55,1000,150,400,401,1,0,162,36.50539800900151
uniform,55,1000,150,400,401,1,0,163,36.718402508005966
uniform,55,1000,150,400,401,1,0,164,36.95703131399932
uniform,55,1000,150,400,401,1,0,165,37.16267950300244
uniform,55,1000,150,400,401,1,0,166,37.37278803001391
uniform,55,1000,150,400,401,1,0,167,37.593772619002266
uniform,55,1000,150,400,401,1,0,168,37.79767783699208
uniform,55,1000,150,400,401,1,0,169,38.009550096001476
uniform,55,1000,150,400,401,1,0,170,38.23711214700597
uniform,55,1000,150,400,401,1,0,171,38.46419211200555
uniform,55,1000,150,400,401,1,0,172,38.67130845200154
uniform,55,1000,150,400,401,1,0,173,38.9006252970139
uniform,55,1000,150,400,401,1,0,174,39.10587559899432
uniform,55,1000,150,400,401,1,0,175,39.31472515501082
uniform,55,1000,150,400,401,1,0,176,39.525327225012006
uniform,55,1000,150,400,401,1,0,177,39.72887107299175
uniform,55,1000,150,400,401,1,0,178,39.964431658998365
uniform,55,1000,150,400,401,1,0,179,40.16590481001185
uniform,55,1000,150,400,401,1,0,180,40.367143337003654
uniform,55,1000,150,400,401,1,0,181,40.57913639998878
uniform,55,1000,150,400,401,1,0,182,40.8069010550098
uniform,55,1000,150,400,401,1,0,183,41.055918039986864
uniform,55,1000,150,400,401,1,0,184,41.31319002699456
uniform,55,1000,150,400,401,1,0,185,41.540901850006776
uniform,55,1000,150,400,401,1,0,186,41.758273460000055
uniform,55,1000,150,400,401,1,0,187,41.97100281700841
uniform,55,1000,150,400,401,1,0,188,42.193730834987946
uniform,55,1000,150,400,401,1,0,189,42.399130105011864
uniform,55,1000,150,400,401,1,0,190,42.60337260499364
uniform,55,1000,150,400,401,1,0,191,42.819320921000326
uniform,55,1000,150,400,401,1,0,192,43.02374824200524
uniform,55,1000,150,400,401,1,0,193,43.22982986998977
uniform,55,1000,150,400,401,1,0,194,43.4445282050001
uniform,55,1000,150,400,401,1,0,195,43.674266321992036
uniform,55,1000,150,400,401,1,0,196,43.877955147007015
uniform,55,1000,150,400,401,1,0,197,44.080415025004186
uniform,55,1000,150,400,401,1,0,198,44.30082457800745
uniform,55,1000,150,400,401,1,0,199,44.53309513500426
uniform,55,1000,150,400,401,1,0,200,44.743364082998596
uniform,55,1000,150,400,401,1,0,201,44.94884494598955
uniform,55,1000,150,400,401,1,0,202,45.18186469201464
uniform,55,1000,150,400,401,1,0,203,45.39866327101481
uniform,55,1000,150,400,401,1,0,204,45.616554807987995
uniform,55,1000,150,400,401,1,0,205,45.81760590799968
uniform,55,1000,150,400,401,1,0,206,46.02530514699174
uniform,55,1000,150,400,401,1,0,207,46.255926326004555
uniform,55,1000,150,400,401,1,0,208,46.47585984799662
uniform,55,1000,150,400,401,1,0,209,46.70268686400959
uniform,55,1000,150,400,401,1,0,210,46.908539188996656
uniform,55,1000,150,400,401,1,0,211,47.12085969699547
uniform,55,1000,150,400,401,1,0,212,47.325499714002945
uniform,55,1000,150,400,401,1,0,213,47.54526022300706
uniform,55,1000,150,400,401,1,0,214,47.74978328900761
uniform,55,1000,150,400,401,1,0,215,47.972213386994554
uniform,55,1000,150,400,401,1,0,216,48.190865270997165
uniform,55,1000,150,400,401,1,0,217,48.39313712398871
uniform,55,1000,150,400,401,1,0,218,48.61151355999755
uniform,55,1000,150,400,401,1,0,219,48.83888938900782
uniform,55,1000,150,400,401,1,0,220,49.046628351992695
uniform,55,1000,150,400,401,1,0,221,49.25613209299627
uniform,55,1000,150,400,401,1,0,222,49.46941855599289
uniform,55,1000,150,400,401,1,0,223,49.688887980009895
uniform,55,1000,150,400,401,1,0,224,49.903486400988186
uniform,55,1000,150,400,401,1,0,225,50.12830054399092
uniform,55,1000,150,400,401,1,0,226,50.33212983599515
uniform,55,1000,150,400,401,1,0,227,50.5348524810106
uniform,55,1000,150,400,401,1,0,228,50.7450622630131
uniform,55,1000,150,400,401,1,0,229,50.95659194199834
uniform,55,1000,150,400,401,1,0,230,51.164074005006114
uniform,55,1000,150,400,401,1,0,231,51.37572173899389
uniform,55,1000,150,400,401,1,0,232,51.57743659400148
uniform,55,1000,150,400,401,1,0,233,51.77785452999524
uniform,55,1000,150,400,401,1,0,234,51.989328472991474
uniform,55,1000,150,400,401,1,0,235,52.203482284996426
uniform,55,1000,150,400,401,1,0,236,52.40945447899867
uniform,55,1000,150,400,401,1,0,237,52.61533388600219
uniform,55,1000,150,400,401,1,0,238,52.826937590987654
uniform,55,1000,150,400,401,1,0,239,53.0350423649943
uniform,55,1000,150,400,401,1,0,240,53.24603047198616
uniform,55,1000,150,400,401,1,0,241,53.45604216499487
uniform,55,1000,150,400,401,1,0,242,53.6804145250062
uniform,55,1000,150,400,401,1,0,243,53.908502423990285
uniform,55,1000,150,400,401,1,0,244,54.15488300900324
uniform,55,1000,150,400,401,1,0,245,54.40935864500352
uniform,55,1000,150,400,401,1,0,246,54.616980641992996
uniform,55,1000,150,400,401,1,0,247,54.82412615799694
uniform,55,1000,150,400,401,1,0,248,55.026545105996775
uniform,55,1000,150,400,401,1,0,249,55.25049412698718
uniform,55,1000,150,400,401,1,0,250,55.46033889299724
uniform,55,1000,150,400,401,1,0,251,55.66825585300103
uniform,55,1000,150,400,401,1,0,252,55.89045872801216
uniform,55,1000,150,400,401,1,0,253,56.097690477996366
uniform,55,1000,150,400,401,1,0,254,56.30055916501442
uniform,55,1000,150,400,400,0,1,255,56.52560341299977
uniform,56,500,150,196,198,2,0,1,0.1084429650218226
uniform,56,500,150,196,198,2,0,2,0.19129708100808784
uniform,56,500,150,196,198,2,0,3,0.2802720320178196
uniform,56,500,150,196,197,1,0,4,0.4936614030157216
uniform,56,500,150,196,197,1,0,5,0.6182407700107433
uniform,56,500,150,196,197,1,0,6,0.691925187013112
uniform,56,500,150,196,197,1,0,7,0.7680500870046671
uniform,56,500,150,196,197,1,0,8,0.8448260730074253
uniform,56,500,150,196,197,1,0,9,0.9367896809999365
uniform,56,500,150,196,197,1,0,10,1.0075486790155992
uniform,56,500,150,196,197,1,0,11,1.076902605011128
uniform,56,500,150,196,197,1,0,12,1.1547462560120039
uniform,56,500,150,196,197,1,0,13,1.2228309080237523
uniform,56,500,150,196,197,1,0,14,1.2997995580080897
uniform,56,500,150,196,197,1,0,15,1.3703110089991242
uniform,56,500,150,196,197,1,0,16,1.4387437970144674
uniform,56,500,150,196,197,1,0,17,1.5076735320035368
uniform,56,500,150,196,197,1,0,18,1.5736391240207013
uniform,56,500,150,196,197,1,0,19,1.6392496390035376
uniform,56,500,150,196,197,1,0,20,1.7080950600211509
uniform,56,500,150,196,197,1,0,21,1.7737695530231576
uniform,56,500,150,196,197,1,0,22,1.8441341110155918
uniform,56,500,150,196,197,1,0,23,1.9126115100225434
uniform,56,500,150,196,197,1,0,24,1.984403653012123
uniform,56,500,150,196,197,1,0,25,2.056475029006833
uniform,56,500,150,196,197,1,0,26,2.1212626729975455
uniform,56,500,150,196,197,1,0,27,2.182219990005251
uniform,56,500,150,196,197,1,0,28,2.245226890023332
uniform,56,500,150,196,197,1,0,29,2.327568048000103
uniform,56,500,150,196,197,1,0,30,2.394454257999314
uniform,56,500,150,196,197,1,0,31,2.4583790080214385
uniform,56,500,150,196,197,1,0,32,2.520488406997174
uniform,56,500,150,196,197,1,0,33,2.6000910850125365
uniform,56,500,150,196,197,1,0,34,2.662211388000287
uniform,56,500,150,196,197,1,0,35,2.738716246007243
uniform,56,500,150,196,197,1,0,36,2.805968736996874
uniform,56,500,150,196,197,1,0,37,2.8672262410109397
uniform,56,500,150,196,197,1,0,38,2.9332178850017954
uniform,56,500,150,196,197,1,0,39,2.994222981011262
uniform,56,500,150,196,197,1,0,40,3.075889013009146
uniform,56,500,150,196,197,1,0,41,3.140078121010447
uniform,56,500,150,196,197,1,0,42,3.2292434370028786
uniform,56,500,150,196,197,1,0,43,3.296665958012454
uniform,56,500,150,196,196,0,1,44,3.3816341210040264
uniform,57,1000,150,399,403,4,0,1,0.43661746600992046
uniform,57,1000,150,399,402,3,0,2,0.6613605740130879
uniform,57,1000,150,399,401,2,0,3,0.9134073910245206
uniform,57,1000,150,399,401,2,0,4,1.1664314830268268
uniform,57,1000,150,399,401,2,0,5,1.3932332800177392
uniform,57,1000,150,399,401,2,0,6,1.6303957400086801
uniform,57,1000,150,399,401,2,0,7,1.8639907560136635
uniform,57,1000,150,399,401,2,0,8,2.0850183440197725
uniform,57,1000,150,399,401,2,0,9,2.312990289006848
uniform,57,1000,150,399,401,2,0,10,2.568088197003817
uniform,57,1000,150,399,401,2,0,11,2.8311284570081625
uniform,57,1000,150,399,401,2,0,12,3.0921462710248306
uniform,57,1000,150,399,401,2,0,13,3.3814915580151137
uniform,57,1000,150,399,401,2,0,14,3.6055268199997954
uniform,57,1000,150,399,401,2,0,15,3.8312025910126977
uniform,57,1000,150,399,401,2,0,16,4.060300832003122
uniform,57,1000,150,399,401,2,0,17,4.311549663019832
uniform,57,1000,150,399,401,2,0,18,4.609261533012614
uniform,57,1000,150,399,401,2,0,19,4.843077737023123
uniform,57,1000,150,399,400,1,0,20,5.123086286999751
uniform,57,1000,150,399,400,1,0,21,5.406889814010356
uniform,57,1000,150,399,400,1,0,22,5.667942483007209
uniform,57,1000,150,399,400,1,0,23,5.908799923025072
uniform,57,1000,150,399,400,1,0,24,6.172312706010416
uniform,57,1000,150,399,400,1,0,25,6.472134350013221
uniform,57,1000,150,399,400,1,0,26,6.733005078014685
uniform,57,1000,150,399,400,1,0,27,7.003896594018443
uniform,57,1000,150,399,400,1,0,28,7.253550304012606
uniform,57,1000,150,399,400,1,0,29,7.48262986500049
uniform,57,1000,150,399,400,1,0,30,7.707231202017283
uniform,57,1000,150,399,400,1,0,31,7.931139550026273
uniform,57,1000,150,399,400,1,0,32,8.163864215021022
uniform,57,1000,150,399,400,1,0,33,8.40850263502216
uniform,57,1000,150,399,400,1,0,34,8.626200016005896
uniform,57,1000,150,399,400,1,0,35,8.849642609013245
uniform,57,1000,150,399,400,1,0,36,9.068001593026565
uniform,57,1000,150,399,400,1,0,37,9.291096800006926
uniform,57,1000,150,399,400,1,0,38,9.511085469013778
uniform,57,1000,150,399,400,1,0,39,9.809554670006037
uniform,57,1000,150,399,400,1,0,40,10.056974786013598
uniform,57,1000,150,399,400,1,0,41,10.298498276999453
uniform,57,1000,150,399,400,1,0,42,10.527553207008168
uniform,57,1000,150,399,400,1,0,43,10.764992159005487
uniform,57,1000,150,399,400,1,0,44,11.019264850008767
uniform,57,1000,150,399,400,1,0,45,11.255419185006758
uniform,57,1000,150,399,400,1,0,46,11.511155082000187
uniform,57,1000,150,399,400,1,0,47,11.816673129011178
uniform,57,1000,150,399,400,1,0,48,12.111837511009071
uniform,57,1000,150,399,400,1,0,49,12.545710375008639
uniform,57,1000,150,399,400,1,0,50,12.878828423010418
uniform,57,1000,150,399,400,1,0,51,13.221645785000874
uniform,57,1000,150,399,400,1,0,52,13.545305730018299
uniform,57,1000,150,399,400,1,0,53,13.814843970001675
uniform,57,1000,150,399,400,1,0,54,14.05799696300528
uniform,57,1000,150,399,400,1,0,55,14.302467639005044
uniform,57,1000,150,399,400,1,0,56,14.546465179999359
uniform,57,1000,150,399,400,1,0,57,14.78426815700368
uniform,57,1000,150,399,400,1,0,58,15.057049038005061
uniform,57,1000,150,399,400,1,0,59,15.285384740011068
uniform,57,1000,150,399,400,1,0,60,15.530777201027377
uniform,57,1000,150,399,400,1,0,61,15.762282063020393
uniform,57,1000,150,399,400,1,0,62,15.979261639004108
uniform,57,1000,150,399,400,1,0,63,16.197203253017506
uniform,57,1000,150,399,400,1,0,64,16.415247359022032
uniform,57,1000,150,399,400,1,0,65,16.637329167017015
uniform,57,1000,150,399,400,1,0,66,16.856475217005936
uniform,57,1000,150,399,400,1,0,67,17.091735340014566
uniform,57,1000,150,399,400,1,0,68,17.338890891027404
uniform,57,1000,150,399,400,1,0,69,17.56201932800468
uniform,57,1000,150,399,400,1,0,70,17.78638373099966
uniform,57,1000,150,399,400,1,0,71,18.018531940004323
uniform,57,1000,150,399,400,1,0,72,18.266304406017298
uniform,57,1000,150,399,400,1,0,73,18.493421974009834
uniform,57,1000,150,399,400,1,0,74,18.706631016015308
uniform,57,1000,150,399,400,1,0,75,18.942894814012107
uniform,57,1000,150,399,400,1,0,76,19.16044377500657
uniform,57,1000,150,399,400,1,0,77,19.384800664003706
uniform,57,1000,150,399,400,1,0,78,19.608576129016
uniform,57,1000,150,399,400,1,0,79,19.831045305007137
uniform,57,1000,150,399,400,1,0,80,20.04455627599964
uniform,57,1000,150,399,400,1,0,81,20.27485267299926
uniform,57,1000,150,399,400,1,0,82,20.498939405020792
uniform,57,1000,150,399,400,1,0,83,20.713984851026908
uniform,57,1000,150,399,400,1,0,84,20.992841978004435
uniform,57,1000,150,399,400,1,0,85,21.215659647015855
uniform,57,1000,150,399,400,1,0,86,21.431267255014973
uniform,57,1000,150,399,400,1,0,87,21.664706317009404
uniform,57,1000,150,399,400,1,0,88,21.887278910027817
uniform,57,1000,150,399,400,1,0,89,22.11078483602614
uniform,57,1000,150,399,400,1,0,90,22.32448002701858
uniform,57,1000,150,399,400,1,0,91,22.55230802501319
uniform,57,1000,150,399,400,1,0,92,22.773518736008555
uniform,57,1000,150,399,400,1,0,93,22.998364275001222
uniform,57,1000,150,399,400,1,0,94,23.23379819901311
uniform,57,1000,150,399,400,1,0,95,23.443739734007977
uniform,57,1000,150,399,400,1,0,96,23.671011038008146
uniform,57,1000,150,399,400,1,0,97,23.944045451004058
uniform,57,1000,150,399,400,1,0,98,24.153715652006213
uniform,57,1000,150,399,400,1,0,99,24.379039847000968
uniform,57,1000,150,399,400,1,0,100,24.599409737013048
uniform,57,1000,150,399,400,1,0,101,24.81017141000484
uniform,57,1000,150,399,400,1,0,102,25.017284944013227
uniform,57,1000,150,399,400,1,0,103,25.228466263011796
uniform,57,1000,150,399,400,1,0,104,25.46771356300451
uniform,57,1000,150,399,400,1,0,105,25.717549909022637
uniform,57,1000,150,399,400,1,0,106,25.92761817300925
uniform,57,1000,150,399,400,1,0,107,26.1332523660094
uniform,57,1000,150,399,400,1,0,108,26.351917641004547
uniform,57,1000,150,399,400,1,0,109,26.574663528008386
uniform,57,1000,150,399,400,1,0,110,26.81067125601112
uniform,57,1000,150,399,400,1,0,111,27.022576363000553
uniform,57,1000,150,399,400,1,0,112,27.237839821027592
uniform,57,1000,150,399,400,1,0,113,27.555670254019788
uniform,57,1000,150,399,400,1,0,114,27.778245999012142
uniform,57,1000,150,399,400,1,0,115,28.0070613650023
uniform,57,1000,150,399,399,0,1,116,28.227861060004216
uniform,58,120,150,49,50,1,0,1,0.007653690001461655
uniform,58,120,150,49,49,0,1,2,0.025090590002946556
uniform,59,120,150,49,50,1,0,1,0.013983859011204913
uniform,59,120,150,49,49,0,1,2,0.028381423006067052
uniform,60,1000,150,406,410,4,0,1,0.44906103098765016
uniform,60,1000,150,406,409,3,0,2,0.6861416989995632
uniform,60,1000,150,406,409,3,0,3,0.9499687819916289
uniform,60,1000,150,406,408,2,0,4,1.1894701079872902
uniform,60,1000,150,406,408,2,0,5,1.4661899879865814
uniform,60,1000,150,406,408,2,0,6,1.7139825109916274
uniform,60,1000,150,406,408,2,0,7,1.9569363849877845
uniform,60,1000,150,406,408,2,0,8,2.2004343000007793
uniform,60,1000,150,406,408,2,0,9,2.4247826150094625
uniform,60,1000,150,406,408,2,0,10,2.65896503298427
uniform,60,1000,150,406,408,2,0,11,2.8931610969884787
uniform,60,1000,150,406,408,2,0,12,3.154303599993
uniform,60,1000,150,406,408,2,0,13,3.390193839004496
uniform,60,1000,150,406,408,2,0,14,3.6185839509998914
uniform,60,1000,150,406,408,2,0,15,3.8514338079839945
uniform,60,1000,150,406,408,2,0,16,4.102836534992093
uniform,60,1000,150,406,408,2,0,17,4.329692063998664
uniform,60,1000,150,406,408,2,0,18,4.5780416170018725
uniform,60,1000,150,406,408,2,0,19,4.825994332990376
uniform,60,1000,150,406,408,2,0,20,5.070740914990893
uniform,60,1000,150,406,408,2,0,21,5.33399036899209
uniform,60,1000,150,406,408,2,0,22,5.557064709981205
uniform,60,1000,150,406,408,2,0,23,5.780517923005391
uniform,60,1000,150,406,408,2,0,24,6.007045237987768
uniform,60,1000,150,406,408,2,0,25,6.22923497800366
uniform,60,1000,150,406,408,2,0,26,6.452398275985615
uniform,60,1000,150,406,408,2,0,27,6.674131146981381
uniform,60,1000,150,406,408,2,0,28,6.933848601998761
uniform,60,1000,150,406,408,2,0,29,7.15438507500221
uniform,60,1000,150,406,408,2,0,30,7.390856087993598
uniform,60,1000,150,406,408,2,0,31,7.642702003999148
uniform,60,1000,150,406,408,2,0,32,7.86496402398916
uniform,60,1000,150,406,408,2,0,33,8.09496829600539
uniform,60,1000,150,406,408,2,0,34,8.33603761298582
uniform,60,1000,150,406,408,2,0,35,8.562813753989758
uniform,60,1000,150,406,408,2,0,36,8.843657249992248
uniform,60,1000,150,406,407,1,0,37,9.121282337990124
uniform,60,1000,150,406,407,1,0,38,9.345113229996059
uniform,60,1000,150,406,407,1,0,39,9.579651673004264
uniform,60,1000,150,406,407,1,0,40,9.79970854500425
uniform,60,1000,150,406,407,1,0,41,10.022852203983348
uniform,60,1000,150,406,407,1,0,42,10.253768067981582
uniform,60,1000,150,406,407,1,0,43,10.47310411700164
uniform,60,1000,150,406,407,1,0,44,10.692674368008738
uniform,60,1000,150,406,407,1,0,45,10.916022410005098
uniform,60,1000,150,406,407,1,0,46,11.13522914799978
uniform,60,1000,150,406,407,1,0,47,11.376163790991995
uniform,60,1000,150,406,407,1,0,48,11.606033991003642
uniform,60,1000,150,406,407,1,0,49,11.845121143007418
uniform,60,1000,150,406,407,1,0,50,12.070770966995042
uniform,60,1000,150,406,407,1,0,51,12.289099140005419
uniform,60,1000,150,406,407,1,0,52,12.518022606003797
uniform,60,1000,150,406,407,1,0,53,12.785898508998798
uniform,60,1000,150,406,407,1,0,54,13.04634721999173
uniform,60,1000,150,406,407,1,0,55,13.283297023997875
uniform,60,1000,150,406,407,1,0,56,13.512086581991753
uniform,60,1000,150,406,407,1,0,57,13.757521988009103
uniform,60,1000,150,406,407,1,0,58,14.01203802798409
uniform,60,1000,150,406,407,1,0,59,14.234416138002416
uniform,60,1000,150,406,407,1,0,60,14.461951662000502
uniform,60,1000,150,406,407,1,0,61,14.710835064004641
uniform,60,1000,150,406,407,1,0,62,14.961514322989387
uniform,60,1000,150,406,407,1,0,63,15.186781958007487
uniform,60,1000,150,406,407,1,0,64,15.431070680002449
uniform,60,1000,150,406,407,1,0,65,15.64903374700225
uniform,60,1000,150,406,407,1,0,66,15.86314577999292
uniform,60,1000,150,406,407,1,0,67,16.078395516989985
uniform,60,1000,150,406,407,1,0,68,16.31046995500219
uniform,60,1000,150,406,407,1,0,69,16.537246513995342
uniform,60,1000,150,406,407,1,0,70,16.753107074997388
uniform,60,1000,150,406,407,1,0,71,16.979682351986412
uniform,60,1000,150,406,407,1,0,72,17.20338093698956
uniform,60,1000,150,406,407,1,0,73,17.434078149002744
uniform,60,1000,150,406,407,1,0,74,17.660857006994775
uniform,60,1000,150,406,407,1,0,75,17.881492977991
uniform,60,1000,150,406,407,1,0,76,18.09634342600475
uniform,60,1000,150,406,407,1,0,77,18.3216270179837
uniform,60,1000,150,406,407,1,0,78,18.567450397997163
uniform,60,1000,150,406,407,1,0,79,18.802634116989793
uniform,60,1000,150,406,407,1,0,80,19.020254589995602
uniform,60,1000,150,406,407,1,0,81,19.23623141698772
uniform,60,1000,150,406,407,1,0,82,19.459146110981237
uniform,60,1000,150,406,407,1,0,83,19.677626122982474
uniform,60,1000,150,406,407,1,0,84,19.897979000990745
uniform,60,1000,150,406,407,1,0,85,20.121326913998928
uniform,60,1000,150,406,407,1,0,86,20.37544419799815
uniform,60,1000,150,406,407,1,0,87,20.608197967987508
uniform,60,1000,150,406,407,1,0,88,20.87064134699176
uniform,60,1000,150,406,407,1,0,89,21.18682082198211
uniform,60,1000,150,406,407,1,0,90,21.41153904100065
uniform,60,1000,150,406,407,1,0,91,21.645193225995172
uniform,60,1000,150,406,407,1,0,92,21.891426085989224
uniform,60,1000,150,406,407,1,0,93,22.108779098984087
uniform,60,1000,150,406,406,0,1,94,22.34330305500771
uniform,61,500,150,202,203,1,0,1,0.11713145999237895
uniform,61,500,150,202,203,1,0,2,0.20188276600674726
uniform,61,500,150,202,203,1,0,3,0.2726907389878761
uniform,61,500,150,202,203,1,0,4,0.3432313119992614
uniform,61,500,150,202,203,1,0,5,0.4636399759911001
uniform,61,500,150,202,203,1,0,6,0.5301324919855688
uniform,61,500,150,202,203,1,0,7,0.5945748509839177
uniform,61,500,150,202,203,1,0,8,0.6612139719945844
uniform,61,500,150,202,203,1,0,9,0.7288795560016297
uniform,61,500,150,202,203,1,0,10,0.7969305779843125
uniform,61,500,150,202,203,1,0,11,0.8688241159834433
uniform,61,500,150,202,203,1,0,12,0.9337381740042474
uniform,61,500,150,202,203,1,0,13,1.0130125489959028
uniform,61,500,150,202,203,1,0,14,1.0926813980040606
uniform,61,500,150,202,203,1,0,15,1.1620012180064805
uniform,61,500,150,202,203,1,0,16,1.2298999229969922
uniform,61,500,150,202,203,1,0,17,1.2946720680047292
uniform,61,500,150,202,203,1,0,18,1.3593340239895042
uniform,61,500,150,202,203,1,0,19,1.4231300659885164
uniform,61,500,150,202,203,1,0,20,1.488152459001867
uniform,61,500,150,202,203,1,0,21,1.562614025984658
uniform,61,500,150,202,203,1,0,22,1.6427308789861854
uniform,61,500,150,202,203,1,0,23,1.7195505099953152
uniform,61,500,150,202,203,1,0,24,1.7861381779948715
uniform,61,500,150,202,203,1,0,25,1.8581623779900838
uniform,61,500,150,202,203,1,0,26,1.924238373991102
uniform,61,500,150,202,203,1,0,27,1.998149335006019
uniform,61,500,150,202,203,1,0,28,2.071771949005779
uniform,61,500,150,202,203,1,0,29,2.135695773002226
uniform,61,500,150,202,203,1,0,30,2.2073657559813
uniform,61,500,150,202,203,1,0,31,2.2774470239819493
uniform,61,500,150,202,203,1,0,32,2.340936853986932
uniform,61,500,150,202,203,1,0,33,2.403679741983069
uniform,61,500,150,202,203,1,0,34,2.4723611079971306
uniform,61,500,150,202,203,1,0,35,2.5478963759960607
uniform,61,500,150,202,203,1,0,36,2.6292558609857224
uniform,61,500,150,202,203,1,0,37,2.7033162379811984
uniform,61,500,150,202,203,1,0,38,2.77751078599249
uniform,61,500,150,202,203,1,0,39,2.8586663249880075
uniform,61,500,150,202,203,1,0,40,2.9263383919897024
uniform,61,500,150,202,203,1,0,41,2.995579859998543
uniform,61,500,150,202,203,1,0,42,3.0803967340034433
uniform,61,500,150,202,202,0,1,43,3.157488614000613
uniform,62,1000,150,397,401,4,0,1,0.4768947619886603
uniform,62,1000,150,397,400,3,0,2,0.7135496039991267
uniform,62,1000,150,397,400,3,0,3,0.9508916649792809
uniform,62,1000,150,397,400,3,0,4,1.1724778139905538
uniform,62,1000,150,397,400,3,0,5,1.4303077109798323
uniform,62,1000,150,397,399,2,0,6,1.6646621709805913
uniform,62,1000,150,397,399,2,0,7,1.9027872089936864
uniform,62,1000,150,397,399,2,0,8,2.12447287098621
uniform,62,1000,150,397,399,2,0,9,2.346892126981402
uniform,62,1000,150,397,399,2,0,10,2.581534755998291
uniform,62,1000,150,397,399,2,0,11,2.835420253977645
uniform,62,1000,150,397,399,2,0,12,3.1129327089875005
uniform,62,1000,150,397,399,2,0,13,3.3797428279940505
uniform,62,1000,150,397,399,2,0,14,3.6178367219981737
uniform,62,1000,150,397,399,2,0,15,3.8624509779911023
uniform,62,1000,150,397,399,2,0,16,4.104692372988211
uniform,62,1000,150,397,399,2,0,17,4.33186634699814
uniform,62,1000,150,397,399,2,0,18,4.561210962972837
uniform,62,1000,150,397,399,2,0,19,4.816138212976512
uniform,62,1000,150,397,399,2,0,20,5.215525609994074
uniform,62,1000,150,397,399,2,0,21,5.462930814974243
uniform,62,1000,150,397,399,2,0,22,5.762917517975438
uniform,62,1000,150,397,399,2,0,23,6.035400732973358
uniform,62,1000,150,397,399,2,0,24,6.266230738983722
uniform,62,1000,150,397,399,2,0,25,6.4913433009933215
uniform,62,1000,150,397,399,2,0,26,6.7639710159855895
uniform,62,1000,150,397,399,2,0,27,6.996863558975747
uniform,62,1000,150,397,399,2,0,28,7.258006621996174
uniform,62,1000,150,397,399,2,0,29,7.482225725980243
uniform,62,1000,150,397,399,2,0,30,7.704522776999511
uniform,62,1000,150,397,399,2,0,31,7.936924128996907
uniform,62,1000,150,397,399,2,0,32,8.241705664986512
uniform,62,1000,150,397,398,1,0,33,8.466091122973012
uniform,62,1000,150,397,398,1,0,34,8.683924808981828
uniform,62,1000,150,397,398,1,0,35,8.939181698980974
uniform,62,1000,150,397,398,1,0,36,9.171085657988442
uniform,62,1000,150,397,398,1,0,37,9.388472895981977
uniform,62,1000,150,397,398,1,0,38,9.606495013984386
uniform,62,1000,150,397,398,1,0,39,9.8224996169738
uniform,62,1000,150,397,398,1,0,40,10.068376752984477
uniform,62,1000,150,397,398,1,0,41,10.310422843991546
uniform,62,1000,150,397,398,1,0,42,10.530035490985028
uniform,62,1000,150,397,398,1,0,43,10.758882336987881
uniform,62,1000,150,397,398,1,0,44,10.981288043985842
uniform,62,1000,150,397,398,1,0,45,11.236189511982957
uniform,62,1000,150,397,398,1,0,46,11.49751488797483
uniform,62,1000,150,397,398,1,0,47,11.754757536982652
uniform,62,1000,150,397,398,1,0,48,11.999424741981784
uniform,62,1000,150,397,398,1,0,49,12.229767924000043
uniform,62,1000,150,397,398,1,0,50,12.457671785989078
uniform,62,1000,150,397,398,1,0,51,12.707702322979458
uniform,62,1000,150,397,398,1,0,52,12.934836265980266
uniform,62,1000,150,397,398,1,0,53,13.189061550976476
uniform,62,1000,150,397,398,1,0,54,13.425965069996892
uniform,62,1000,150,397,398,1,0,55,13.726942437991966
uniform,62,1000,150,397,398,1,0,56,13.987469189974945
uniform,62,1000,150,397,398,1,0,57,14.20432462298777
uniform,62,1000,150,397,398,1,0,58,14.420892330992501
uniform,62,1000,150,397,398,1,0,59,14.641295668989187
uniform,62,1000,150,397,398,1,0,60,14.865755959996022
uniform,62,1000,150,397,398,1,0,61,15.09984177298611
uniform,62,1000,150,397,398,1,0,62,15.314780364977196
uniform,62,1000,150,397,398,1,0,63,15.531017051980598
uniform,62,1000,150,397,398,1,0,64,15.75603572797263
uniform,62,1000,150,397,398,1,0,65,15.993497800984187
uniform,62,1000,150,397,398,1,0,66,16.250917189987376
uniform,62,1000,150,397,398,1,0,67,16.489990857982775
uniform,62,1000,150,397,398,1,0,68,16.705303523980547
uniform,62,1000,150,397,398,1,0,69,17.01181186499889
uniform,62,1000,150,397,398,1,0,70,17.241302995971637
uniform,62,1000,150,397,398,1,0,71,17.46412887898623
uniform,62,1000,150,397,398,1,0,72,17.701095057971543
uniform,62,1000,150,397,398,1,0,73,17.94658593699569
uniform,62,1000,150,397,398,1,0,74,18.161629101989092
uniform,62,1000,150,397,398,1,0,75,18.37810009298846
uniform,62,1000,150,397,398,1,0,76,18.600036929972703
uniform,62,1000,150,397,398,1,0,77,18.82527968598879
uniform,62,1000,150,397,398,1,0,78,19.039231263974216
uniform,62,1000,150,397,398,1,0,79,19.27489770599641
uniform,62,1000,150,397,398,1,0,80,19.510295999993104
uniform,62,1000,150,397,398,1,0,81,19.72069537799689
uniform,62,1000,150,397,398,1,0,82,19.964102374971844
uniform,62,1000,150,397,398,1,0,83,20.191760237998096
uniform,62,1000,150,397,398,1,0,84,20.40440548598417
uniform,62,1000,150,397,398,1,0,85,20.636606749991188
uniform,62,1000,150,397,398,1,0,86,20.881674734991975
uniform,62,1000,150,397,398,1,0,87,21.10487866398762
uniform,62,1000,150,397,398,1,0,88,21.365485964983236
uniform,62,1000,150,397,398,1,0,89,21.60346468197531
uniform,62,1000,150,397,398,1,0,90,21.813236599991797
uniform,62,1000,150,397,398,1,0,91,22.046648182993522
uniform,62,1000,150,397,398,1,0,92,22.264061754976865
uniform,62,1000,150,397,398,1,0,93,22.478029627993237
uniform,62,1000,150,397,398,1,0,94,22.72870475097443
uniform,62,1000,150,397,398,1,0,95,22.95152325197705
uniform,62,1000,150,397,398,1,0,96,23.173602933995426
uniform,62,1000,150,397,398,1,0,97,23.416960076981923
uniform,62,1000,150,397,398,1,0,98,23.65258611997706
uniform,62,1000,150,397,398,1,0,99,23.886013914976502
uniform,62,1000,150,397,398,1,0,100,24.119062575977296
uniform,62,1000,150,397,398,1,0,101,24.344002066995017
uniform,62,1000,150,397,398,1,0,102,24.566090120992158
uniform,62,1000,150,397,398,1,0,103,24.78650194997317
uniform,62,1000,150,397,398,1,0,104,25.005395299987867
uniform,62,1000,150,397,398,1,0,105,25.217994281993015
uniform,62,1000,150,397,398,1,0,106,25.442218325973954
uniform,62,1000,150,397,398,1,0,107,25.65980817898526
uniform,62,1000,150,397,398,1,0,108,25.911369276989717
uniform,62,1000,150,397,398,1,0,109,26.14540775597561
uniform,62,1000,150,397,398,1,0,110,26.40603240497876
uniform,62,1000,150,397,398,1,0,111,26.648704639985226
uniform,62,1000,150,397,398,1,0,112,26.87034130297252
uniform,62,1000,150,397,398,1,0,113,27.158686185983242
uniform,62,1000,150,397,398,1,0,114,27.3681885189726
uniform,62,1000,150,397,398,1,0,115,27.594166311988374
uniform,62,1000,150,397,398,1,0,116,27.825134390994208
uniform,62,1000,150,397,398,1,0,117,28.05294070398668
uniform,62,1000,150,397,398,1,0,118,28.26955252297921
uniform,62,1000,150,397,398,1,0,119,28.48296206499799
uniform,62,1000,150,397,398,1,0,120,28.706111622974277
uniform,62,1000,150,397,398,1,0,121,28.9265955099836
uniform,62,1000,150,397,398,1,0,122,29.14278630699846
uniform,62,1000,150,397,398,1,0,123,29.359635002998402
uniform,62,1000,150,397,398,1,0,124,29.570101651974255
uniform,62,1000,150,397,398,1,0,125,29.81150573299965
uniform,62,1000,150,397,398,1,0,126,30.032486260985024
uniform,62,1000,150,397,398,1,0,127,30.239776088972576
uniform,62,1000,150,397,398,1,0,128,30.44645929397666
uniform,62,1000,150,397,398,1,0,129,30.668413579987828
uniform,62,1000,150,397,398,1,0,130,30.905165348987794
uniform,62,1000,150,397,398,1,0,131,31.144834898994304
uniform,62,1000,150,397,398,1,0,132,31.362438474985538
uniform,62,1000,150,397,398,1,0,133,31.5777371719887
uniform,62,1000,150,397,398,1,0,134,31.782162427000003
uniform,62,1000,150,397,398,1,0,135,31.99534068099456
uniform,62,1000,150,397,398,1,0,136,32.2226767919783
uniform,62,1000,150,397,398,1,0,137,32.449332525982754
uniform,62,1000,150,397,398,1,0,138,32.656303670984926
uniform,62,1000,150,397,398,1,0,139,32.87926601798972
uniform,62,1000,150,397,398,1,0,140,33.09579771498102
uniform,62,1000,150,397,398,1,0,141,33.29801054199925
uniform,62,1000,150,397,398,1,0,142,33.50684518698836
uniform,62,1000,150,397,398,1,0,143,33.71131223998964
uniform,62,1000,150,397,398,1,0,144,33.96324588599964
uniform,62,1000,150,397,398,1,0,145,34.19410689297365
uniform,62,1000,150,397,398,1,0,146,34.427950005978346
uniform,62,1000,150,397,398,1,0,147,34.63728977399296
uniform,62,1000,150,397,398,1,0,148,34.841660249978304
uniform,62,1000,150,397,398,1,0,149,35.091761192976264
uniform,62,1000,150,397,398,1,0,150,35.30071532499278
uniform,62,1000,150,397,398,1,0,151,35.54760946598253
uniform,62,1000,150,397,398,1,0,152,35.76265576999867
uniform,62,1000,150,397,398,1,0,153,36.01796700799605
uniform,62,1000,150,397,398,1,0,154,36.23089554099715
uniform,62,1000,150,397,398,1,0,155,36.445595493976725
uniform,62,1000,150,397,398,1,0,156,36.66930403999868
uniform,62,1000,150,397,398,1,0,157,36.88179998099804
uniform,62,1000,150,397,398,1,0,158,37.08447700398392
uniform,62,1000,150,397,398,1,0,159,37.28538018697873
uniform,62,1000,150,397,398,1,0,160,37.48323362399242
uniform,62,1000,150,397,398,1,0,161,37.69784571998753
uniform,62,1000,150,397,398,1,0,162,37.92180178198032
uniform,62,1000,150,397,398,1,0,163,38.13235039298888
uniform,62,1000,150,397,398,1,0,164,38.35561592399608
uniform,62,1000,150,397,398,1,0,165,38.57768767498783
uniform,62,1000,150,397,398,1,0,166,38.78255973398336
uniform,62,1000,150,397,398,1,0,167,39.006369284994435
uniform,62,1000,150,397,398,1,0,168,39.23242366799968
uniform,62,1000,150,397,398,1,0,169,39.44187718597823
uniform,62,1000,150,397,398,1,0,170,39.66932512097992
uniform,62,1000,150,397,398,1,0,171,39.87772135599516
uniform,62,1000,150,397,398,1,0,172,40.102412939973874
uniform,62,1000,150,397,398,1,0,173,40.31402185797924
uniform,62,1000,150,397,398,1,0,174,40.533459095982835
uniform,62,1000,150,397,398,1,0,175,40.745659194973996
uniform,62,1000,150,397,398,1,0,176,40.95308678399306
uniform,62,1000,150,397,398,1,0,177,41.19604526099283
uniform,62,1000,150,397,398,1,0,178,41.444892569998046
uniform,62,1000,150,397,398,1,0,179,41.6715091499791
uniform,62,1000,150,397,398,1,0,180,41.930087122978875
uniform,62,1000,150,397,398,1,0,181,42.15071182398242
uniform,62,1000,150,397,398,1,0,182,42.36588964299881
uniform,62,1000,150,397,398,1,0,183,42.570962826983305
uniform,62,1000,150,397,398,1,0,184,42.7982570809836
uniform,62,1000,150,397,398,1,0,185,43.00707442397834
uniform,62,1000,150,397,398,1,0,186,43.25067817798117
uniform,62,1000,150,397,398,1,0,187,43.46956768297241
uniform,62,1000,150,397,398,1,0,188,43.68276025899104
uniform,62,1000,150,397,398,1,0,189,43.901390360988444
uniform,62,1000,150,397,398,1,0,190,44.112660303973826
uniform,62,1000,150,397,398,1,0,191,44.32664080997347
uniform,62,1000,150,397,398,1,0,192,44.53550146199996
uniform,62,1000,150,397,398,1,0,193,44.747761993989116
uniform,62,1000,150,397,398,1,0,194,44.96803749198443
uniform,62,1000,150,397,398,1,0,195,45.179383516981034
uniform,62,1000,150,397,398,1,0,196,45.40159145297366
uniform,62,1000,150,397,398,1,0,197,45.60630377798225
uniform,62,1000,150,397,398,1,0,198,45.819613071973436
uniform,62,1000,150,397,398,1,0,199,46.03637942497153
uniform,62,1000,150,397,398,1,0,200,46.239590476994636
uniform,62,1000,150,397,398,1,0,201,46.47303040299448
uniform,62,1000,150,397,398,1,0,202,46.68312698198133
uniform,62,1000,150,397,398,1,0,203,46.90372462698724
uniform,62,1000,150,397,398,1,0,204,47.11237983198953
uniform,62,1000,150,397,398,1,0,205,47.33702612898196
uniform,62,1000,150,397,398,1,0,206,47.559198820992606
uniform,62,1000,150,397,398,1,0,207,47.78841947799083
uniform,62,1000,150,397,398,1,0,208,47.990303116996074
uniform,62,1000,150,397,398,1,0,209,48.22247282497119
uniform,62,1000,150,397,398,1,0,210,48.42470174797927
uniform,62,1000,150,397,398,1,0,211,48.64546049499768
uniform,62,1000,150,397,398,1,0,212,48.85174950797227
uniform,62,1000,150,397,398,1,0,213,49.087591308983974
uniform,62,1000,150,397,398,1,0,214,49.29875111297588
uniform,62,1000,150,397,398,1,0,215,49.50532629498048
uniform,62,1000,150,397,398,1,0,216,49.72105257498333
uniform,62,1000,150,397,398,1,0,217,49.956602182995994
uniform,62,1000,150,397,398,1,0,218,50.19325971798389
uniform,62,1000,150,397,398,1,0,219,50.39792582899099
uniform,62,1000,150,397,398,1,0,220,50.62246974097798
uniform,62,1000,150,397,398,1,0,221,50.828532671992434
uniform,62,1000,150,397,398,1,0,222,51.03216326699476
uniform,62,1000,150,397,398,1,0,223,51.23113951997948
uniform,62,1000,150,397,398,1,0,224,51.43653362998157
uniform,62,1000,150,397,398,1,0,225,51.656858831993304
uniform,62,1000,150,397,398,1,0,226,51.862836714979494
uniform,62,1000,150,397,398,1,0,227,52.070563586981734
uniform,62,1000,150,397,398,1,0,228,52.2858642229985
uniform,62,1000,150,397,398,1,0,229,52.50628471199889
uniform,62,1000,150,397,398,1,0,230,52.74223965397687
uniform,62,1000,150,397,398,1,0,231,53.03666945299483
uniform,62,1000,150,397,398,1,0,232,53.291451293975115
uniform,62,1000,150,397,398,1,0,233,53.52593339397572
uniform,62,1000,150,397,397,0,1,234,53.73771742999088
uniform,63,120,150,49,49,0,1,1,0.0099250839848537
uniform,64,250,150,101,102,1,0,1,0.03178808401571587
uniform,64,250,150,101,102,1,0,2,0.06216589899850078
uniform,64,250,150,101,102,1,0,3,0.08869724100804888
uniform,64,250,150,101,102,1,0,4,0.11899119199370034
uniform,64,250,150,101,102,1,0,5,0.14336538201314397
uniform,64,250,150,101,102,1,0,6,0.17000083799939603
uniform,64,250,150,101,102,1,0,7,0.1947935670032166
uniform,64,250,150,101,102,1,0,8,0.22069488401757553
uniform,64,250,150,101,102,1,0,9,0.25097727100364864
uniform,64,250,150,101,102,1,0,10,0.2762538680108264
uniform,64,250,150,101,102,1,0,11,0.3019852510187775
uniform,64,250,150,101,102,1,0,12,0.33187966799596325
uniform,64,250,150,101,102,1,0,13,0.3570411550172139
uniform,64,250,150,101,102,1,0,14,0.3880080810049549
uniform,64,250,150,101,102,1,0,15,0.4197325569984969
uniform,64,250,150,101,102,1,0,16,0.4452079140173737
uniform,64,250,150,101,102,1,0,17,0.4704740750021301
uniform,64,250,150,101,102,1,0,18,0.5032113940105774
uniform,64,250,150,101,102,1,0,19,0.5292170690081548
uniform,64,250,150,101,102,1,0,20,0.5563433149945922
uniform,64,250,150,101,102,1,0,21,0.5871194119972643
uniform,64,250,150,101,102,1,0,22,0.6154426620050799
uniform,64,250,150,101,102,1,0,23,0.6403207030089106
uniform,64,250,150,101,102,1,0,24,0.6698866460064892
uniform,64,250,150,101,102,1,0,25,0.6963228140084539
uniform,64,250,150,101,102,1,0,26,0.7231683790159877
uniform,64,250,150,101,102,1,0,27,0.7485335410165135
uniform,64,250,150,101,102,1,0,28,0.7840958590095397
uniform,64,250,150,101,102,1,0,29,0.8138146029959898
uniform,64,250,150,101,102,1,0,30,0.8410788220062386
uniform,64,250,150,101,102,1,0,31,0.868718509998871
uniform,64,250,150,101,102,1,0,32,0.893353270017542
uniform,64,250,150,101,102,1,0,33,0.9193542819994036
uniform,64,250,150,101,102,1,0,34,0.9492559850041289
uniform,64,250,150,101,102,1,0,35,0.9745916730025783
uniform,64,250,150,101,102,1,0,36,1.0035252450034022
uniform,64,250,150,101,102,1,0,37,1.0323772249976173
uniform,64,250,150,101,102,1,0,38,1.061172414018074
uniform,64,250,150,101,102,1,0,39,1.0847798460163176
uniform,64,250,150,101,102,1,0,40,1.117458633001661
uniform,64,250,150,101,102,1,0,41,1.1440581060014665
uniform,64,250,150,101,102,1,0,42,1.1785660070017911
uniform,64,250,150,101,102,1,0,43,1.2048747260123491
uniform,64,250,150,101,102,1,0,44,1.2347295380022842
uniform,64,250,150,101,102,1,0,45,1.258502764016157
uniform,64,250,150,101,102,1,0,46,1.2814493050100282
uniform,64,250,150,101,102,1,0,47,1.3124886070145294
uniform,64,250,150,101,102,1,0,48,1.338687982992269
uniform,64,250,150,101,102,1,0,49,1.3632917270006146
uniform,64,250,150,101,102,1,0,50,1.3934092190174852
uniform,64,250,150,101,102,1,0,51,1.4183783050102647
uniform,64,250,150,101,102,1,0,52,1.4542077030055225
uniform,64,250,150,101,102,1,0,53,1.4820815620187204
uniform,64,250,150,101,102,1,0,54,1.5055365090083797
uniform,64,250,150,101,102,1,0,55,1.5292324750043917
uniform,64,250,150,101,102,1,0,56,1.5601567800040357
uniform,64,250,150,101,102,1,0,57,1.5858968470129184
uniform,64,250,150,101,101,0,1,58,1.6121702259988524
uniform,65,1000,150,401,405,4,0,1,0.43065839700284414
uniform,65,1000,150,401,404,3,0,2,0.6867853379808366
uniform,65,1000,150,401,404,3,0,3,0.9269034259777982
uniform,65,1000,150,401,404,3,0,4,1.162821753998287
uniform,65,1000,150,401,404,3,0,5,1.3951206159836147
uniform,65,1000,150,401,404,3,0,6,1.6226586239936296
uniform,65,1000,150,401,404,3,0,7,1.844283402984729
uniform,65,1000,150,401,403,2,0,8,2.145452430995647
uniform,65,1000,150,401,403,2,0,9,2.3737792820029426
uniform,65,1000,150,401,403,2,0,10,2.629669149988331
uniform,65,1000,150,401,403,2,0,11,2.8629247959761415
uniform,65,1000,150,401,403,2,0,12,3.1101083959802054
uniform,65,1000,150,401,403,2,0,13,3.3335568199981935
uniform,65,1000,150,401,403,2,0,14,3.574542816990288
uniform,65,1000,150,401,403,2,0,15,3.8008244369993918
uniform,65,1000,150,401,403,2,0,16,4.078899196989369
uniform,65,1000,150,401,403,2,0,17,4.343323065986624
uniform,65,1000,150,401,403,2,0,18,4.587393463996705
uniform,65,1000,150,401,402,1,0,19,4.92623538497719
uniform,65,1000,150,401,402,1,0,20,5.1719943889766
uniform,65,1000,150,401,402,1,0,21,5.409202535985969
uniform,65,1000,150,401,402,1,0,22,5.646950370981358
uniform,65,1000,150,401,402,1,0,23,5.932957575976616
uniform,65,1000,150,401,402,1,0,24,6.168631279986585
uniform,65,1000,150,401,402,1,0,25,6.391377605003072
uniform,65,1000,150,401,402,1,0,26,6.617493077996187
uniform,65,1000,150,401,402,1,0,27,6.837664720980683
uniform,65,1000,150,401,402,1,0,28,7.077131992991781
uniform,65,1000,150,401,402,1,0,29,7.299231155979214
uniform,65,1000,150,401,402,1,0,30,7.520580632990459
uniform,65,1000,150,401,402,1,0,31,7.741472301975591
uniform,65,1000,150,401,402,1,0,32,7.959933264995925
uniform,65,1000,150,401,402,1,0,33,8.178480448987102
uniform,65,1000,150,401,402,1,0,34,8.40083207297721
uniform,65,1000,150,401,402,1,0,35,8.62213427000097
uniform,65,1000,150,401,402,1,0,36,8.872041255002841
uniform,65,1000,150,401,402,1,0,37,9.109495846991194
uniform,65,1000,150,401,402,1,0,38,9.330729370994959
uniform,65,1000,150,401,402,1,0,39,9.556867526000133
uniform,65,1000,150,401,402,1,0,40,9.93470736098243
uniform,65,1000,150,401,402,1,0,41,10.204355144989677
uniform,65,1000,150,401,402,1,0,42,10.459532266977476
uniform,65,1000,150,401,402,1,0,43,10.737769631989067
uniform,65,1000,150,401,402,1,0,44,10.964836973987985
uniform,65,1000,150,401,402,1,0,45,11.245110484975157
uniform,65,1000,150,401,402,1,0,46,11.46595921498374
uniform,65,1000,150,401,402,1,0,47,11.69770118498127
uniform,65,1000,150,401,402,1,0,48,11.919643948989687
uniform,65,1000,150,401,402,1,0,49,12.164800615981221
uniform,65,1000,150,401,402,1,0,50,12.382788636983605
uniform,65,1000,150,401,402,1,0,51,12.59789556497708
uniform,65,1000,150,401,402,1,0,52,12.816281677980442
uniform,65,1000,150,401,402,1,0,53,13.051414426998235
uniform,65,1000,150,401,402,1,0,54,13.308759959996678
uniform,65,1000,150,401,402,1,0,55,13.522855978982989
uniform,65,1000,150,401,402,1,0,56,13.739377568999771
uniform,65,1000,150,401,402,1,0,57,13.953488489001757
uniform,65,1000,150,401,402,1,0,58,14.170205275993794
uniform,65,1000,150,401,402,1,0,59,14.423975101992255
uniform,65,1000,150,401,402,1,0,60,14.648593060992425
uniform,65,1000,150,401,402,1,0,61,14.877457742986735
uniform,65,1000,150,401,402,1,0,62,15.095393477997277
uniform,65,1000,150,401,402,1,0,63,15.3047037810029
uniform,65,1000,150,401,402,1,0,64,15.545150744990679
uniform,65,1000,150,401,402,1,0,65,15.759707835997688
uniform,65,1000,150,401,402,1,0,66,16.003044069977477
uniform,65,1000,150,401,402,1,0,67,16.249668596981792
uniform,65,1000,150,401,402,1,0,68,16.537975468992954
uniform,65,1000,150,401,402,1,0,69,16.77393310298794
uniform,65,1000,150,401,402,1,0,70,17.006733121990692
uniform,65,1000,150,401,402,1,0,71,17.25576249998994
uniform,65,1000,150,401,402,1,0,72,17.491484010999557
uniform,65,1000,150,401,402,1,0,73,17.747749275004026
uniform,65,1000,150,401,402,1,0,74,17.99074083098094
uniform,65,1000,150,401,402,1,0,75,18.292552183003863
uniform,65,1000,150,401,402,1,0,76,18.51518796797609
uniform,65,1000,150,401,402,1,0,77,18.72792747398489
uniform,65,1000,150,401,402,1,0,78,18.944951737998053
uniform,65,1000,150,401,402,1,0,79,19.157754144980572
uniform,65,1000,150,401,402,1,0,80,19.37073005599086
uniform,65,1000,150,401,402,1,0,81,19.601260415976867
uniform,65,1000,150,401,402,1,0,82,19.812114250002196
uniform,65,1000,150,401,402,1,0,83,20.04019687397522
uniform,65,1000,150,401,402,1,0,84,20.269103236991214
uniform,65,1000,150,401,402,1,0,85,20.498653316986747
uniform,65,1000,150,401,402,1,0,86,20.709864133998053
uniform,65,1000,150,401,402,1,0,87,20.936420237994753
uniform,65,1000,150,401,402,1,0,88,21.157747905992437
uniform,65,1000,150,401,402,1,0,89,21.40450265398249
uniform,65,1000,150,401,402,1,0,90,21.637007383978926
uniform,65,1000,150,401,402,1,0,91,21.849966651003342
uniform,65,1000,150,401,402,1,0,92,22.096276269992813
uniform,65,1000,150,401,402,1,0,93,22.315196701994864
uniform,65,1000,150,401,402,1,0,94,22.538392975984607
uniform,65,1000,150,401,402,1,0,95,22.747632904996863
uniform,65,1000,150,401,402,1,0,96,22.96707786299521
uniform,65,1000,150,401,402,1,0,97,23.17866954699275
uniform,65,1000,150,401,402,1,0,98,23.42807203499251
uniform,65,1000,150,401,402,1,0,99,23.650256715976866
uniform,65,1000,150,401,402,1,0,100,23.882544501975644
uniform,65,1000,150,401,402,1,0,101,24.10075394398882
uniform,65,1000,150,401,402,1,0,102,24.327472814999055
uniform,65,1000,150,401,402,1,0,103,24.57198076698114
uniform,65,1000,150,401,402,1,0,104,24.79198474797886
uniform,65,1000,150,401,402,1,0,105,25.006781489995774
uniform,65,1000,150,401,402,1,0,106,25.21802728198236
uniform,65,1000,150,401,402,1,0,107,25.425760490994435
uniform,65,1000,150,401,402,1,0,108,25.636275039985776
uniform,65,1000,150,401,402,1,0,109,25.844003409001743
uniform,65,1000,150,401,402,1,0,110,26.086247893981636
uniform,65,1000,150,401,402,1,0,111,26.313608653988922
uniform,65,1000,150,401,402,1,0,112,26.526806615001988
uniform,65,1000,150,401,402,1,0,113,26.736250916001154
uniform,65,1000,150,401,402,1,0,114,26.945155483001145
uniform,65,1000,150,401,402,1,0,115,27.163187809986994
uniform,65,1000,150,401,402,1,0,116,27.386764573981054
uniform,65,1000,150,401,402,1,0,117,27.600297531986143
uniform,65,1000,150,401,402,1,0,118,27.811238708003657
uniform,65,1000,150,401,401,0,1,119,28.088750088994857
uniform,66,120,150,48,49,1,0,1,0.007666007004445419
uniform,66,120,150,48,49,1,0,2,0.024161175009794533
uniform,66,120,150,48,49,1,0,3,0.038436875998741016
uniform,66,120,150,48,49,1,0,4,0.05281756000476889
uniform,66,120,150,48,49,1,0,5,0.06669778100331314
uniform,66,120,150,48,49,1,0,6,0.08294771998771466
uniform,66,120,150,48,49,1,0,7,0.09669147699605674
uniform,66,120,150,48,49,1,0,8,0.11049125698627904
uniform,66,120,150,48,49,1,0,9,0.12204961100360379
uniform,66,120,150,48,49,1,0,10,0.13446888499311171
uniform,66,120,150,48,49,1,0,11,0.14839727300568484
uniform,66,120,150,48,49,1,0,12,0.16159337598946877
uniform,66,120,150,48,49,1,0,13,0.17498367300140671
uniform,66,120,150,48,49,1,0,14,0.18975591799244285
uniform,66,120,150,48,49,1,0,15,0.20515156901092269
uniform,66,120,150,48,49,1,0,16,0.21839904598891735
uniform,66,120,150,48,49,1,0,17,0.23149906899197958
uniform,66,120,150,48,49,1,0,18,0.24651232999167405
uniform,66,120,150,48,49,1,0,19,0.2587464980024379
uniform,66,120,150,48,49,1,0,20,0.2746784439950716
uniform,66,120,150,48,49,1,0,21,0.2882433059858158
uniform,66,120,150,48,49,1,0,22,0.3042690999864135
uniform,66,120,150,48,49,1,0,23,0.317983690998517
uniform,66,120,150,48,48,0,1,24,0.33169088198337704
uniform,67,120,150,52,52,0,1,1,0.007472519006114453
uniform,68,500,150,206,207,1,0,1,0.11668993599596433
uniform,68,500,150,206,206,0,1,2,0.19565520499600098
uniform,69,120,150,48,48,0,1,1,0.01207078801235184
uniform,70,1000,150,400,403,3,0,1,0.4449616330093704
uniform,70,1000,150,400,402,2,0,2,0.7113720060151536
uniform,70,1000,150,400,402,2,0,3,0.9436906120099593
uniform,70,1000,150,400,401,1,0,4,1.1730122930021025
uniform,70,1000,150,400,401,1,0,5,1.5026449510187376
uniform,70,1000,150,400,401,1,0,6,1.7303705270169303
uniform,70,1000,150,400,401,1,0,7,1.951976887008641
uniform,70,1000,150,400,401,1,0,8,2.1791954069922213
uniform,70,1000,150,400,401,1,0,9,2.4219982080103364
uniform,70,1000,150,400,401,1,0,10,2.6576751219981816
uniform,70,1000,150,400,401,1,0,11,2.881449826003518
uniform,70,1000,150,400,401,1,0,12,3.1191094999958295
uniform,70,1000,150,400,401,1,0,13,3.353492747002747
uniform,70,1000,150,400,401,1,0,14,3.5852985130040906
uniform,70,1000,150,400,401,1,0,15,3.809874058002606
uniform,70,1000,150,400,401,1,0,16,4.034399854019284
uniform,70,1000,150,400,401,1,0,17,4.262051385012455
uniform,70,1000,150,400,401,1,0,18,4.487605294998502
uniform,70,1000,150,400,401,1,0,19,4.713424104993464
uniform,70,1000,150,400,401,1,0,20,4.93873320001876
uniform,70,1000,150,400,401,1,0,21,5.164103660004912
uniform,70,1000,150,400,401,1,0,22,5.414356255991152
uniform,70,1000,150,400,401,1,0,23,5.664758639992215
uniform,70,1000,150,400,401,1,0,24,5.917557000007946
uniform,70,1000,150,400,401,1,0,25,6.169787713995902
uniform,70,1000,150,400,401,1,0,26,6.407303193991538
uniform,70,1000,150,400,401,1,0,27,6.638844466011506
uniform,70,1000,150,400,401,1,0,28,6.86217882699566
uniform,70,1000,150,400,401,1,0,29,7.153959695016965
uniform,70,1000,150,400,401,1,0,30,7.3759994260035455
uniform,70,1000,150,400,401,1,0,31,7.596597102994565
uniform,70,1000,150,400,401,1,0,32,7.822281861008378
uniform,70,1000,150,400,401,1,0,33,8.055330958013656
uniform,70,1000,150,400,401,1,0,34,8.28765380801633
uniform,70,1000,150,400,401,1,0,35,8.538628890004475
uniform,70,1000,150,400,401,1,0,36,8.881486074009445
uniform,70,1000,150,400,401,1,0,37,9.120205963001354
uniform,70,1000,150,400,401,1,0,38,9.342510237009265
uniform,70,1000,150,400,401,1,0,39,9.618991949013434
uniform,70,1000,150,400,401,1,0,40,9.902602267015027
uniform,70,1000,150,400,401,1,0,41,10.160465245018713
uniform,70,1000,150,400,401,1,0,42,10.479817637009546
uniform,70,1000,150,400,401,1,0,43,10.814521844993578
uniform,70,1000,150,400,401,1,0,44,11.079411208018428
uniform,70,1000,150,400,401,1,0,45,11.31507990899263
uniform,70,1000,150,400,401,1,0,46,11.537379929010058
uniform,70,1000,150,400,401,1,0,47,11.777567484998144
uniform,70,1000,150,400,401,1,0,48,11.999910614016699
uniform,70,1000,150,400,401,1,0,49,12.27445056400029
uniform,70,1000,150,400,401,1,0,50,12.51333710300969
uniform,70,1000,150,400,401,1,0,51,12.732903629017528
uniform,70,1000,150,400,401,1,0,52,12.962979453994194
uniform,70,1000,150,400,401,1,0,53,13.182501282019075
uniform,70,1000,150,400,401,1,0,54,13.420705329015618
uniform,70,1000,150,400,401,1,0,55,13.675250483996933
uniform,70,1000,150,400,401,1,0,56,13.894779393012868
uniform,70,1000,150,400,401,1,0,57,14.158569635997992
uniform,70,1000,150,400,401,1,0,58,14.386070039006881
uniform,70,1000,150,400,401,1,0,59,14.62314654799411
uniform,70,1000,150,400,401,1,0,60,14.848051918990677
uniform,70,1000,150,400,401,1,0,61,15.127039887011051
uniform,70,1000,150,400,401,1,0,62,15.377044321998255
uniform,70,1000,150,400,401,1,0,63,15.597811457002535
uniform,70,1000,150,400,401,1,0,64,15.949824906012509
uniform,70,1000,150,400,401,1,0,65,16.177659573004348
uniform,70,1000,150,400,401,1,0,66,16.425121509004384
uniform,70,1000,150,400,401,1,0,67,16.6624353149964
uniform,70,1000,150,400,401,1,0,68,16.889023116993485
uniform,70,1000,150,400,401,1,0,69,17.128854664013488
uniform,70,1000,150,400,401,1,0,70,17.405348230997333
uniform,70,1000,150,400,401,1,0,71,17.649532748997444
uniform,70,1000,150,400,401,1,0,72,17.89389005600242
uniform,70,1000,150,400,401,1,0,73,18.121316716016736
uniform,70,1000,150,400,401,1,0,74,18.359796078992076
uniform,70,1000,150,400,401,1,0,75,18.583722300012596
uniform,70,1000,150,400,401,1,0,76,18.826363678002963
uniform,70,1000,150,400,401,1,0,77,19.098869002016727
uniform,70,1000,150,400,401,1,0,78,19.365480812004535
uniform,70,1000,150,400,400,0,1,79,19.597219243994914
uniform,71,120,150,46,46,0,1,1,0.01354198798071593
uniform,72,120,150,49,49,0,1,1,0.013868346024537459
uniform,73,120,150,50,50,0,1,1,0.014353164006024599
uniform,74,500,150,202,204,2,0,1,0.11287950800033286
uniform,74,500,150,202,204,2,0,2,0.19767968298401684
uniform,74,500,150,202,203,1,0,3,0.27768023998942226
uniform,74,500,150,202,203,1,0,4,0.3524314090027474
uniform,74,500,150,202,203,1,0,5,0.43122099997708574
uniform,74,500,150,202,203,1,0,6,0.4978635709849186
uniform,74,500,150,202,203,1,0,7,0.5668887709907722
uniform,74,500,150,202,203,1,0,8,0.6475232719967607
uniform,74,500,150,202,203,1,0,9,0.7432777629874181
uniform,74,500,150,202,203,1,0,10,0.8137816219823435
uniform,74,500,150,202,203,1,0,11,0.8836383509915322
uniform,74,500,150,202,203,1,0,12,0.949675276002381
uniform,74,500,150,202,203,1,0,13,1.0135510429972783
uniform,74,500,150,202,203,1,0,14,1.0895922209892888
uniform,74,500,150,202,203,1,0,15,1.1772579689859413
uniform,74,500,150,202,203,1,0,16,1.2575920179951936
uniform,74,500,150,202,203,1,0,17,1.3380259569967166
uniform,74,500,150,202,203,1,0,18,1.4055868870054837
uniform,74,500,150,202,203,1,0,19,1.5015259629872162
uniform,74,500,150,202,203,1,0,20,1.5899473049794324
uniform,74,500,150,202,203,1,0,21,1.6547820809937548
uniform,74,500,150,202,203,1,0,22,1.7298165219835937
uniform,74,500,150,202,203,1,0,23,1.8037427279923577
uniform,74,500,150,202,203,1,0,24,1.8952719419903588
uniform,74,500,150,202,202,0,1,25,1.9648633069882635
uniform,75,250,150,100,101,1,0,1,0.030740143003640696
uniform,75,250,150,100,101,1,0,2,0.05794282301212661
uniform,75,250,150,100,101,1,0,3,0.08475429299869575
uniform,75,250,150,100,101,1,0,4,0.10944964701775461
uniform,75,250,150,100,101,1,0,5,0.13753274900955148
uniform,75,250,150,100,101,1,0,6,0.16380223201122135
uniform,75,250,150,100,101,1,0,7,0.19290666401502676
uniform,75,250,150,100,100,0,1,8,0.2311712930095382
uniform,76,1000,150,397,403,6,0,1,0.4357020229799673
uniform,76,1000,150,397,403,6,0,2,0.6634596329822671
uniform,76,1000,150,397,402,5,0,3,0.9275826450029854
uniform,76,1000,150,397,402,5,0,4,1.1485638929880224
uniform,76,1000,150,397,401,4,0,5,1.3747868700011168
uniform,76,1000,150,397,401,4,0,6,1.607517498981906
uniform,76,1000,150,397,401,4,0,7,1.8286451349849813
uniform,76,1000,150,397,401,4,0,8,2.0490579679899383
uniform,76,1000,150,397,401,4,0,9,2.284264224988874
uniform,76,1000,150,397,401,4,0,10,2.5065926009847317
uniform,76,1000,150,397,401,4,0,11,2.7284281679894775
uniform,76,1000,150,397,401,4,0,12,2.9495919719920494
uniform,76,1000,150,397,401,4,0,13,3.2662502430030145
uniform,76,1000,150,397,401,4,0,14,3.514914305997081
uniform,76,1000,150,397,401,4,0,15,3.84072549600387
uniform,76,1000,150,397,401,4,0,16,4.064739634981379
uniform,76,1000,150,397,400,3,0,17,4.31008651398588
uniform,76,1000,150,397,400,3,0,18,4.55296985199675
uniform,76,1000,150,397,400,3,0,19,4.7844423269853
uniform,76,1000,150,397,400,3,0,20,5.020877417991869
uniform,76,1000,150,397,400,3,0,21,5.251287191989832
uniform,76,1000,150,397,400,3,0,22,5.481309452006826
uniform,76,1000,150,397,400,3,0,23,5.7080840389826335
uniform,76,1000,150,397,400,3,0,24,5.935616023984039
uniform,76,1000,150,397,400,3,0,25,6.1552009459992405
uniform,76,1000,150,397,400,3,0,26,6.3993517640046775
uniform,76,1000,150,397,400,3,0,27,6.620932341989828
uniform,76,1000,150,397,400,3,0,28,6.842218069999944
uniform,76,1000,150,397,400,3,0,29,7.081149984995136
uniform,76,1000,150,397,400,3,0,30,7.331997787987348
uniform,76,1000,150,397,400,3,0,31,7.5986224449879956
uniform,76,1000,150,397,400,3,0,32,7.870555962988874
uniform,76,1000,150,397,400,3,0,33,8.098715125990566
uniform,76,1000,150,397,400,3,0,34,8.34588975799852
uniform,76,1000,150,397,400,3,0,35,8.566664815996774
uniform,76,1000,150,397,400,3,0,36,8.78793448099168
uniform,76,1000,150,397,400,3,0,37,9.008823448006297
uniform,76,1000,150,397,400,3,0,38,9.232266557984985
uniform,76,1000,150,397,400,3,0,39,9.479521308006952
uniform,76,1000,150,397,400,3,0,40,9.707017359993188
uniform,76,1000,150,397,400,3,0,41,9.937543557985919
uniform,76,1000,150,397,400,3,0,42,10.16306377798901
uniform,76,1000,150,397,400,3,0,43,10.408115800004452
uniform,76,1000,150,397,400,3,0,44,10.625048942980357
uniform,76,1000,150,397,400,3,0,45,10.843472262000432
uniform,76,1000,150,397,400,3,0,46,11.071160788997076
uniform,76,1000,150,397,400,3,0,47,11.285266468999907
uniform,76,1000,150,397,400,3,0,48,11.50037934698048
uniform,76,1000,150,397,400,3,0,49,11.71721833900665
uniform,76,1000,150,397,400,3,0,50,11.945217642001808
uniform,76,1000,150,397,400,3,0,51,12.161215144995367
uniform,76,1000,150,397,400,3,0,52,12.437256150995381
uniform,76,1000,150,397,400,3,0,53,12.7199556150008
uniform,76,1000,150,397,400,3,0,54,12.966321888990933
uniform,76,1000,150,397,400,3,0,55,13.202350656007184
uniform,76,1000,150,397,400,3,0,56,13.44533032597974
uniform,76,1000,150,397,400,3,0,57,13.6918086509977
uniform,76,1000,150,397,400,3,0,58,13.933410622994415
uniform,76,1000,150,397,400,3,0,59,14.1574977299897
uniform,76,1000,150,397,400,3,0,60,14.375431311986176
uniform,76,1000,150,397,400,3,0,61,14.60057500199764
uniform,76,1000,150,397,400,3,0,62,14.817117141006747
uniform,76,1000,150,397,400,3,0,63,15.052577191992896
uniform,76,1000,150,397,400,3,0,64,15.270979930006433
uniform,76,1000,150,397,400,3,0,65,15.48757180699613
uniform,76,1000,150,397,400,3,0,66,15.703611068980535
uniform,76,1000,150,397,400,3,0,67,15.918124616000568
uniform,76,1000,150,397,400,3,0,68,16.130351341998903
uniform,76,1000,150,397,400,3,0,69,16.344576334988233
uniform,76,1000,150,397,400,3,0,70,16.54727818799438
uniform,76,1000,150,397,400,3,0,71,16.7584482950042
uniform,76,1000,150,397,400,3,0,72,16.97175368000171
uniform,76,1000,150,397,400,3,0,73,17.212405895988923
uniform,76,1000,150,397,400,3,0,74,17.42762533799396
uniform,76,1000,150,397,400,3,0,75,17.650970054004574
uniform,76,1000,150,397,400,3,0,76,17.861176976002753
uniform,76,1000,150,397,400,3,0,77,18.078727324987995
uniform,76,1000,150,397,400,3,0,78,18.298379299987573
uniform,76,1000,150,397,400,3,0,79,18.522443160996772
uniform,76,1000,150,397,400,3,0,80,18.731914804986445
uniform,76,1000,150,397,400,3,0,81,18.966087715001777
uniform,76,1000,150,397,400,3,0,82,19.21631454100134
uniform,76,1000,150,397,400,3,0,83,19.468768572987756
uniform,76,1000,150,397,400,3,0,84,19.688848955993308
uniform,76,1000,150,397,400,3,0,85,19.916372526000487
uniform,76,1000,150,397,400,3,0,86,20.154291983984876
uniform,76,1000,150,397,400,3,0,87,20.382164579990786
uniform,76,1000,150,397,400,3,0,88,20.624703926005168
uniform,76,1000,150,397,400,3,0,89,20.84835506399395
uniform,76,1000,150,397,400,3,0,90,21.06128482799977
uniform,76,1000,150,397,399,2,0,91,21.28243322498747
uniform,76,1000,150,397,399,2,0,92,21.50333459500689
uniform,76,1000,150,397,399,2,0,93,21.713676547980867
uniform,76,1000,150,397,399,2,0,94,21.924224319984205
uniform,76,1000,150,397,399,2,0,95,22.136341590987286
uniform,76,1000,150,397,399,2,0,96,22.34821775997989
uniform,76,1000,150,397,399,2,0,97,22.563319649983896
uniform,76,1000,150,397,399,2,0,98,22.774232370982645
uniform,76,1000,150,397,399,2,0,99,23.000468473008368
uniform,76,1000,150,397,399,2,0,100,23.212297970982036
uniform,76,1000,150,397,399,2,0,101,23.435984630981693
uniform,76,1000,150,397,399,2,0,102,23.650944716995582
uniform,76,1000,150,397,399,2,0,103,23.860051541996654
uniform,76,1000,150,397,399,2,0,104,24.07838880698546
uniform,76,1000,150,397,399,2,0,105,24.287542111997027
uniform,76,1000,150,397,399,2,0,106,24.507720155990683
uniform,76,1000,150,397,399,2,0,107,24.739834012987558
uniform,76,1000,150,397,399,2,0,108,24.974103507993277
uniform,76,1000,150,397,399,2,0,109,25.21905653399881
uniform,76,1000,150,397,399,2,0,110,25.450736729981145
uniform,76,1000,150,397,399,2,0,111,25.674517309002113
uniform,76,1000,150,397,399,2,0,112,25.886532963981153
uniform,76,1000,150,397,399,2,0,113,26.095755115995416
uniform,76,1000,150,397,399,2,0,114,26.353467990993522
uniform,76,1000,150,397,399,2,0,115,26.565785073995357
uniform,76,1000,150,397,399,2,0,116,26.77451165000093
uniform,76,1000,150,397,399,2,0,117,26.99382769400836
uniform,76,1000,150,397,399,2,0,118,27.233568936993834
uniform,76,1000,150,397,399,2,0,119,27.462992529995972
uniform,76,1000,150,397,399,2,0,120,27.682434291986283
uniform,76,1000,150,397,399,2,0,121,27.92834614700405
uniform,76,1000,150,397,399,2,0,122,28.143258403986692
uniform,76,1000,150,397,399,2,0,123,28.366256068984512
uniform,76,1000,150,397,399,2,0,124,28.573471177980537
uniform,76,1000,150,397,399,2,0,125,28.79231780199916
uniform,76,1000,150,397,399,2,0,126,29.011896840005647
uniform,76,1000,150,397,399,2,0,127,29.218520374997752
uniform,76,1000,150,397,399,2,0,128,29.438907751988154
uniform,76,1000,150,397,399,2,0,129,29.64329253300093
uniform,76,1000,150,397,399,2,0,130,29.851122638006927
uniform,76,1000,150,397,399,2,0,131,30.062524762994144
uniform,76,1000,150,397,399,2,0,132,30.268769638001686
uniform,76,1000,150,397,399,2,0,133,30.4756497599883
uniform,76,1000,150,397,399,2,0,134,30.680715119000524
uniform,76,1000,150,397,399,2,0,135,30.900611441989895
uniform,76,1000,150,397,399,2,0,136,31.1421404859866
uniform,76,1000,150,397,399,2,0,137,31.351098415005254
uniform,76,1000,150,397,399,2,0,138,31.582079173997045
uniform,76,1000,150,397,399,2,0,139,31.810127104981802
uniform,76,1000,150,397,399,2,0,140,32.04248272400582
uniform,76,1000,150,397,399,2,0,141,32.28546202098369
uniform,76,1000,150,397,399,2,0,142,32.493685633002315
uniform,76,1000,150,397,399,2,0,143,32.70230129698757
uniform,76,1000,150,397,399,2,0,144,32.91117090699845
uniform,76,1000,150,397,399,2,0,145,33.16668049999862
uniform,76,1000,150,397,399,2,0,146,33.38380438098102
uniform,76,1000,150,397,399,2,0,147,33.591597435995936
uniform,76,1000,150,397,399,2,0,148,33.796432809002
uniform,76,1000,150,397,399,2,0,149,34.004002572997706
uniform,76,1000,150,397,399,2,0,150,34.209497197007295
uniform,76,1000,150,397,399,2,0,151,34.42679497899371
uniform,76,1000,150,397,399,2,0,152,34.63530771099613
uniform,76,1000,150,397,399,2,0,153,34.84045883198269
uniform,76,1000,150,397,399,2,0,154,35.07184493599925
uniform,76,1000,150,397,399,2,0,155,35.32425661099842
uniform,76,1000,150,397,399,2,0,156,35.57238497000071
uniform,76,1000,150,397,399,2,0,157,35.781076565006515
uniform,76,1000,150,397,399,2,0,158,35.99583620898193
uniform,76,1000,150,397,399,2,0,159,36.223074501991505
uniform,76,1000,150,397,399,2,0,160,36.43283162699663
uniform,76,1000,150,397,399,2,0,161,36.63983954599826
uniform,76,1000,150,397,399,2,0,162,36.85015048299101
uniform,76,1000,150,397,399,2,0,163,37.05879116500728
uniform,76,1000,150,397,399,2,0,164,37.265418116003275
uniform,76,1000,150,397,399,2,0,165,37.478246777987806
uniform,76,1000,150,397,399,2,0,166,37.71574438898824
uniform,76,1000,150,397,399,2,0,167,37.92921964998823
uniform,76,1000,150,397,399,2,0,168,38.15283018699847
uniform,76,1000,150,397,399,2,0,169,38.39396169499378
uniform,76,1000,150,397,399,2,0,170,38.649407666991465
uniform,76,1000,150,397,399,2,0,171,38.94741097200313
uniform,76,1000,150,397,399,2,0,172,39.171955556987086
uniform,76,1000,150,397,399,2,0,173,39.38833163797972
uniform,76,1000,150,397,399,2,0,174,39.634073191002244
uniform,76,1000,150,397,399,2,0,175,39.87450010198518
uniform,76,1000,150,397,399,2,0,176,40.096410191996256
uniform,76,1000,150,397,399,2,0,177,40.332521768985316
uniform,76,1000,150,397,399,2,0,178,40.57739987800596
uniform,76,1000,150,397,399,2,0,179,40.78439333898132
uniform,76,1000,150,397,399,2,0,180,40.99069148799754
uniform,76,1000,150,397,399,2,0,181,41.20864746099687
uniform,76,1000,150,397,399,2,0,182,41.42618355498416
uniform,76,1000,150,397,399,2,0,183,41.65500732898363
uniform,76,1000,150,397,399,2,0,184,41.92973503199755
uniform,76,1000,150,397,399,2,0,185,42.13955068800715
uniform,76,1000,150,397,399,2,0,186,42.346134745981544
uniform,76,1000,150,397,399,2,0,187,42.56091625499539
uniform,76,1000,150,397,399,2,0,188,42.775374824996106
uniform,76,1000,150,397,399,2,0,189,42.985640086000785
uniform,76,1000,150,397,399,2,0,190,43.19156072498299
uniform,76,1000,150,397,399,2,0,191,43.409388533007586
uniform,76,1000,150,397,399,2,0,192,43.61927465800545
uniform,76,1000,150,397,399,2,0,193,43.823738656996284
uniform,76,1000,150,397,399,2,0,194,44.028060056996765
uniform,76,1000,150,397,399,2,0,195,44.243599534005625
uniform,76,1000,150,397,399,2,0,196,44.50590647599893
uniform,76,1000,150,397,399,2,0,197,44.72663318700506
uniform,76,1000,150,397,399,2,0,198,44.97112762299366
uniform,76,1000,150,397,399,2,0,199,45.17964013299206
uniform,76,1000,150,397,399,2,0,200,45.39074736999464
uniform,76,1000,150,397,399,2,0,201,45.59978338700603
uniform,76,1000,150,397,399,2,0,202,45.80518331498024
uniform,76,1000,150,397,399,2,0,203,46.020505172986304
uniform,76,1000,150,397,399,2,0,204,46.22611802400206
uniform,76,1000,150,397,399,2,0,205,46.44354240800021
uniform,76,1000,150,397,399,2,0,206,46.64998826498049
uniform,76,1000,150,397,399,2,0,207,46.883985958003905
uniform,76,1000,150,397,399,2,0,208,47.12958845598041
uniform,76,1000,150,397,399,2,0,209,47.34647312798188
uniform,76,1000,150,397,399,2,0,210,47.59357447799994
uniform,76,1000,150,397,399,2,0,211,47.802156877995
uniform,76,1000,150,397,399,2,0,212,48.02948796498822
uniform,76,1000,150,397,399,2,0,213,48.24818591098301
uniform,76,1000,150,397,399,2,0,214,48.45631833898369
uniform,76,1000,150,397,399,2,0,215,48.72469727898715
uniform,76,1000,150,397,399,2,0,216,48.93322338699363
uniform,76,1000,150,397,398,1,0,217,49.14189731300576
uniform,76,1000,150,397,398,1,0,218,49.37721195098129
uniform,76,1000,150,397,398,1,0,219,49.64538300098502
uniform,76,1000,150,397,398,1,0,220,49.885285031981766
uniform,76,1000,150,397,398,1,0,221,50.1284744470031
uniform,76,1000,150,397,398,1,0,222,50.36516766899149
uniform,76,1000,150,397,398,1,0,223,50.580531226005405
uniform,76,1000,150,397,398,1,0,224,50.79502823197981
uniform,76,1000,150,397,398,1,0,225,51.004741540004034
uniform,76,1000,150,397,398,1,0,226,51.21403942699544
uniform,76,1000,150,397,398,1,0,227,51.43459388698102
uniform,76,1000,150,397,398,1,0,228,51.63873301100102
uniform,76,1000,150,397,398,1,0,229,51.870850418985356
uniform,76,1000,150,397,398,1,0,230,52.084726861008676
uniform,76,1000,150,397,398,1,0,231,52.35361965600168
uniform,76,1000,150,397,398,1,0,232,52.569351982994704
uniform,76,1000,150,397,398,1,0,233,52.79696289100684
uniform,76,1000,150,397,398,1,0,234,53.00559405999957
uniform,76,1000,150,397,398,1,0,235,53.231587694986956
uniform,76,1000,150,397,398,1,0,236,53.46274480698048
uniform,76,1000,150,397,398,1,0,237,53.68014760199003
uniform,76,1000,150,397,398,1,0,238,53.888837582984706
uniform,76,1000,150,397,398,1,0,239,54.13376022299053
uniform,76,1000,150,397,398,1,0,240,54.342438364983536
uniform,76,1000,150,397,398,1,0,241,54.548569856007816
uniform,76,1000,150,397,398,1,0,242,54.775065841007745
uniform,76,1000,150,397,398,1,0,243,55.050908932986204
uniform,76,1000,150,397,398,1,0,244,55.26344015999348
uniform,76,1000,150,397,398,1,0,245,55.5172841619933
uniform,76,1000,150,397,398,1,0,246,55.719210520997876
uniform,76,1000,150,397,398,1,0,247,55.926529226999264
uniform,76,1000,150,397,398,1,0,248,56.13141844299389
uniform,76,1000,150,397,398,1,0,249,56.33764210899244
uniform,76,1000,150,397,398,1,0,250,56.542755329981446
uniform,76,1000,150,397,398,1,0,251,56.7704092359927
uniform,76,1000,150,397,398,1,0,252,56.97623243299313
uniform,76,1000,150,397,398,1,0,253,57.22527091400116
uniform,76,1000,150,397,398,1,0,254,57.45326252398081
uniform,76,1000,150,397,398,1,0,255,57.66529379898566
uniform,76,1000,150,397,398,1,0,256,57.88023764899117
uniform,76,1000,150,397,398,1,0,257,58.08883150899783
uniform,76,1000,150,397,398,1,0,258,58.326790958992206
uniform,76,1000,150,397,398,1,0,259,58.545619657001225
uniform,76,1000,150,397,398,1,0,260,58.75060430000303
uniform,76,1000,150,397,398,1,0,261,58.97035611898173
uniform,76,1000,150,397,398,1,0,262,59.17463369498728
uniform,76,1000,150,397,398,1,0,263,59.38931457599392
uniform,76,1000,150,397,398,1,0,264,59.59650139999576
uniform,76,1000,150,397,398,1,0,265,59.80191609900794
uniform,76,1000,150,397,398,1,0,266,60.006154589995276
uniform,76,1000,150,397,398,1,0,267,60.219702732982114
uniform,76,1000,150,397,398,1,0,268,60.44122485999833
uniform,76,1000,150,397,398,1,0,269,60.658944347000215
uniform,76,1000,150,397,398,1,0,270,60.875269548996584
uniform,76,1000,150,397,398,1,0,271,61.08081388298888
uniform,76,1000,150,397,398,1,0,272,61.29453781698248
uniform,76,1000,150,397,398,1,0,273,61.59759075398324
uniform,76,1000,150,397,398,1,0,274,61.83167532799416
uniform,76,1000,150,397,398,1,0,275,62.054352298990125
uniform,76,1000,150,397,398,1,0,276,62.279686455993215
uniform,76,1000,150,397,398,1,0,277,62.489535564993275
uniform,76,1000,150,397,398,1,0,278,62.72810895499424
uniform,76,1000,150,397,398,1,0,279,62.93316598300589
uniform,76,1000,150,397,398,1,0,280,63.13506023699301
uniform,76,1000,150,397,398,1,0,281,63.3514999159961
uniform,76,1000,150,397,398,1,0,282,63.558960622001905
uniform,76,1000,150,397,398,1,0,283,63.761181893001776
uniform,76,1000,150,397,398,1,0,284,63.97571277199313
uniform,76,1000,150,397,398,1,0,285,64.18651157798013
uniform,76,1000,150,397,398,1,0,286,64.45361415998195
uniform,76,1000,150,397,398,1,0,287,64.68932735500857
uniform,76,1000,150,397,398,1,0,288,64.8926874930039
uniform,76,1000,150,397,398,1,0,289,65.096599890996
uniform,76,1000,150,397,398,1,0,290,65.2978415779944
uniform,76,1000,150,397,398,1,0,291,65.54326997700264
uniform,76,1000,150,397,398,1,0,292,65.76414287698572
uniform,76,1000,150,397,398,1,0,293,65.98929118699743
uniform,76,1000,150,397,398,1,0,294,66.1899314209877
uniform,76,1000,150,397,398,1,0,295,66.39500832598424
uniform,76,1000,150,397,398,1,0,296,66.6014119409956
uniform,76,1000,150,397,398,1,0,297,66.80671933299163
uniform,76,1000,150,397,398,1,0,298,67.0177452719945
uniform,76,1000,150,397,398,1,0,299,67.24522713798797
uniform,76,1000,150,397,398,1,0,300,67.45208646199899
uniform,76,1000,150,397,398,1,0,301,67.65914415000589
uniform,76,1000,150,397,398,1,0,302,67.86263761000009
uniform,76,1000,150,397,398,1,0,303,68.06343065900728
uniform,76,1000,150,397,398,1,0,304,68.26874806298292
uniform,76,1000,150,397,398,1,0,305,68.48951269299141
uniform,76,1000,150,397,398,1,0,306,68.72277808800573
uniform,76,1000,150,397,398,1,0,307,68.93881306398544
uniform,76,1000,150,397,398,1,0,308,69.1755401819828
uniform,76,1000,150,397,398,1,0,309,69.41765757199028
uniform,76,1000,150,397,398,1,0,310,69.64161789498758
uniform,76,1000,150,397,398,1,0,311,69.85348565800814
uniform,76,1000,150,397,398,1,0,312,70.12539941899013
uniform,76,1000,150,397,398,1,0,313,70.35776598399389
uniform,76,1000,150,397,397,0,1,314,70.56213097000727
uniform,77,250,150,105,107,2,0,1,0.05594096999266185
uniform,77,250,150,105,107,2,0,2,0.08065301799797453
uniform,77,250,150,105,106,1,0,3,0.10596194400568493
uniform,77,250,150,105,106,1,0,4,0.1320346689899452
uniform,77,250,150,105,106,1,0,5,0.16435413001454435
uniform,77,250,150,105,106,1,0,6,0.18913190500461496
uniform,77,250,150,105,106,1,0,7,0.21504206999088638
uniform,77,250,150,105,106,1,0,8,0.2490380440140143
uniform,77,250,150,105,106,1,0,9,0.2761119180067908
uniform,77,250,150,105,106,1,0,10,0.3006312740035355
uniform,77,250,150,105,106,1,0,11,0.3277058080129791
uniform,77,250,150,105,106,1,0,12,0.3555407270032447
uniform,77,250,150,105,106,1,0,13,0.38607454200973734
uniform,77,250,150,105,106,1,0,14,0.4110156160022598
uniform,77,250,150,105,106,1,0,15,0.4337500359979458
uniform,77,250,150,105,106,1,0,16,0.46302937300060876
uniform,77,250,150,105,106,1,0,17,0.4881876659928821
uniform,77,250,150,105,106,1,0,18,0.515886306995526
uniform,77,250,150,105,106,1,0,19,0.5409410209977068
uniform,77,250,150,105,106,1,0,20,0.5653536769968923
uniform,77,250,150,105,106,1,0,21,0.5894706610124558
uniform,77,250,150,105,106,1,0,22,0.6123075590003282
uniform,77,250,150,105,106,1,0,23,0.63662004400976
uniform,77,250,150,105,106,1,0,24,0.6625000099884346
uniform,77,250,150,105,106,1,0,25,0.687819885002682
uniform,77,250,150,105,106,1,0,26,0.713505071005784
uniform,77,250,150,105,106,1,0,27,0.7384716939995997
uniform,77,250,150,105,106,1,0,28,0.7665267449920066
uniform,77,250,150,105,106,1,0,29,0.7963776609976776
uniform,77,250,150,105,106,1,0,30,0.8208232049946673
uniform,77,250,150,105,106,1,0,31,0.8463446180103347
uniform,77,250,150,105,106,1,0,32,0.8715748020040337
uniform,77,250,150,105,106,1,0,33,0.9080684799992014
uniform,77,250,150,105,106,1,0,34,0.9326571509882342
uniform,77,250,150,105,106,1,0,35,0.9573071699996945
uniform,77,250,150,105,106,1,0,36,0.9800414030032698
uniform,77,250,150,105,106,1,0,37,1.0046673780016135
uniform,77,250,150,105,106,1,0,38,1.0310570629953872
uniform,77,250,150,105,106,1,0,39,1.0560875230003148
uniform,77,250,150,105,106,1,0,40,1.080946258007316
uniform,77,250,150,105,106,1,0,41,1.1044843110139482
uniform,77,250,150,105,106,1,0,42,1.1283207680098712
uniform,77,250,150,105,106,1,0,43,1.1511185950075742
uniform,77,250,150,105,106,1,0,44,1.1756146090046968
uniform,77,250,150,105,106,1,0,45,1.2062453899998218
uniform,77,250,150,105,106,1,0,46,1.230269330990268
uniform,77,250,150,105,106,1,0,47,1.25891541299643
uniform,77,250,150,105,106,1,0,48,1.2834399710118305
uniform,77,250,150,105,106,1,0,49,1.3077622599957976
uniform,77,250,150,105,106,1,0,50,1.3338984239962883
uniform,77,250,150,105,106,1,0,51,1.3591822540038265
uniform,77,250,150,105,106,1,0,52,1.3829545420012437
uniform,77,250,150,105,106,1,0,53,1.4088177120138425
uniform,77,250,150,105,106,1,0,54,1.4327607720042579
uniform,77,250,150,105,106,1,0,55,1.4556578379997518
uniform,77,250,150,105,106,1,0,56,1.4797427110024728
uniform,77,250,150,105,106,1,0,57,1.503092024999205
uniform,77,250,150,105,106,1,0,58,1.531200733006699
uniform,77,250,150,105,106,1,0,59,1.5558177900093142
uniform,77,250,150,105,106,1,0,60,1.5815475750132464
uniform,77,250,150,105,106,1,0,61,1.611607246013591
uniform,77,250,150,105,106,1,0,62,1.6358286649920046
uniform,77,250,150,105,106,1,0,63,1.6597889979893807
uniform,77,250,150,105,106,1,0,64,1.684980585006997
uniform,77,250,150,105,106,1,0,65,1.709091600991087
uniform,77,250,150,105,106,1,0,66,1.7329347030026838
uniform,77,250,150,105,106,1,0,67,1.7564296619966626
uniform,77,250,150,105,106,1,0,68,1.7799923139973544
uniform,77,250,150,105,106,1,0,69,1.8043850940011907
uniform,77,250,150,105,106,1,0,70,1.8292868899879977
uniform,77,250,150,105,106,1,0,71,1.8580814040033147
uniform,77,250,150,105,106,1,0,72,1.8880585950100794
uniform,77,250,150,105,106,1,0,73,1.9206278609926812
uniform,77,250,150,105,106,1,0,74,1.9427435869874898
uniform,77,250,150,105,106,1,0,75,1.9757533119991422
uniform,77,250,150,105,106,1,0,76,2.000007105001714
uniform,77,250,150,105,106,1,0,77,2.028716083994368
uniform,77,250,150,105,106,1,0,78,2.056200202991022
uniform,77,250,150,105,106,1,0,79,2.08317638898734
uniform,77,250,150,105,106,1,0,80,2.1053714900044724
uniform,77,250,150,105,106,1,0,81,2.13119585099048
uniform,77,250,150,105,106,1,0,82,2.1545659330149647
uniform,77,250,150,105,106,1,0,83,2.178557415987598
uniform,77,250,150,105,106,1,0,84,2.2047761869907845
uniform,77,250,150,105,106,1,0,85,2.2279131440154742
uniform,77,250,150,105,106,1,0,86,2.2550830540130846
uniform,77,250,150,105,106,1,0,87,2.2822919829923194
uniform,77,250,150,105,106,1,0,88,2.308194031997118
uniform,77,250,150,105,106,1,0,89,2.333198620006442
uniform,77,250,150,105,106,1,0,90,2.360760718001984
uniform,77,250,150,105,106,1,0,91,2.38554002600722
uniform,77,250,150,105,106,1,0,92,2.4113313159905374
uniform,77,250,150,105,106,1,0,93,2.4356166959914844
uniform,77,250,150,105,106,1,0,94,2.458543651999207
uniform,77,250,150,105,106,1,0,95,2.4858133519883268
uniform,77,250,150,105,106,1,0,96,2.5105800770106725
uniform,77,250,150,105,106,1,0,97,2.5367002580023836
uniform,77,250,150,105,106,1,0,98,2.5611783679923974
uniform,77,250,150,105,106,1,0,99,2.5867165680101607
uniform,77,250,150,105,106,1,0,100,2.6127053629898
uniform,77,250,150,105,106,1,0,101,2.6367958360060584
uniform,77,250,150,105,106,1,0,102,2.661343907006085
uniform,77,250,150,105,106,1,0,103,2.688117821002379
uniform,77,250,150,105,106,1,0,104,2.7174307650129776
uniform,77,250,150,105,106,1,0,105,2.7476831300009508
uniform,77,250,150,105,106,1,0,106,2.777716546988813
uniform,77,250,150,105,106,1,0,107,2.805853825993836
uniform,77,250,150,105,106,1,0,108,2.841264432994649
uniform,77,250,150,105,106,1,0,109,2.8708838970051147
uniform,77,250,150,105,106,1,0,110,2.897366415010765
uniform,77,250,150,105,106,1,0,111,2.9269057140045334
uniform,77,250,150,105,106,1,0,112,2.9531104149937164
uniform,77,250,150,105,106,1,0,113,2.9783299709961284
uniform,77,250,150,105,106,1,0,114,3.0066126429883298
uniform,77,250,150,105,106,1,0,115,3.034757515997626
uniform,77,250,150,105,106,1,0,116,3.069117112987442
uniform,77,250,150,105,106,1,0,117,3.094742037996184
uniform,77,250,150,105,106,1,0,118,3.121605296008056
uniform,77,250,150,105,106,1,0,119,3.1473916390095837
uniform,77,250,150,105,106,1,0,120,3.173002555005951
uniform,77,250,150,105,106,1,0,121,3.2054699799919035
uniform,77,250,150,105,106,1,0,122,3.230127098999219
uniform,77,250,150,105,106,1,0,123,3.257006192987319
uniform,77,250,150,105,106,1,0,124,3.2813744680024683
uniform,77,250,150,105,106,1,0,125,3.308200331986882
uniform,77,250,150,105,106,1,0,126,3.3450164560053963
uniform,77,250,150,105,106,1,0,127,3.3782501870009582
uniform,77,250,150,105,106,1,0,128,3.408943356014788
uniform,77,250,150,105,106,1,0,129,3.434431014000438
uniform,77,250,150,105,106,1,0,130,3.4605097729945555
uniform,77,250,150,105,106,1,0,131,3.485508607001975
uniform,77,250,150,105,106,1,0,132,3.510213647998171
uniform,77,250,150,105,106,1,0,133,3.5348730080004316
uniform,77,250,150,105,106,1,0,134,3.5595594060141593
uniform,77,250,150,105,106,1,0,135,3.5910653010068927
uniform,77,250,150,105,106,1,0,136,3.61535432600067
uniform,77,250,150,105,106,1,0,137,3.6418814189964905
uniform,77,250,150,105,106,1,0,138,3.66847716801567
uniform,77,250,150,105,106,1,0,139,3.6952108450059313
uniform,77,250,150,105,106,1,0,140,3.7235203800082672
uniform,77,250,150,105,106,1,0,141,3.7528655719943345
uniform,77,250,150,105,106,1,0,142,3.778352769004414
uniform,77,250,150,105,106,1,0,143,3.8111407159885857
uniform,77,250,150,105,106,1,0,144,3.836061679001432
uniform,77,250,150,105,106,1,0,145,3.863297720992705
uniform,77,250,150,105,106,1,0,146,3.8890921320125926
uniform,77,250,150,105,106,1,0,147,3.913868770003319
uniform,77,250,150,105,106,1,0,148,3.9399335219932254
uniform,77,250,150,105,106,1,0,149,3.965600682015065
uniform,77,250,150,105,106,1,0,150,3.9989416479947977
uniform,77,250,150,105,106,1,0,151,4.028269481001189
uniform,77,250,150,105,106,1,0,152,4.057117168995319
uniform,77,250,150,105,106,1,0,153,4.084766465006396
uniform,77,250,150,105,106,1,0,154,4.115522137988592
uniform,77,250,150,105,106,1,0,155,4.144520709000062
uniform,77,250,150,105,106,1,0,156,4.169439124001656
uniform,77,250,150,105,106,1,0,157,4.192163819010602
uniform,77,250,150,105,106,1,0,158,4.217011324013583
uniform,77,250,150,105,106,1,0,159,4.244396326015703
uniform,77,250,150,105,106,1,0,160,4.268807093001669
uniform,77,250,150,105,106,1,0,161,4.293405781994807
uniform,77,250,150,105,106,1,0,162,4.322423006000463
uniform,77,250,150,105,106,1,0,163,4.352097389986739
uniform,77,250,150,105,106,1,0,164,4.378377454995643
uniform,77,250,150,105,106,1,0,165,4.409201442991616
uniform,77,250,150,105,106,1,0,166,4.433758872997714
uniform,77,250,150,105,106,1,0,167,4.460135736007942
uniform,77,250,150,105,106,1,0,168,4.489822413015645
uniform,77,250,150,105,106,1,0,169,4.514993118995335
uniform,77,250,150,105,106,1,0,170,4.539654446998611
uniform,77,250,150,105,106,1,0,171,4.561662547988817
uniform,77,250,150,105,106,1,0,172,4.585165035008686
uniform,77,250,150,105,106,1,0,173,4.612918922997778
uniform,77,250,150,105,106,1,0,174,4.639470671012532
uniform,77,250,150,105,106,1,0,175,4.663728518993594
uniform,77,250,150,105,106,1,0,176,4.689619362005033
uniform,77,250,150,105,106,1,0,177,4.715303808014141
uniform,77,250,150,105,106,1,0,178,4.737849572004052
uniform,77,250,150,105,106,1,0,179,4.762171442998806
uniform,77,250,150,105,106,1,0,180,4.787446517002536
uniform,77,250,150,105,106,1,0,181,4.813498711999273
uniform,77,250,150,105,106,1,0,182,4.841681813006289
uniform,77,250,150,105,106,1,0,183,4.865780302992789
uniform,77,250,150,105,106,1,0,184,4.893265822000103
uniform,77,250,150,105,106,1,0,185,4.917371240007924
uniform,77,250,150,105,106,1,0,186,4.939970247010933
uniform,77,250,150,105,106,1,0,187,4.964021399006015
uniform,77,250,150,105,106,1,0,188,4.990486299007898
uniform,77,250,150,105,106,1,0,189,5.0154939419880975
uniform,77,250,150,105,106,1,0,190,5.039901448006276
uniform,77,250,150,105,106,1,0,191,5.06368455599295
uniform,77,250,150,105,106,1,0,192,5.092277912015561
uniform,77,250,150,105,106,1,0,193,5.117089314007899
uniform,77,250,150,105,106,1,0,194,5.140940151002724
uniform,77,250,150,105,106,1,0,195,5.1697370930050965
uniform,77,250,150,105,106,1,0,196,5.198828808002872
uniform,77,250,150,105,106,1,0,197,5.2233338720106985
uniform,77,250,150,105,106,1,0,198,5.248295536002843
uniform,77,250,150,105,106,1,0,199,5.273541014001239
uniform,77,250,150,105,106,1,0,200,5.306234385003336
uniform,77,250,150,105,106,1,0,201,5.33153022400802
uniform,77,250,150,105,106,1,0,202,5.357757580000907
uniform,77,250,150,105,106,1,0,203,5.385677929996746
uniform,77,250,150,105,106,1,0,204,5.410782969993306
uniform,77,250,150,105,106,1,0,205,5.435701098991558
uniform,77,250,150,105,106,1,0,206,5.4594485409907065
uniform,77,250,150,105,106,1,0,207,5.487111741997069
uniform,77,250,150,105,106,1,0,208,5.511276825011009
uniform,77,250,150,105,106,1,0,209,5.5364392189949285
uniform,77,250,150,105,106,1,0,210,5.562707278993912
uniform,77,250,150,105,106,1,0,211,5.590498684992781
uniform,77,250,150,105,106,1,0,212,5.615583147999132
uniform,77,250,150,105,106,1,0,213,5.638879359001294
uniform,77,250,150,105,106,1,0,214,5.665038216015091
uniform,77,250,150,105,106,1,0,215,5.696206069987966
uniform,77,250,150,105,106,1,0,216,5.725954774999991
uniform,77,250,150,105,106,1,0,217,5.753512330993544
uniform,77,250,150,105,106,1,0,218,5.7795624140126165
uniform,77,250,150,105,106,1,0,219,5.806812330003595
uniform,77,250,150,105,106,1,0,220,5.837017125013517
uniform,77,250,150,105,106,1,0,221,5.859967989992583
uniform,77,250,150,105,106,1,0,222,5.884233879012754
uniform,77,250,150,105,106,1,0,223,5.912907318008365
uniform,77,250,150,105,106,1,0,224,5.9366346540045924
uniform,77,250,150,105,106,1,0,225,5.959723901003599
uniform,77,250,150,105,106,1,0,226,5.984101665002527
uniform,77,250,150,105,106,1,0,227,6.009255590994144
uniform,77,250,150,105,106,1,0,228,6.036466590012424
uniform,77,250,150,105,106,1,0,229,6.060692750004819
uniform,77,250,150,105,106,1,0,230,6.087311801995384
uniform,77,250,150,105,106,1,0,231,6.114091739000287
uniform,77,250,150,105,106,1,0,232,6.141225185012445
uniform,77,250,150,105,106,1,0,233,6.165939163998701
uniform,77,250,150,105,106,1,0,234,6.188844583986793
uniform,77,250,150,105,106,1,0,235,6.213763373001711
uniform,77,250,150,105,106,1,0,236,6.241328968986636
uniform,77,250,150,105,106,1,0,237,6.266560368996579
uniform,77,250,150,105,106,1,0,238,6.294987438013777
uniform,77,250,150,105,106,1,0,239,6.324552833015332
uniform,77,250,150,105,106,1,0,240,6.358392886992078
uniform,77,250,150,105,106,1,0,241,6.384096546011278
uniform,77,250,150,105,106,1,0,242,6.411929207009962
uniform,77,250,150,105,106,1,0,243,6.435991186008323
uniform,77,250,150,105,106,1,0,244,6.462255266989814
uniform,77,250,150,105,106,1,0,245,6.490019494987791
uniform,77,250,150,105,106,1,0,246,6.5126870819949545
uniform,77,250,150,105,106,1,0,247,6.537516097014304
uniform,77,250,150,105,106,1,0,248,6.5657643520098645
uniform,77,250,150,105,106,1,0,249,6.593166683014715
uniform,77,250,150,105,106,1,0,250,6.620908028999111
uniform,77,250,150,105,106,1,0,251,6.64881077199243
uniform,77,250,150,105,106,1,0,252,6.675273014989216
uniform,77,250,150,105,106,1,0,253,6.703343556000618
uniform,77,250,150,105,106,1,0,254,6.728369846008718
uniform,77,250,150,105,106,1,0,255,6.768192466988694
uniform,77,250,150,105,106,1,0,256,6.793355811008951
uniform,77,250,150,105,106,1,0,257,6.819067684002221
uniform,77,250,150,105,106,1,0,258,6.844789952010615
uniform,77,250,150,105,106,1,0,259,6.873012450989336
uniform,77,250,150,105,106,1,0,260,6.898714058013866
uniform,77,250,150,105,106,1,0,261,6.933637358015403
uniform,77,250,150,105,106,1,0,262,6.958507678995375
uniform,77,250,150,105,106,1,0,263,6.983367698005168
uniform,77,250,150,105,106,1,0,264,7.009332677000202
uniform,77,250,150,105,106,1,0,265,7.03445849599666
uniform,77,250,150,105,106,1,0,266,7.0621187500073574
uniform,77,250,150,105,106,1,0,267,7.091474849003134
uniform,77,250,150,105,106,1,0,268,7.117128871992463
uniform,77,250,150,105,106,1,0,269,7.141970792989014
uniform,77,250,150,105,106,1,0,270,7.1673400640138425
uniform,77,250,150,105,106,1,0,271,7.194155920995399
uniform,77,250,150,105,106,1,0,272,7.22041681400151
uniform,77,250,150,105,106,1,0,273,7.248189859994454
uniform,77,250,150,105,106,1,0,274,7.272508001013193
uniform,77,250,150,105,106,1,0,275,7.300692296994384
uniform,77,250,150,105,106,1,0,276,7.326426696992712
uniform,77,250,150,105,106,1,0,277,7.353616829990642
uniform,77,250,150,105,106,1,0,278,7.380902077013161
uniform,77,250,150,105,106,1,0,279,7.405580135004129
uniform,77,250,150,105,106,1,0,280,7.429415552003775
uniform,77,250,150,105,106,1,0,281,7.45542310399469
uniform,77,250,150,105,106,1,0,282,7.479095262999181
uniform,77,250,150,105,106,1,0,283,7.5105548209976405
uniform,77,250,150,105,106,1,0,284,7.535445321991574
uniform,77,250,150,105,106,1,0,285,7.560411228012526
uniform,77,250,150,105,106,1,0,286,7.589828161988407
uniform,77,250,150,105,106,1,0,287,7.619609039014904
uniform,77,250,150,105,106,1,0,288,7.644614402990555
uniform,77,250,150,105,106,1,0,289,7.670172578014899
uniform,77,250,150,105,106,1,0,290,7.695014788012486
uniform,77,250,150,105,106,1,0,291,7.722120446007466
uniform,77,250,150,105,106,1,0,292,7.747785735991783
uniform,77,250,150,105,106,1,0,293,7.773688515997492
uniform,77,250,150,105,106,1,0,294,7.799087163992226
uniform,77,250,150,105,106,1,0,295,7.824212798994267
uniform,77,250,150,105,106,1,0,296,7.8554159050108865
uniform,77,250,150,105,106,1,0,297,7.879706664010882
uniform,77,250,150,105,106,1,0,298,7.903739255008986
uniform,77,250,150,105,106,1,0,299,7.926577242003987
uniform,77,250,150,105,106,1,0,300,7.951066383015132
uniform,77,250,150,105,106,1,0,301,7.972947706002742
uniform,77,250,150,105,106,1,0,302,7.9947774480097
uniform,77,250,150,105,106,1,0,303,8.02117386800819
uniform,77,250,150,105,106,1,0,304,8.04695553999045
uniform,77,250,150,105,106,1,0,305,8.074981752986787
uniform,77,250,150,105,106,1,0,306,8.100092131993733
uniform,77,250,150,105,106,1,0,307,8.130076802015537
uniform,77,250,150,105,106,1,0,308,8.161058286990738
uniform,77,250,150,105,106,1,0,309,8.183666538010584
uniform,77,250,150,105,106,1,0,310,8.207289184007095
uniform,77,250,150,105,106,1,0,311,8.233545238996157
uniform,77,250,150,105,106,1,0,312,8.256812523002736
uniform,77,250,150,105,106,1,0,313,8.283004263008479
uniform,77,250,150,105,106,1,0,314,8.309502646996407
uniform,77,250,150,105,106,1,0,315,8.334699022991117
uniform,77,250,150,105,106,1,0,316,8.3606920579914
uniform,77,250,150,105,106,1,0,317,8.388790494995192
uniform,77,250,150,105,106,1,0,318,8.421953251003288
uniform,77,250,150,105,106,1,0,319,8.447565943992231
uniform,77,250,150,105,106,1,0,320,8.473279019992333
uniform,77,250,150,105,106,1,0,321,8.499478665005881
uniform,77,250,150,105,106,1,0,322,8.524879823002266
uniform,77,250,150,105,106,1,0,323,8.55268159401021
uniform,77,250,150,105,106,1,0,324,8.577210605988512
uniform,77,250,150,105,106,1,0,325,8.60781264299294
uniform,77,250,150,105,106,1,0,326,8.635577092994936
uniform,77,250,150,105,106,1,0,327,8.662572250002995
uniform,77,250,150,105,106,1,0,328,8.689124013995752
uniform,77,250,150,105,106,1,0,329,8.71399283601204
uniform,77,250,150,105,106,1,0,330,8.739010338002117
uniform,77,250,150,105,106,1,0,331,8.765616760007106
uniform,77,250,150,105,106,1,0,332,8.78770310699474
uniform,77,250,150,105,106,1,0,333,8.814129120000871
uniform,77,250,150,105,106,1,0,334,8.838220683013787
uniform,77,250,150,105,106,1,0,335,8.862762706994545
uniform,77,250,150,105,106,1,0,336,8.88886452600127
uniform,77,250,150,105,106,1,0,337,8.914368349011056
uniform,77,250,150,105,106,1,0,338,8.938266407989431
uniform,77,250,150,105,106,1,0,339,8.960629042994697
uniform,77,250,150,105,106,1,0,340,8.990457186009735
uniform,77,250,150,105,106,1,0,341,9.014705351990415
uniform,77,250,150,105,106,1,0,342,9.03727422899101
uniform,77,250,150,105,106,1,0,343,9.061300925008254
uniform,77,250,150,105,106,1,0,344,9.084385316004045
uniform,77,250,150,105,106,1,0,345,9.11161094601266
uniform,77,250,150,105,106,1,0,346,9.138001153012738
uniform,77,250,150,105,106,1,0,347,9.166835223004455
uniform,77,250,150,105,106,1,0,348,9.191928774002008
uniform,77,250,150,105,106,1,0,349,9.215584176010452
uniform,77,250,150,105,106,1,0,350,9.240744757000357
uniform,77,250,150,105,106,1,0,351,9.26626679400215
uniform,77,250,150,105,106,1,0,352,9.29129505099263
uniform,77,250,150,105,105,0,1,353,9.317586074001156
uniform,78,1000,150,404,407,3,0,1,0.4510608339915052
uniform,78,1000,150,404,407,3,0,2,0.7440725950000342
uniform,78,1000,150,404,407,3,0,3,0.9790970599860884
uniform,78,1000,150,404,407,3,0,4,1.2105098080064636
uniform,78,1000,150,404,407,3,0,5,1.4464783470029943
uniform,78,1000,150,404,407,3,0,6,1.6719783909793478
uniform,78,1000,150,404,406,2,0,7,1.9069719259859994
uniform,78,1000,150,404,406,2,0,8,2.1393166630005
uniform,78,1000,150,404,406,2,0,9,2.3666206059860997
uniform,78,1000,150,404,406,2,0,10,2.593197029986186
uniform,78,1000,150,404,406,2,0,11,2.8168984910007566
uniform,78,1000,150,404,406,2,0,12,3.104948202992091
uniform,78,1000,150,404,406,2,0,13,3.349959168001078
uniform,78,1000,150,404,406,2,0,14,3.5780665049969684
uniform,78,1000,150,404,406,2,0,15,3.8035822529927827
uniform,78,1000,150,404,406,2,0,16,4.046284843003377
uniform,78,1000,150,404,406,2,0,17,4.309264846000588
uniform,78,1000,150,404,406,2,0,18,4.545557123987237
uniform,78,1000,150,404,406,2,0,19,4.790396897995379
uniform,78,1000,150,404,406,2,0,20,5.015054949995829
uniform,78,1000,150,404,406,2,0,21,5.273483295983169
uniform,78,1000,150,404,406,2,0,22,5.504741462995298
uniform,78,1000,150,404,406,2,0,23,5.761541764979484
uniform,78,1000,150,404,406,2,0,24,5.99667115000193
uniform,78,1000,150,404,406,2,0,25,6.259586151980329
uniform,78,1000,150,404,406,2,0,26,6.491148326982511
uniform,78,1000,150,404,406,2,0,27,6.719010711996816
uniform,78,1000,150,404,406,2,0,28,6.963691576995188
uniform,78,1000,150,404,406,2,0,29,7.24059728498105
uniform,78,1000,150,404,406,2,0,30,7.5000138570030686
uniform,78,1000,150,404,405,1,0,31,7.750905528984731
uniform,78,1000,150,404,405,1,0,32,7.997963608999271
uniform,78,1000,150,404,405,1,0,33,8.229645705985604
uniform,78,1000,150,404,405,1,0,34,8.475780096981907
uniform,78,1000,150,404,405,1,0,35,8.697687099978793
uniform,78,1000,150,404,405,1,0,36,8.915177608985687
uniform,78,1000,150,404,405,1,0,37,9.137335051986156
uniform,78,1000,150,404,405,1,0,38,9.359524740983034
uniform,78,1000,150,404,405,1,0,39,9.597588468983304
uniform,78,1000,150,404,405,1,0,40,9.828606761002447
uniform,78,1000,150,404,405,1,0,41,10.049783205991844
uniform,78,1000,150,404,405,1,0,42,10.267794908984797
uniform,78,1000,150,404,405,1,0,43,10.485877355997218
uniform,78,1000,150,404,405,1,0,44,10.70565344998613
uniform,78,1000,150,404,405,1,0,45,10.949085836997256
uniform,78,1000,150,404,405,1,0,46,11.183992863981985
uniform,78,1000,150,404,405,1,0,47,11.412785452994285
uniform,78,1000,150,404,405,1,0,48,11.638341760000912
uniform,78,1000,150,404,405,1,0,49,11.866550083999755
uniform,78,1000,150,404,405,1,0,50,12.08696498099016
uniform,78,1000,150,404,405,1,0,51,12.307196921989089
uniform,78,1000,150,404,405,1,0,52,12.527276389999315
uniform,78,1000,150,404,405,1,0,53,12.746315855998546
uniform,78,1000,150,404,405,1,0,54,12.962289105984382
uniform,78,1000,150,404,405,1,0,55,13.18868474199553
uniform,78,1000,150,404,405,1,0,56,13.412152014992898
uniform,78,1000,150,404,405,1,0,57,13.683732851990499
uniform,78,1000,150,404,405,1,0,58,13.897541019978235
uniform,78,1000,150,404,405,1,0,59,14.123921666003298
uniform,78,1000,150,404,405,1,0,60,14.352408306993311
uniform,78,1000,150,404,405,1,0,61,14.582591397978831
uniform,78,1000,150,404,405,1,0,62,14.801633019989822
uniform,78,1000,150,404,405,1,0,63,15.03557133898721
uniform,78,1000,150,404,405,1,0,64,15.252241641981527
uniform,78,1000,150,404,405,1,0,65,15.480871910986025
uniform,78,1000,150,404,405,1,0,66,15.728828595980303
uniform,78,1000,150,404,405,1,0,67,15.9503297629999
uniform,78,1000,150,404,405,1,0,68,16.17843264300609
uniform,78,1000,150,404,405,1,0,69,16.415601008979138
uniform,78,1000,150,404,405,1,0,70,16.649399424990406
uniform,78,1000,150,404,405,1,0,71,16.88488402098301
uniform,78,1000,150,404,405,1,0,72,17.115163202979602
uniform,78,1000,150,404,405,1,0,73,17.35100650897948
uniform,78,1000,150,404,405,1,0,74,17.57780770098907
uniform,78,1000,150,404,405,1,0,75,17.790756333997706
uniform,78,1000,150,404,405,1,0,76,18.057691252004588
uniform,78,1000,150,404,405,1,0,77,18.28373036600533
uniform,78,1000,150,404,405,1,0,78,18.510008740006015
uniform,78,1000,150,404,405,1,0,79,18.728872153995326
uniform,78,1000,150,404,405,1,0,80,18.943772625003476
uniform,78,1000,150,404,405,1,0,81,19.19394029499381
uniform,78,1000,150,404,405,1,0,82,19.412758606980788
uniform,78,1000,150,404,405,1,0,83,19.629371190996608
uniform,78,1000,150,404,405,1,0,84,19.84592843099381
uniform,78,1000,150,404,405,1,0,85,20.078362632979406
uniform,78,1000,150,404,405,1,0,86,20.294641832006164
uniform,78,1000,150,404,405,1,0,87,20.553922368999338
uniform,78,1000,150,404,405,1,0,88,20.778379848983604
uniform,78,1000,150,404,405,1,0,89,20.99442821199773
uniform,78,1000,150,404,405,1,0,90,21.217451365984743
uniform,78,1000,150,404,405,1,0,91,21.440589339996222
uniform,78,1000,150,404,405,1,0,92,21.656924509996315
uniform,78,1000,150,404,405,1,0,93,21.892211087979376
uniform,78,1000,150,404,405,1,0,94,22.11537470499752
uniform,78,1000,150,404,405,1,0,95,22.335123750992352
uniform,78,1000,150,404,405,1,0,96,22.558220489998348
uniform,78,1000,150,404,405,1,0,97,22.780357230978552
uniform,78,1000,150,404,405,1,0,98,23.004519983980572
uniform,78,1000,150,404,405,1,0,99,23.240513369994005
uniform,78,1000,150,404,405,1,0,100,23.464188991987612
uniform,78,1000,150,404,404,0,1,101,23.705620414984878
uniform,79,1000,150,402,407,5,0,1,0.4174721440067515
uniform,79,1000,150,402,406,4,0,2,0.6426420809875708
uniform,79,1000,150,402,406,4,0,3,0.870361391978804
uniform,79,1000,150,402,406,4,0,4,1.1372512659872882
uniform,79,1000,150,402,405,3,0,5,1.3884200929896906
uniform,79,1000,150,402,405,3,0,6,1.6468493749853224
uniform,79,1000,150,402,405,3,0,7,1.8697916659875773
uniform,79,1000,150,402,405,3,0,8,2.1017520309833344
uniform,79,1000,150,402,405,3,0,9,2.3369497459789272
uniform,79,1000,150,402,405,3,0,10,2.5724533129832707
uniform,79,1000,150,402,405,3,0,11,2.7953815890068654
uniform,79,1000,150,402,405,3,0,12,3.026674563996494
uniform,79,1000,150,402,405,3,0,13,3.3152360589883756
uniform,79,1000,150,402,405,3,0,14,3.554479508980876
uniform,79,1000,150,402,405,3,0,15,3.8060330559965223
uniform,79,1000,150,402,405,3,0,16,4.037236903997837
uniform,79,1000,150,402,405,3,0,17,4.265841722983168
uniform,79,1000,150,402,405,3,0,18,4.481330698996317
uniform,79,1000,150,402,405,3,0,19,4.699345571978483
uniform,79,1000,150,402,405,3,0,20,4.930573103978531
uniform,79,1000,150,402,405,3,0,21,5.165902982989792
uniform,79,1000,150,402,405,3,0,22,5.414608886989299
uniform,79,1000,150,402,405,3,0,23,5.645223100989824
uniform,79,1000,150,402,405,3,0,24,5.905808651994448
uniform,79,1000,150,402,405,3,0,25,6.145956666994607
uniform,79,1000,150,402,405,3,0,26,6.3926726509816945
uniform,79,1000,150,402,405,3,0,27,6.6371060899982695
uniform,79,1000,150,402,405,3,0,28,6.859686884999974
uniform,79,1000,150,402,405,3,0,29,7.0878361240029335
uniform,79,1000,150,402,405,3,0,30,7.313964756001951
uniform,79,1000,150,402,405,3,0,31,7.553468077006983
uniform,79,1000,150,402,405,3,0,32,7.777212243992835
uniform,79,1000,150,402,405,3,0,33,7.994201864989009
uniform,79,1000,150,402,405,3,0,34,8.211385001981398
uniform,79,1000,150,402,405,3,0,35,8.444579904986313
uniform,79,1000,150,402,405,3,0,36,8.661177280999254
uniform,79,1000,150,402,405,3,0,37,8.891893747000722
uniform,79,1000,150,402,405,3,0,38,9.118540183990262
uniform,79,1000,150,402,405,3,0,39,9.336909556994215
uniform,79,1000,150,402,405,3,0,40,9.590345239994349
uniform,79,1000,150,402,405,3,0,41,9.81277972398675
uniform,79,1000,150,402,405,3,0,42,10.039171915006591
uniform,79,1000,150,402,405,3,0,43,10.26070473899017
uniform,79,1000,150,402,405,3,0,44,10.48313596000662
uniform,79,1000,150,402,405,3,0,45,10.712732443993445
uniform,79,1000,150,402,405,3,0,46,10.93661938799778
uniform,79,1000,150,402,405,3,0,47,11.158210375986528
uniform,79,1000,150,402,405,3,0,48,11.376680251996731
uniform,79,1000,150,402,405,3,0,49,11.603447675006464
uniform,79,1000,150,402,405,3,0,50,11.829809160000877
uniform,79,1000,150,402,405,3,0,51,12.050382475979859
uniform,79,1000,150,402,405,3,0,52,12.270133159006946
uniform,79,1000,150,402,405,3,0,53,12.488065883982927
uniform,79,1000,150,402,405,3,0,54,12.713533141999505
uniform,79,1000,150,402,405,3,0,55,12.928532880003331
uniform,79,1000,150,402,405,3,0,56,13.142579431005288
uniform,79,1000,150,402,405,3,0,57,13.369181521993596
uniform,79,1000,150,402,405,3,0,58,13.612990067980718
uniform,79,1000,150,402,405,3,0,59,13.859026791003998
uniform,79,1000,150,402,404,2,0,60,14.112093920994084
uniform,79,1000,150,402,404,2,0,61,14.38842211899464
uniform,79,1000,150,402,404,2,0,62,14.627923255000496
uniform,79,1000,150,402,404,2,0,63,14.857136815990089
uniform,79,1000,150,402,404,2,0,64,15.081328757980373
uniform,79,1000,150,402,404,2,0,65,15.29907510598423
uniform,79,1000,150,402,404,2,0,66,15.514714677992743
uniform,79,1000,150,402,404,2,0,67,15.732927913981257
uniform,79,1000,150,402,404,2,0,68,15.947086859989213
uniform,79,1000,150,402,404,2,0,69,16.17219875700539
uniform,79,1000,150,402,404,2,0,70,16.395557774987537
uniform,79,1000,150,402,404,2,0,71,16.631771023006877
uniform,79,1000,150,402,404,2,0,72,16.886357290000888
uniform,79,1000,150,402,404,2,0,73,17.15519136999501
uniform,79,1000,150,402,404,2,0,74,17.42614261500421
uniform,79,1000,150,402,404,2,0,75,17.659743323980365
uniform,79,1000,150,402,404,2,0,76,17.922700234979857
uniform,79,1000,150,402,404,2,0,77,18.163069967005868
uniform,79,1000,150,402,404,2,0,78,18.377757969981758
uniform,79,1000,150,402,404,2,0,79,18.602294890995836
uniform,79,1000,150,402,404,2,0,80,18.83390514200437
uniform,79,1000,150,402,404,2,0,81,19.064088204002474
uniform,79,1000,150,402,404,2,0,82,19.310775935999118
uniform,79,1000,150,402,404,2,0,83,19.53239978197962
uniform,79,1000,150,402,404,2,0,84,19.776314749993617
uniform,79,1000,150,402,404,2,0,85,20.014810764987487
uniform,79,1000,150,402,404,2,0,86,20.237698474986246
uniform,79,1000,150,402,404,2,0,87,20.45705347400508
uniform,79,1000,150,402,404,2,0,88,20.67170637700474
uniform,79,1000,150,402,404,2,0,89,20.91359163398738
uniform,79,1000,150,402,404,2,0,90,21.1362003700051
uniform,79,1000,150,402,404,2,0,91,21.359489208989544
uniform,79,1000,150,402,404,2,0,92,21.576791623985628
uniform,79,1000,150,402,404,2,0,93,21.787611085979734
uniform,79,1000,150,402,404,2,0,94,21.999840236007003
uniform,79,1000,150,402,404,2,0,95,22.221182754990878
uniform,79,1000,150,402,404,2,0,96,22.44037303898949
uniform,79,1000,150,402,404,2,0,97,22.65605054999469
uniform,79,1000,150,402,404,2,0,98,22.917556025990052
uniform,79,1000,150,402,404,2,0,99,23.138488530006725
uniform,79,1000,150,402,404,2,0,100,23.373570476978784
uniform,79,1000,150,402,404,2,0,101,23.593460996984504
uniform,79,1000,150,402,404,2,0,102,23.826085310982307
uniform,79,1000,150,402,404,2,0,103,24.034920378006063
uniform,79,1000,150,402,404,2,0,104,24.249777010001708
uniform,79,1000,150,402,404,2,0,105,24.461073654005304
uniform,79,1000,150,402,404,2,0,106,24.671717096993234
uniform,79,1000,150,402,404,2,0,107,24.887470361980377
uniform,79,1000,150,402,404,2,0,108,25.10917851998238
uniform,79,1000,150,402,404,2,0,109,25.31863911700202
uniform,79,1000,150,402,404,2,0,110,25.52754796697991
uniform,79,1000,150,402,404,2,0,111,25.738707113981945
uniform,79,1000,150,402,404,2,0,112,25.95637944099144
uniform,79,1000,150,402,404,2,0,113,26.160281738004414
uniform,79,1000,150,402,404,2,0,114,26.36913130999892
uniform,79,1000,150,402,404,2,0,115,26.585099631978665
uniform,79,1000,150,402,404,2,0,116,26.798232265980914
uniform,79,1000,150,402,404,2,0,117,27.015897421981208
uniform,79,1000,150,402,404,2,0,118,27.22437896198244
uniform,79,1000,150,402,404,2,0,119,27.43408821200137
uniform,79,1000,150,402,404,2,0,120,27.650282786984462
uniform,79,1000,150,402,404,2,0,121,27.870269690989517
uniform,79,1000,150,402,404,2,0,122,28.086287304991856
uniform,79,1000,150,402,404,2,0,123,28.319156860990915
uniform,79,1000,150,402,404,2,0,124,28.537046298995847
uniform,79,1000,150,402,404,2,0,125,28.75671615698957
uniform,79,1000,150,402,404,2,0,126,28.965128607989755
uniform,79,1000,150,402,404,2,0,127,29.17170119198272
uniform,79,1000,150,402,404,2,0,128,29.372924180992413
uniform,79,1000,150,402,404,2,0,129,29.589585554000223
uniform,79,1000,150,402,404,2,0,130,29.80950746597955
uniform,79,1000,150,402,404,2,0,131,30.01836039099726
uniform,79,1000,150,402,404,2,0,132,30.23855230398476
uniform,79,1000,150,402,404,2,0,133,30.449352655996336
uniform,79,1000,150,402,404,2,0,134,30.680382970982464
uniform,79,1000,150,402,404,2,0,135,30.924788003001595
uniform,79,1000,150,402,404,2,0,136,31.162453327997355
uniform,79,1000,150,402,404,2,0,137,31.39782833098434
uniform,79,1000,150,402,404,2,0,138,31.63327195000602
uniform,79,1000,150,402,404,2,0,139,31.843589389987756
uniform,79,1000,150,402,404,2,0,140,32.056385275005596
uniform,79,1000,150,402,404,2,0,141,32.2697087090055
uniform,79,1000,150,402,404,2,0,142,32.47658312798012
uniform,79,1000,150,402,404,2,0,143,32.685008667001966
uniform,79,1000,150,402,404,2,0,144,32.904166049003834
uniform,79,1000,150,402,404,2,0,145,33.110454537003534
uniform,79,1000,150,402,404,2,0,146,33.35840689498582
uniform,79,1000,150,402,404,2,0,147,33.65281940298155
uniform,79,1000,150,402,404,2,0,148,33.93766955900355
uniform,79,1000,150,402,404,2,0,149,34.2013756929955
uniform,79,1000,150,402,404,2,0,150,34.43847152698436
uniform,79,1000,150,402,404,2,0,151,34.667681681981776
uniform,79,1000,150,402,404,2,0,152,34.922147567005595
uniform,79,1000,150,402,404,2,0,153,35.14793464599643
uniform,79,1000,150,402,404,2,0,154,35.36371183098527
uniform,79,1000,150,402,404,2,0,155,35.57993128299131
uniform,79,1000,150,402,404,2,0,156,35.78795974800596
uniform,79,1000,150,402,404,2,0,157,36.00257858200348
uniform,79,1000,150,402,404,2,0,158,36.21799427998485
uniform,79,1000,150,402,404,2,0,159,36.4449980710051
uniform,79,1000,150,402,404,2,0,160,36.65044926397968
uniform,79,1000,150,402,404,2,0,161,36.86178904300323
uniform,79,1000,150,402,404,2,0,162,37.07092903598095
uniform,79,1000,150,402,404,2,0,163,37.275911578995874
uniform,79,1000,150,402,404,2,0,164,37.5078733190021
uniform,79,1000,150,402,404,2,0,165,37.71881877898704
uniform,79,1000,150,402,404,2,0,166,37.936918071995024
uniform,79,1000,150,402,404,2,0,167,38.14283332100604
uniform,79,1000,150,402,404,2,0,168,38.366866038995795
uniform,79,1000,150,402,404,2,0,169,38.60609039699193
uniform,79,1000,150,402,404,2,0,170,38.816230144002475
uniform,79,1000,150,402,404,2,0,171,39.02643800099031
uniform,79,1000,150,402,404,2,0,172,39.23478181898827
uniform,79,1000,150,402,404,2,0,173,39.45636892999755
uniform,79,1000,150,402,404,2,0,174,39.67631546998746
uniform,79,1000,150,402,404,2,0,175,39.909729471983155
uniform,79,1000,150,402,404,2,0,176,40.14627562998794
uniform,79,1000,150,402,404,2,0,177,40.35247384800459
uniform,79,1000,150,402,404,2,0,178,40.55798563998542
uniform,79,1000,150,402,404,2,0,179,40.78730297999573
uniform,79,1000,150,402,404,2,0,180,41.00221607898129
uniform,79,1000,150,402,404,2,0,181,41.22633627799223
uniform,79,1000,150,402,404,2,0,182,41.437479104002705
uniform,79,1000,150,402,404,2,0,183,41.645633460982936
uniform,79,1000,150,402,404,2,0,184,41.880453902005684
uniform,79,1000,150,402,404,2,0,185,42.131704166997224
uniform,79,1000,150,402,404,2,0,186,42.42309182099416
uniform,79,1000,150,402,404,2,0,187,42.6504344449786
uniform,79,1000,150,402,404,2,0,188,42.868579589994624
uniform,79,1000,150,402,404,2,0,189,43.0848176269792
uniform,79,1000,150,402,404,2,0,190,43.303379731980385
uniform,79,1000,150,402,404,2,0,191,43.59155015798751
uniform,79,1000,150,402,404,2,0,192,43.8255091199826
uniform,79,1000,150,402,404,2,0,193,44.05361480099964
uniform,79,1000,150,402,404,2,0,194,44.27198611400672
uniform,79,1000,150,402,404,2,0,195,44.4942975549784
uniform,79,1000,150,402,404,2,0,196,44.704396588000236
uniform,79,1000,150,402,404,2,0,197,44.9230925150041
uniform,79,1000,150,402,404,2,0,198,45.168440079985885
uniform,79,1000,150,402,404,2,0,199,45.397252414986724
uniform,79,1000,150,402,404,2,0,200,45.622652466001455
uniform,79,1000,150,402,404,2,0,201,45.839077718992485
uniform,79,1000,150,402,404,2,0,202,46.05220092300442
uniform,79,1000,150,402,404,2,0,203,46.25933705898933
uniform,79,1000,150,402,404,2,0,204,46.47543573399889
uniform,79,1000,150,402,404,2,0,205,46.695564306981396
uniform,79,1000,150,402,404,2,0,206,46.90897632398992
uniform,79,1000,150,402,404,2,0,207,47.12838467099937
uniform,79,1000,150,402,404,2,0,208,47.353363976988476
uniform,79,1000,150,402,404,2,0,209,47.57858200700139
uniform,79,1000,150,402,404,2,0,210,47.81019957998069
uniform,79,1000,150,402,404,2,0,211,48.02532046099077
uniform,79,1000,150,402,404,2,0,212,48.248234080005204
uniform,79,1000,150,402,404,2,0,213,48.45948804798536
uniform,79,1000,150,402,404,2,0,214,48.67607540698373
uniform,79,1000,150,402,404,2,0,215,48.8950025139784
uniform,79,1000,150,402,404,2,0,216,49.12098431299091
uniform,79,1000,150,402,404,2,0,217,49.38821368999197
uniform,79,1000,150,402,404,2,0,218,49.61803351898561
uniform,79,1000,150,402,404,2,0,219,49.82708935000119
uniform,79,1000,150,402,404,2,0,220,50.042660737002734
uniform,79,1000,150,402,404,2,0,221,50.25063231299282
uniform,79,1000,150,402,404,2,0,222,50.45923296798719
uniform,79,1000,150,402,404,2,0,223,50.729338435980026
uniform,79,1000,150,402,404,2,0,224,50.95063788400148
uniform,79,1000,150,402,404,2,0,225,51.23328121798113
uniform,79,1000,150,402,404,2,0,226,51.45778109799721
uniform,79,1000,150,402,404,2,0,227,51.70756999499281
uniform,79,1000,150,402,403,1,0,228,51.92432521400042
uniform,79,1000,150,402,403,1,0,229,52.12899533897871
uniform,79,1000,150,402,403,1,0,230,52.33612836600514
uniform,79,1000,150,402,403,1,0,231,52.54908897599671
uniform,79,1000,150,402,403,1,0,232,52.75313133597956
uniform,79,1000,150,402,403,1,0,233,52.95814305098611
uniform,79,1000,150,402,403,1,0,234,53.16466599897831
uniform,79,1000,150,402,403,1,0,235,53.37152893800521
uniform,79,1000,150,402,403,1,0,236,53.576024217996746
uniform,79,1000,150,402,403,1,0,237,53.79831358298543
uniform,79,1000,150,402,403,1,0,238,54.03009669200401
uniform,79,1000,150,402,403,1,0,239,54.24481641899911
uniform,79,1000,150,402,403,1,0,240,54.47327902397956
uniform,79,1000,150,402,403,1,0,241,54.68588573799934
uniform,79,1000,150,402,403,1,0,242,54.915250747988466
uniform,79,1000,150,402,403,1,0,243,55.132272791990545
uniform,79,1000,150,402,403,1,0,244,55.34724928799551
uniform,79,1000,150,402,403,1,0,245,55.551930482004536
uniform,79,1000,150,402,403,1,0,246,55.77903857498313
uniform,79,1000,150,402,403,1,0,247,55.98394346400164
uniform,79,1000,150,402,403,1,0,248,56.18823497800622
uniform,79,1000,150,402,403,1,0,249,56.40366163800354
uniform,79,1000,150,402,403,1,0,250,56.6106342409912
uniform,79,1000,150,402,403,1,0,251,56.81531625898788
uniform,79,1000,150,402,403,1,0,252,57.01954494600068
uniform,79,1000,150,402,403,1,0,253,57.22591671498958
uniform,79,1000,150,402,403,1,0,254,57.50880949400016
uniform,79,1000,150,402,403,1,0,255,57.726361126988195
uniform,79,1000,150,402,403,1,0,256,57.941824366978835
uniform,79,1000,150,402,403,1,0,257,58.15516478498466
uniform,79,1000,150,402,403,1,0,258,58.360256230982486
uniform,79,1000,150,402,403,1,0,259,58.56292147800559
uniform,79,1000,150,402,403,1,0,260,58.778970262996154
uniform,79,1000,150,402,403,1,0,261,59.02552146598464
uniform,79,1000,150,402,403,1,0,262,59.23525270799291
uniform,79,1000,150,402,403,1,0,263,59.44351773097878
uniform,79,1000,150,402,403,1,0,264,59.64577426298638
uniform,79,1000,150,402,403,1,0,265,59.85384500399232
uniform,79,1000,150,402,403,1,0,266,60.08153653299087
uniform,79,1000,150,402,403,1,0,267,60.30916852498194
uniform,79,1000,150,402,403,1,0,268,60.550761810998665
uniform,79,1000,150,402,403,1,0,269,60.766940361994784
uniform,79,1000,150,402,403,1,0,270,60.985548452998046
uniform,79,1000,150,402,403,1,0,271,61.191641618992435
uniform,79,1000,150,402,403,1,0,272,61.40785516498727
uniform,79,1000,150,402,403,1,0,273,61.61294816498412
uniform,79,1000,150,402,403,1,0,274,61.821040712995455
uniform,79,1000,150,402,403,1,0,275,62.03603574598674
uniform,79,1000,150,402,403,1,0,276,62.24298092498793
uniform,79,1000,150,402,403,1,0,277,62.465112828998826
uniform,79,1000,150,402,403,1,0,278,62.67871299898252
uniform,79,1000,150,402,403,1,0,279,62.89582471898757
uniform,79,1000,150,402,403,1,0,280,63.1233110280009
uniform,79,1000,150,402,403,1,0,281,63.334196694981074
uniform,79,1000,150,402,403,1,0,282,63.541362930001924
uniform,79,1000,150,402,403,1,0,283,63.80808306898689
uniform,79,1000,150,402,403,1,0,284,64.0195318099868
uniform,79,1000,150,402,403,1,0,285,64.22674023898435
uniform,79,1000,150,402,403,1,0,286,64.4444887409918
uniform,79,1000,150,402,403,1,0,287,64.66771742599667
uniform,79,1000,150,402,403,1,0,288,64.89078259500093
uniform,79,1000,150,402,403,1,0,289,65.12137418499333
uniform,79,1000,150,402,403,1,0,290,65.36436647298979
uniform,79,1000,150,402,403,1,0,291,65.6048413660028
uniform,79,1000,150,402,403,1,0,292,65.83888814499369
uniform,79,1000,150,402,403,1,0,293,66.09970571499434
uniform,79,1000,150,402,403,1,0,294,66.35875126600149
uniform,79,1000,150,402,403,1,0,295,66.61701871399418
uniform,79,1000,150,402,403,1,0,296,66.85751855900162
uniform,79,1000,150,402,403,1,0,297,67.08449276399915
uniform,79,1000,150,402,403,1,0,298,67.36532024198095
uniform,79,1000,150,402,403,1,0,299,67.60409840598004
uniform,79,1000,150,402,403,1,0,300,67.84803224998177
uniform,79,1000,150,402,403,1,0,301,68.08421851700405
uniform,79,1000,150,402,403,1,0,302,68.34527520500706
uniform,79,1000,150,402,403,1,0,303,68.63035352498991
uniform,79,1000,150,402,403,1,0,304,68.85889911698177
uniform,79,1000,150,402,403,1,0,305,69.10100348299602
uniform,79,1000,150,402,403,1,0,306,69.34438719798345
uniform,79,1000,150,402,403,1,0,307,69.61128911798005
uniform,79,1000,150,402,403,1,0,308,69.85227983398363
uniform,79,1000,150,402,403,1,0,309,70.08080755898845
uniform,79,1000,150,402,403,1,0,310,70.3388740280061
uniform,79,1000,150,402,403,1,0,311,70.59268492498086
uniform,79,1000,150,402,403,1,0,312,70.82324982999125
uniform,79,1000,150,402,403,1,0,313,71.0618046229938
uniform,79,1000,150,402,403,1,0,314,71.28854502900504
uniform,79,1000,150,402,403,1,0,315,71.53079254599288
uniform,79,1000,150,402,403,1,0,316,71.76945670499117
uniform,79,1000,150,402,403,1,0,317,72.0051154109824
uniform,79,1000,150,402,403,1,0,318,72.22421550398576
uniform,79,1000,150,402,403,1,0,319,72.4968226889905
uniform,79,1000,150,402,403,1,0,320,72.7849099439918
uniform,79,1000,150,402,403,1,0,321,73.01373286999296
uniform,79,1000,150,402,403,1,0,322,73.22828241399839
uniform,79,1000,150,402,403,1,0,323,73.43480260900105
uniform,79,1000,150,402,403,1,0,324,73.68915825299337
uniform,79,1000,150,402,403,1,0,325,73.92239089598297
uniform,79,1000,150,402,403,1,0,326,74.14606737298891
uniform,79,1000,150,402,403,1,0,327,74.36151349599822
uniform,79,1000,150,402,403,1,0,328,74.5910905689816
uniform,79,1000,150,402,403,1,0,329,74.84735548400204
uniform,79,1000,150,402,403,1,0,330,75.08356711998931
uniform,79,1000,150,402,403,1,0,331,75.33197988799657
uniform,79,1000,150,402,403,1,0,332,75.58387449398288
uniform,79,1000,150,402,403,1,0,333,75.84319451099145
uniform,79,1000,150,402,403,1,0,334,76.07838754498516
uniform,79,1000,150,402,403,1,0,335,76.30042973300442
uniform,79,1000,150,402,403,1,0,336,76.52792827098165
uniform,79,1000,150,402,403,1,0,337,76.77691862100619
uniform,79,1000,150,402,403,1,0,338,76.99054587699356
uniform,79,1000,150,402,403,1,0,339,77.21682430899818
uniform,79,1000,150,402,403,1,0,340,77.43567920799251
uniform,79,1000,150,402,403,1,0,341,77.68637936099549
uniform,79,1000,150,402,403,1,0,342,77.91160672099795
uniform,79,1000,150,402,403,1,0,343,78.11708234899561
uniform,79,1000,150,402,403,1,0,344,78.31807723798556
uniform,79,1000,150,402,403,1,0,345,78.5555902599881
uniform,79,1000,150,402,403,1,0,346,78.76821691798978
uniform,79,1000,150,402,403,1,0,347,78.9731134979811
uniform,79,1000,150,402,403,1,0,348,79.17894000999513
uniform,79,1000,150,402,403,1,0,349,79.39319301900105
uniform,79,1000,150,402,403,1,0,350,79.58935048000421
uniform,79,1000,150,402,403,1,0,351,79.79289970299578
uniform,79,1000,150,402,403,1,0,352,79.99565543199424
uniform,79,1000,150,402,403,1,0,353,80.19567196597927
uniform,79,1000,150,402,403,1,0,354,80.40364323699032
uniform,79,1000,150,402,403,1,0,355,80.6036556350009
uniform,79,1000,150,402,403,1,0,356,80.82498685398605
uniform,79,1000,150,402,403,1,0,357,81.026400696981
uniform,79,1000,150,402,403,1,0,358,81.24366950700642
uniform,79,1000,150,402,403,1,0,359,81.46410652800114
uniform,79,1000,150,402,403,1,0,360,81.6683533359901
uniform,79,1000,150,402,403,1,0,361,81.90505686198594
uniform,79,1000,150,402,403,1,0,362,82.11257097998168
uniform,79,1000,150,402,403,1,0,363,82.33565638298751
uniform,79,1000,150,402,403,1,0,364,82.5413236769964
uniform,79,1000,150,402,403,1,0,365,82.75841882100212
uniform,79,1000,150,402,403,1,0,366,82.95967461299733
uniform,79,1000,150,402,403,1,0,367,83.16909504600335
uniform,79,1000,150,402,403,1,0,368,83.39212582699838
uniform,79,1000,150,402,403,1,0,369,83.59486126198317
uniform,79,1000,150,402,403,1,0,370,83.79220083498512
uniform,79,1000,150,402,403,1,0,371,83.9999475730001
uniform,79,1000,150,402,403,1,0,372,84.20067197299795
uniform,79,1000,150,402,403,1,0,373,84.42779027900542
uniform,79,1000,150,402,403,1,0,374,84.64082046199474
uniform,79,1000,150,402,403,1,0,375,84.83607940198272
uniform,79,1000,150,402,403,1,0,376,85.0489104219887
uniform,79,1000,150,402,403,1,0,377,85.25510810597916
uniform,79,1000,150,402,403,1,0,378,85.52617424199707
uniform,79,1000,150,402,403,1,0,379,85.75857498598634
uniform,79,1000,150,402,403,1,0,380,85.97539811398019
uniform,79,1000,150,402,403,1,0,381,86.19179969199467
uniform,79,1000,150,402,403,1,0,382,86.39775988599285
uniform,79,1000,150,402,403,1,0,383,86.657349074987
uniform,79,1000,150,402,403,1,0,384,86.92347627098206
uniform,79,1000,150,402,403,1,0,385,87.15369383999496
uniform,79,1000,150,402,403,1,0,386,87.701200659998
uniform,79,1000,150,402,403,1,0,387,87.98545080400072
uniform,79,1000,150,402,403,1,0,388,88.22327862598468
uniform,79,1000,150,402,403,1,0,389,88.60871560499072
uniform,79,1000,150,402,403,1,0,390,88.97590568099986
uniform,79,1000,150,402,403,1,0,391,89.22895622998476
uniform,79,1000,150,402,403,1,0,392,89.46507498098072
uniform,79,1000,150,402,403,1,0,393,89.68729479899048
uniform,79,1000,150,402,403,1,0,394,89.91473615699215
uniform,79,1000,150,402,403,1,0,395,90.13119887799257
uniform,79,1000,150,402,403,1,0,396,90.34795992498402
uniform,79,1000,150,402,403,1,0,397,90.5761985629797
uniform,79,1000,150,402,403,1,0,398,90.78581381597905
uniform,79,1000,150,402,403,1,0,399,90.99040664298809
uniform,79,1000,150,402,403,1,0,400,91.20228734100237
uniform,79,1000,150,402,403,1,0,401,91.42699437498231
uniform,79,1000,150,402,403,1,0,402,91.62977474500076
uniform,79,1000,150,402,403,1,0,403,91.86604051798349
uniform,79,1000,150,402,403,1,0,404,92.06622574900393
uniform,79,1000,150,402,403,1,0,405,92.30207343498478
uniform,79,1000,150,402,403,1,0,406,92.5177441049891
uniform,79,1000,150,402,403,1,0,407,92.7480498359946
uniform,79,1000,150,402,403,1,0,408,92.98091657398618
uniform,79,1000,150,402,403,1,0,409,93.19459544500569
uniform,79,1000,150,402,403,1,0,410,93.39552991400706
uniform,79,1000,150,402,403,1,0,411,93.5911277619889
uniform,79,1000,150,402,403,1,0,412,93.83843911997974
uniform,79,1000,150,402,403,1,0,413,94.04751391100581
uniform,79,1000,150,402,403,1,0,414,94.25284559099237
uniform,79,1000,150,402,403,1,0,415,94.45545372599736
uniform,79,1000,150,402,403,1,0,416,94.65896795899607
uniform,79,1000,150,402,403,1,0,417,94.86893791900366
uniform,79,1000,150,402,403,1,0,418,95.09175164598855
uniform,79,1000,150,402,403,1,0,419,95.33259010099573
uniform,79,1000,150,402,402,0,1,420,95.52631098899292
